IGHG4,0.15971396813599747
IGKV1-33,0.1195163229628623
RP11-270B14.1,0.11476812969889187
RP11-208G20.2,0.1026869343555816
RP11-1166P10.8,0.09752937380492958
IGHE,0.08824552425061138
IGHG3,0.08704797874397215
IGHV1-18,0.07928509088706297
TNRC18P2,0.07819353047625617
RP11-613E4.5,0.07490590660256474
RP11-413B19.2,0.06711017894310907
IGHV1-69-2,0.06406889401793349
RN7SKP209,0.06256676958534337
IGKV3-11,0.06243038354990806
CTD-2291D10.3,0.06222909136442024
RP11-542M13.2,0.06008378626306402
IGLV9-49,0.058083989288905624
IGHV3-48,0.0566738061360647
RP11-496I9.1,0.05553898256274973
IGKV3D-20,0.055517298476934096
IGKV1-6,0.05392229709808001
CTC-304I17.4,0.05358435279602521
IGHJ3P,0.05343083981617051
MTND1P20,0.052909401291916534
IGHV4-34,0.05237261827890804
CRYBB2,0.048453764659309576
IGLV6-57,0.04796750678801659
KLHL6-AS1,0.04602928461802444
RP11-670N15.1,0.04527563363131515
TRDJ2,0.045052742917194175
RP11-167N24.5,0.044629750245616676
RN7SL561P,0.04439037027543178
NR1H5P,0.04397204190836323
FECHP1,0.04315860738687829
KRT18P48,0.04301484579358322
MIR3128,0.041561252990115725
RP11-807H22.6,0.039513063838497245
snoZ6,0.039227334403260164
ERVFRD-1,0.03890429926867593
MIR4505,0.03701981565639286
SNORA16B,0.0370112457375945
RP11-66N11.6,0.03587742956882984
IGLV2-14,0.035861565658646836
LINC01206,0.0351827442881245
IGHV3-15,0.034799681432668116
MRPS36P4,0.03459296610106078
RP3-395M20.7,0.03455286510168162
GAS6-AS1,0.034307927401924225
CTD-2376I20.1,0.03361096431501842
RP11-420H19.2,0.033339480833789986
RP11-17E4.1,0.03326764862345209
RPS24P1,0.032860481818367725
RP5-1154L15.2,0.03167932888622294
IGHV3-23,0.03161671699022467
IGKV1-5,0.03109176408042982
RP11-558A11.2,0.030917185698864407
CTD-2503I6.1,0.030866303353494533
RP11-49K4.2,0.0308433138379725
AC092431.3,0.030842004609376493
AC002044.3,0.03075171438815939
KIAA1024L,0.030685193826155116
IGLV3-10,0.030624436737389252
LL0XNC01-177E8.2,0.030557121327789528
RN7SL130P,0.030444197320663183
RP11-68E19.1,0.030191239858134048
AGAP12P,0.030109189721929802
RCC2P7,0.0300934966321061
CTB-52I2.3,0.030041457840740658
RP11-246A10.1,0.02992009888716395
SNORD116-18,0.029665577383208536
RNU6-571P,0.02942752399531055
YWHAQP5,0.029294288966903025
IGKV2D-24,0.0292132425984183
SNORA33,0.029058512938350226
RP11-848P1.3,0.02895870577822748
MIR4324,0.028708923214461547
AF127936.5,0.028669514976478398
RP11-500G10.5,0.028568023874269374
MST1P2,0.028567235313461982
RP11-187C18.4,0.028562778692076008
RP11-789C2.1,0.02826957174458383
MTCO3P38,0.028255022141767335
MIR3145,0.028158704888716753
AL590235.1,0.028007777588789355
RP11-611O2.1,0.027987251642113666
RN7SL719P,0.02764338807728125
AK3P5,0.027613906736460057
RP1-90J4.3,0.02755800912146917
RP11-240D10.4,0.027551556478680753
RP11-22L13.1,0.027491197648119487
LINC01054,0.027356521772499823
FRMPD4-AS1,0.027345591444653917
IGHV7-81,0.02733190073408703
LINC01449,0.027269948824374154
RP11-481F24.3,0.027224316051723603
TNF,0.02719556159612574
IGLV5-37,0.027161511158370604
IGKV2-18,0.026974532215461706
CD2,0.026846786521704757
IGKV3D-11,0.026695944865198943
RP11-2H8.3,0.02661754538512672
RP4-607I7.1,0.02659060817630051
RNA5SP474,0.026564841236741105
IGKV6D-21,0.026564543996087178
RP11-118M12.2,0.026432799576316297
RP11-216N14.5,0.026366708296748764
RP11-1228E12.2,0.026292865433348297
RP11-552F3.4,0.026272342790717447
RP11-451H23.1,0.02611809539415655
RP11-324J13.3,0.025889377165609063
IGKV3-20,0.02584282886895566
RP11-772C9.1,0.025837230284583033
MTCO3P8,0.025753577985202527
RP11-255H23.5,0.025576974604228916
LA16c-390H2.4,0.025576770333791046
CD5,0.0255084545844118
Metazoa_SRP,0.025244489602032426
CTB-111F10.1,0.025118548191840197
CTD-2213F21.4,0.025102028622238974
MIR4450,0.02494199445504797
FAM30A,0.02494115871051583
RP5-875O13.1,0.02492836728943091
RP11-304L19.4,0.024893930781767933
RP11-47L3.1,0.024838995267866443
CTC-550B14.6,0.024835655671258314
RP11-66H6.4,0.024728956516386076
RP11-39H3.2,0.024548560263173504
PQLC1P1,0.024459665766505462
RP11-227D13.4,0.024401559175328876
TRBV11-1,0.024295250782699594
TACC1P1,0.024244181238112318
TMEM86A,0.02422661251500088
STUM,0.024045906732464085
LINC00854,0.02404018186319619
RP11-434C1.5,0.024038902857144502
RN7SKP38,0.02403181051300616
RP4-613B23.1,0.023928220569885687
AC009133.17,0.023918994249858307
IGHV2-70,0.023903794470487797
CTD-2135J3.4,0.02389384919263917
CTD-2104P17.2,0.023866264595187387
MIR3142HG,0.023849357137608336
RP11-1191J2.4,0.02382384548263954
RP11-6N17.2,0.02381232134809175
RP11-456O19.3,0.023673133894730348
RP11-342M21.2,0.02361471197048937
RP11-284F21.7,0.02358125597368277
RP11-798G7.5,0.02357410575044743
IFNL1,0.023548560800470315
KRT18P64,0.023514598682609484
IGHG2,0.023460324657617437
IGHV3-22,0.02340955659699796
TRGJP2,0.02328700870264562
RP11-352D13.6,0.023284654732042935
STX16-NPEPL1,0.023261084621397976
IGHV3OR16-9,0.023233598140641628
RP11-571F15.2,0.02320249806054713
RN7SL138P,0.023185297905136938
TTTY10,0.02314570181007427
RNU6-1010P,0.02308377184427863
RP11-403B2.10,0.022992553761015506
GTF2IP5,0.02290378027190108
AC106801.1,0.022896200144761514
RP4-575N6.4,0.022878289669238935
HERC2P7,0.022856502806356156
RP11-989F5.1,0.022849663274029257
FALEC,0.02281947773074375
Y_RNA,0.0228116100416683
MPEG1,0.02266885610300706
LINC01298,0.022656692927611077
RNY1P11,0.02262330190721693
RP11-2H8.4,0.022602289338824647
RP11-260O18.1,0.022600186855349355
RN7SL760P,0.02252647438159175
RP11-384P7.5,0.022469055444474594
RNU6-584P,0.022467692305160047
IGLV7-46,0.02245167518593487
KLF13,0.022427698036231302
RP1-258N20.3,0.022426259741569858
DNTT,0.022335064778747978
TRBV7-7,0.022279585923351327
TRIM27,0.022231221082526967
RP11-855A2.3,0.022184232023656693
SUMO2P19,0.02216453060214404
ZBED2,0.022082384138508843
VAV1,0.022070483854229196
TRGV3,0.022048345951979444
LINC00384,0.022029533874043907
XXYLT1-AS2,0.0220165335891792
HEATR9,0.021873038320605203
IGKV2-24,0.021755785230255995
RP11-297C4.2,0.02171997729432663
C20orf197,0.02171719898766847
RP5-857K21.15,0.021676504231001717
RP11-27M5.1,0.021629960079043328
AC005014.5,0.021577405061398935
RPL7L1P3,0.021543084873315313
MIR3908,0.021534814370886668
RP11-1057B6.1,0.021526588268886954
BIN2,0.021489623636355096
CTD-2353N24.1,0.021478613121470248
RP11-494O16.3,0.021354824196158424
RNU6-1055P,0.02128394289988143
RP11-545P7.9,0.02122537875242487
IGBP1-AS2,0.02117289861484704
AP000692.9,0.021159322299690895
NANOGP4,0.021134960561370295
MT-ATP8,0.021033376313998473
RP11-328P23.2,0.021024323315326048
RP11-665C14.1,0.021007443305552247
SNORD114-30,0.02089079961082486
RP11-467L19.8,0.020838971956516492
CD40LG,0.020823158169810254
CXCR3,0.020797766756045697
RP11-495P10.4,0.020778783266917674
CLEC9A,0.020773424222058405
MIR593,0.020735086397411888
Y_RNA,0.020678478006272327
RNU6-890P,0.02065451160195328
LRRC45,0.020651216082173268
SPEN,0.02063239543492439
UBE2Q2L,0.020513878801421585
RNA5SP441,0.02043501480078714
TRAV8-1,0.02041640277876793
RP11-72L22.1,0.020383559902422806
TMEM229A,0.02034423597696856
CTB-139P11.2,0.020322938832234932
AC073109.2,0.020290028011316692
OR2B6,0.020262988547597678
HIF1A-AS1,0.020249752436115247
IGKV1-27,0.020195816969221635
SELPLG,0.020145997301575205
SEPHS1P1,0.02013371436675285
MIR6772,0.020120837120726244
SLFN14,0.0200851507122062
CTD-2349P21.11,0.0200535620938039
RNU6-850P,0.020038906100409554
RP13-991F5.2,0.020029558171255436
RP1-137K24.1,0.020020766516286426
RP11-342M1.3,0.020000790064687267
MIR3685,0.0199298848991787
RNA5SP111,0.01986093824292297
MZF1,0.01985472306543775
RP11-731F5.1,0.019854035588123032
RP11-364L4.3,0.019818643278137777
SNORD99,0.019816995765086404
ZNF770,0.019779167398513098
RP11-37N22.1,0.019732364609987983
IGLL5,0.019722397701834003
LINC00937,0.019714410912450978
RP5-902P8.10,0.019673402924742022
ZNF316,0.01966937144730705
OR2B7P,0.01964841571531091
RN7SL689P,0.01963842462715481
AC092839.4,0.019632087024016878
MBD3L1,0.01961093866389265
RP11-558A11.1,0.01960828440319031
RP11-159D12.8,0.019606984291653688
AC008088.4,0.01959466126806613
CTSS,0.019593043139050047
RP11-664H17.1,0.019583575635525118
TTLL13P,0.019578014777723904
RP4-697K14.3,0.019575464600272104
RP11-20B24.6,0.019568647633129172
RP11-527L4.9,0.019508334522538355
AKAP17A,0.019470055946292853
CCL4L2,0.01945269141659134
BACE1-AS,0.01942351331201779
RP11-553L6.2,0.019406455304847355
RP11-761I4.5,0.019375693288339
LINC00967,0.019318246284646623
MTCO1P8,0.01928609817964356
DLSTP1,0.019257513114493523
TIAF1,0.019229931921950695
TRGV7,0.019215112525292243
DCUN1D2-AS,0.019203047912083954
GPR63,0.019158961648561644
IGLC7,0.019043793389931937
APOC4,0.019036473953560874
ZNF860,0.019015381697756618
CBLN3,0.018984481469087308
RP5-1116H23.4,0.018980260797243548
GIF,0.018959730966902257
RNU6-61P,0.018955766651532705
RP5-1024N4.5,0.01895242198251298
CASC23,0.018950748818538976
CTD-2008P7.10,0.018936142857163517
AC009518.8,0.01893412781311369
IGKV3-7,0.01892829109044324
SLC40A1,0.018907963766861866
AC004510.3,0.018898993351651083
LY6G6D,0.018894984111274816
RP11-392P7.7,0.018892387270545145
CPLX3,0.018855506588116116
IGHG1,0.01881766479041747
TRBV7-9,0.018811926360237805
RPS3AP24,0.01879124087293519
RP11-731J8.2,0.018749980550903746
AC007193.10,0.018740288143101486
RP1-78O14.1,0.01871928137729761
U3,0.018709983327579706
NUBP1,0.01870662621168132
DNAJC19P5,0.018698827075568462
Y_RNA,0.018667378636328856
RP11-94C24.8,0.01859176377587064
RP11-613E4.4,0.018562545761615513
ARHGAP22-IT1,0.018534740109569195
IGLCOR22-1,0.018511353130449246
NAT10,0.018510359414291685
RP11-469N6.1,0.01847606266069972
LINC01362,0.01846853699043395
MIR26B,0.018461307649234093
PIGN,0.018459316984500474
AC017028.1,0.018449216460179056
BSNDP1,0.018412683114077334
RP11-352D13.5,0.01840244677224199
MIR6763,0.01839154886279188
RP11-455F5.5,0.01838853836183058
CTD-2384A14.1,0.018364345673528015
LINC00907,0.018360122043246878
RP11-285A1.1,0.018353024964244128
TLR12P,0.018352122709094473
AP006621.5,0.01834220285871947
LRRC58,0.018317513175040618
TEX38,0.018317482047648374
RP11-102G14.1,0.018299570438042673
RP11-298I3.4,0.018294928395328727
TNFAIP8L2,0.01828235731155508
CTD-2035E11.5,0.018262339891068385
CTC-308K20.1,0.01822758043597292
RP11-334C17.5,0.018215219790063467
RP11-345J4.6,0.018183701506248453
RP11-43P8.2,0.01812923986257146
CDK8P2,0.018084293851240833
RP1-92O14.6,0.018078729048083025
HGH1,0.01807193723264386
ZNF385D-AS1,0.018035534151099573
SNORA35,0.01801525842067991
CTD-3222D19.12,0.01795955830562293
OR1B1,0.017958742205746163
Metazoa_SRP,0.017941006257222124
LINC00899,0.01793161168289832
CLYBL-AS1,0.01792676526771073
KRT18P5,0.01791585293773889
LINC01507,0.017896168962531607
CTD-2192J16.11,0.017878950678079625
RP5-1061H20.4,0.017865143209420006
RP11-174N3.4,0.017807454063358527
PSMD5-AS1,0.017802795708770188
RP11-382D8.5,0.017800914624201653
RP4-781K5.9,0.01776294806774615
RP11-355I22.5,0.017751274852257887
ASIC3,0.01774167248927387
FRMD6-AS1,0.017698921146971566
RP11-461M2.2,0.01768696862777798
RP11-53B2.2,0.0176519052268592
RP4-562J12.1,0.017651210066813822
GOLIM4,0.01764700761774188
SEC13P1,0.01764605982987655
CDS1,0.017639905847856793
RP11-723O4.9,0.017635325475547557
IGHV3OR16-13,0.017634333747493253
SMCO4,0.017627633538344224
KIR3DL3,0.01759979009623349
Metazoa_SRP,0.017597805633133373
RP11-379H18.1,0.017593261778829195
Y_RNA,0.017528720082149115
CTB-131B5.5,0.017479135853795486
MFSD6L,0.017464915833432036
AC007038.7,0.017443089404018616
IGHV3-21,0.017439928016867542
XXbac-BPG252P9.9,0.017435179474921833
RN7SKP269,0.01742753253617498
GVINP1,0.01734869029603206
RP11-566K11.5,0.017342873284761407
HIST1H2BJ,0.01731394289266397
XYLB,0.017305828028139864
PCDHB17P,0.0173014513427435
CTC-492K19.4,0.01728589611631511
LGMNP1,0.01728074613028661
CTC-265F19.3,0.017274540217684868
CTA-305I2.1,0.017267441632005068
UXT-AS1,0.017249067050255182
GPR31,0.017235929278654163
OR7E62P,0.017231312361672916
C1orf229,0.01718703225326172
RP3-523C21.3,0.01717207066533682
RP11-285G1.2,0.01715638830122883
ANLN,0.017155854052692397
EEF1DP7,0.017152250683128128
NOC2L,0.01714652760605437
ZNF585A,0.017141285718011292
MIR4312,0.017136410211867393
LINC00552,0.017134661427211997
RP11-519C12.1,0.017122997765340726
snoU2-30,0.01712292650390948
uc_338,0.017105684099619236
RP11-194N12.2,0.01705413021987972
USP12PX,0.017024978459494886
RP11-433J20.1,0.01702331671205908
RP11-37B2.1,0.01700334968595621
ASCL4,0.016989339386807276
SNORD19B,0.01698875069251865
Metazoa_SRP,0.016968853744837246
CTB-129P6.11,0.016964539793218446
ZGLP1,0.016961282486737467
FAM46C,0.016954342205399178
PDLIM1P4,0.01694601580590811
RP11-276H1.3,0.0169422776135165
MISP3,0.01690583445017533
RP11-153K11.3,0.016899252027294604
PABPC1P11,0.016896217192829507
MIR5194,0.016881156752384826
ARX,0.01686697084166342
Metazoa_SRP,0.016833103064260682
RPL10P17,0.016811184043017444
HMGN3-AS1,0.01680840430345497
SPNS3,0.016806465197640823
RP5-899E9.1,0.01680287452761956
RP11-287D1.2,0.01678408528741027
TCL1A,0.01675087916396283
CCL4,0.016750686935170962
RP11-83N9.6,0.016718652487890305
RP11-429A20.3,0.016717319749721665
RNU6ATAC36P,0.01670727988445538
AC093495.4,0.01669082444782944
LYST-AS1,0.016690541891844397
CTD-2291D10.2,0.016654449045206
ZNF865,0.016646942354132725
CTC-378H22.1,0.016646321215616305
RP11-74C1.4,0.016638636898470262
MME-AS1,0.016634911768231207
APOC1P1,0.01663358511491329
SCARNA4,0.016625293380736716
CTD-2337A12.1,0.016622216438534967
CXorf40B,0.01661492740940379
NHLH1,0.01657191020912418
MIR4296,0.01657034950922337
AL049794.1,0.01655777701476066
RPL7L1P8,0.016543930568180227
RP11-299J5.1,0.01652055822979066
RP11-164P12.3,0.016503707973131613
AC012314.19,0.016485773255497355
RP11-353M9.1,0.01648305249724085
RP11-357G3.2,0.016478359330619374
CH17-340M24.3,0.016468116240448506
ENTPD8,0.016462982775951325
AC027601.1,0.016452021464745264
CCDC87,0.01644738814002806
RP4-584D14.6,0.01643700708319725
BORCS7-ASMT,0.016416520287325518
STAC,0.016416383665944896
IGHV3-49,0.016415525331583934
MIR3164,0.01639911479370643
HAO1,0.016380254447071075
RP11-4B16.4,0.01637439210767912
RP11-151A6.6,0.016373376942903122
CNOT10-AS1,0.016373356057355726
RP11-33B1.4,0.016370430140620423
NDUFA4L2,0.01636885271558617
CTC-425O23.2,0.01636527860062561
HCG24,0.01634731484914472
MT1DP,0.016336673180044548
RP11-177C12.1,0.01633306966598658
U3,0.016332148411032317
ZNF346-IT1,0.016329787788147525
IGLC3,0.01632733473990269
SIRPB3P,0.016324633307768854
LINC00656,0.016299829601618455
MKNK1-AS1,0.016291784595627808
ANKRD20A18P,0.016290108789176517
CTD-2525I3.5,0.016265309405225407
B3GNT8,0.016262018099996736
RP11-53B2.3,0.01623842380131958
MTND4LP13,0.016224241410441962
RP11-677O4.2,0.016212601035633864
OR8D4,0.016201497466223395
NT5C1A,0.01619539551408166
RP11-670N15.2,0.01619428983394074
RP13-297E16.4,0.016171288411801762
PIP5K1C,0.01616419529723044
RP4-561L24.3,0.016142659579078764
GOLGA8IP,0.016135155005901937
CMB9-22P13.2,0.0161301883826691
UBQLNL,0.016108785846593938
WNT8B,0.01610414038691012
LMNTD2,0.01610035178135411
RP11-442N24__B.1,0.01608925709643739
RP11-434D2.9,0.016054492219537402
FOXA3,0.016029398215703327
MIR548AT,0.016026098756502526
TOMM20P2,0.016004315617480714
JCHAIN,0.015995583006283412
RP11-757H14.2,0.015984757504773094
MIR6812,0.015962651332176704
LTB4R,0.015956919912112677
HNRNPA1P21,0.01595606273321578
RP11-530C5.1,0.015949668976567962
CTB-147C22.6,0.01590898193353998
L3MBTL4-AS1,0.015906645841203302
BPIFB1,0.01589071462162954
RP11-384M20.1,0.015884734633467578
RP11-28H5.2,0.01587219040336354
RP11-20G13.4,0.015867090710308642
TRBV26OR9-2,0.015847982865371275
HNRNPA3P2,0.015842365708283568
AC073284.4,0.015833537945572757
IRF9,0.0158279236567991
GALNT12,0.0158225763432789
SMURF2P1,0.015812369043333028
PTCD2P2,0.01580983228047414
AC002306.1,0.01580910997463038
RP11-525E9.1,0.01580194866272359
KRT71,0.01579454468856365
RP11-329B9.1,0.015790368417472708
LA16c-358B7.4,0.015789877083632314
NPAP1,0.015789791661047346
RP4-669P10.19,0.01578470598075548
MT-ND4,0.01577097230032573
SNORD89,0.015748704038762298
RNU6-32P,0.015745838151812803
RP11-102J14.1,0.015745655500404538
FIGLA,0.01574470687786225
CMB9-94B1.2,0.015731798431082144
AC068196.1,0.015728810603154966
RPS20P31,0.015711174024799095
RP4-758J24.6,0.015692495796228476
CCDC155,0.015689010460163022
RP11-933H2.4,0.015683633240641547
FOXI1,0.015646976348797116
C12orf49,0.01564145426969598
RNA5SP203,0.01564066434767986
GM2A,0.0156380892067887
AKAP3,0.01563010992202399
PSORS1C1,0.015628951954022977
LA16c-358B7.3,0.015613227854746002
RP11-83A24.1,0.015610638968242337
SNAP23P1,0.015597901051078705
SMIM2,0.015584536872402865
RP11-264J4.10,0.015577261514589337
DSCAS,0.015559317335203986
RP11-192H23.4,0.015554952577135099
RP11-21L23.3,0.015553906924803997
RP11-279O22.1,0.015545436521938412
IGHM,0.015540996893703545
PRSS12,0.015540404281810156
OR7E85P,0.015510584176961398
CTD-2024I7.18,0.015505442487933204
PAWR,0.015485101400649213
C1orf204,0.0154811906199704
FGD5-AS1,0.015479840284389638
HCP5,0.015468075006497072
AC242988.1,0.015457025800681715
RP11-25B7.1,0.015455241760678457
RP4-713B5.2,0.015450454350661174
RP11-162A12.4,0.015439054564448426
RP11-248M19.1,0.015434863440169911
RP11-849F2.5,0.01542816472441968
SDS,0.01542639663064501
IGHV3-35,0.015424874641675414
RP11-16E12.2,0.01542338712435465
HTR3E,0.015420954630401116
CTD-2184C24.2,0.01539854355712281
LINC00936,0.015381249866129197
CTD-2651C21.3,0.015376025766524202
CTC-1337H24.4,0.015373116796834332
HCCAT5,0.015358070852674264
CDCA5,0.015333798025136399
AC084082.3,0.015330878586009223
RP11-167H9.3,0.015323176136396992
OR51E2,0.015319823949166568
AC004985.12,0.0153106023055344
XCL2,0.01529631397613898
RNA5SP187,0.01528805332524992
Metazoa_SRP,0.015282851506305829
AC083884.8,0.015262978712538717
RP11-219G17.6,0.015258947862186002
AC092316.1,0.015258544639134989
RWDD2B,0.015256362789301503
LA16c-359F1.1,0.015255861100628475
RP11-589C21.2,0.015247455273476979
LINC01558,0.015241019966868873
RNASEH1P1,0.015240117146063123
RP11-809N8.4,0.015231464006023574
RN7SL444P,0.015223476108735003
RP11-5C23.1,0.015219031369049448
NANOGNBP2,0.015214290378201522
PRPS1,0.015177537830814726
CCT8L1P,0.015174983459400845
XX-C2158C6.3,0.015170605517007387
NBPF25P,0.015156489698894242
5S_rRNA,0.015151716421822167
UCP2,0.01514553473805843
Y_RNA,0.015135594378227549
CTD-2509G16.2,0.015128268392830994
RP11-404K5.4,0.015127866084600048
AC015922.6,0.015120373290923939
CTD-2228K2.2,0.015119944087585789
RP1-212P9.3,0.015119382502232525
IGHEP2,0.015116711244062733
RP11-386P4.1,0.015103113923371748
AL031601.5,0.01509706264592324
CTC-487M23.7,0.015088904524612258
RP11-30K9.7,0.015079387332261432
SLC35E2,0.015077863045235623
OIP5,0.015064874225710312
NPM1P25,0.015062282657935062
RP11-9E17.1,0.015057963049084466
MIR142,0.015031080261030914
RP11-737O24.5,0.015021715811546264
RP4-790G17.7,0.015009601172438563
RNF168,0.015006786177364168
RP11-20I23.2,0.014999314856073049
RP11-427L15.2,0.01499471836505726
CEBPA-AS1,0.01498936801041362
CRYBA4,0.014979591362015682
IGHV4-4,0.0149739123022668
RN7SL15P,0.014967359155454225
FAM13A-AS1_2,0.014964140919880471
CDR2L,0.014962931657198602
RP11-488C13.6,0.01492534932712243
RP11-556I13.2,0.014913089525297376
RPL13P4,0.01490683530900378
RP11-416A17.1,0.014901064483084554
NARF-IT1,0.01488058424284558
RP13-104F24.3,0.01487334400274854
GTF3C2-AS1,0.014855680018756666
STAG3L2,0.014851980828030083
RP11-569A11.2,0.014851034286233033
RP11-631N16.2,0.014842935161820841
AC093609.1,0.014830592782932013
RP11-557J10.4,0.014825105261833648
SNORD116-16,0.014812592970308902
LINC00861,0.014812296403323853
AE000661.50,0.014809992186693415
FFAR4,0.014803774930525015
PCSK2,0.01479553081012145
MIR4512,0.014792387843611914
MTCO1P42,0.014791285428171366
ALG1L9P,0.014787608611911947
RP11-1024P17.1,0.014775997814364453
GGTA2P,0.014765579899077511
RP11-90L1.8,0.014761058615871648
RP11-439E19.9,0.01476032245618361
C1QTNF9-AS1,0.014753697208459683
RP11-458F8.1,0.014750471545599797
ZHX1-C8orf76,0.014737995111010597
HEXA-AS1,0.014733832096513366
ATP5F1P7,0.014706297393834323
uc_338,0.01469969769295046
AC006129.3,0.01469833854959259
WNK3,0.0146897552892738
RP11-23D24.2,0.014689486869583922
RP11-168K11.3,0.014678636303127069
RP4-591C20.9,0.014666622879448598
CCR2,0.01464311418414857
Y_RNA,0.014640044089342568
MT-ND5,0.014639559364001414
PSMB11,0.01463776682304402
RNA5SP143,0.014633716896301703
SLC34A1,0.014630112728245544
RP3-324O17.7,0.014625619783452165
RP1-30M3.6,0.014625014938651345
RP13-52K8.1,0.014616136662774757
MIR3649,0.01461383943366713
RP11-583F2.5,0.014605567446085582
RP11-360N9.3,0.014597048233923682
RNU6-714P,0.014596652222219541
CTC-260F20.3,0.014592380839751732
TFAP2E,0.014590264413764658
RP11-867G23.8,0.014579744150388754
CTA-397H3.3,0.014568951781762592
AC009950.2,0.0145659323352956
AC079584.2,0.014547448694599192
SEMA3F-AS1,0.014545972014203755
RNU6-904P,0.014545112077919508
RP11-212D19.4,0.014537349947544001
RP11-451B8.1,0.014487469854539366
RP11-432I5.2,0.01448504864801933
MED10,0.01446593926427595
OR8S21P,0.014456431330434795
TRPV4,0.014455212133860045
RP11-708J19.1,0.014438008748763569
PSMC4,0.014437756062741808
S1PR1,0.014436648877693692
RP11-640N20.9,0.014432933597431313
GTF2IRD1,0.014419436817800479
MIR1302-9,0.01440916837847662
RP11-766F14.1,0.014408315553870312
RP11-1391J7.1,0.014367780791504995
KLHL31,0.014361906107208618
HMGA1P2,0.014361550019886407
PRSS3P3,0.014360967326193205
CHRNA6,0.014354966435797622
LINC01402,0.01435263406434084
BECN1P2,0.014349975612085541
RP11-452D2.1,0.014346578622278783
RP11-367N14.2,0.014344820150409129
MIR491,0.014338544493083456
RP11-432F4.2,0.014332506909507423
POLRMTP1,0.014316671553678224
ATP11A-AS1,0.014314295400273565
KIAA1456,0.014313589158720181
SNORD114-23,0.014301718400901844
MIR6736,0.014297920786488345
RP11-141M3.6,0.014296127899880657
TRIM45,0.01429069688429794
CCDC84,0.014288059694128082
AC010729.1,0.0142861590289521
CTD-2583A14.10,0.014276819946832614
AD000671.6,0.014262699798223945
GPC6-AS2,0.014251735521817481
TIMM8AP1,0.014251126972635114
AC015987.1,0.014248093670807907
ZNHIT6,0.014238819406764438
CTC-529I10.2,0.014226704165257635
TRBV6-1,0.014220140007215434
RP11-401L13.7,0.01421632284123455
NSUN5P1,0.014215296868525167
HNRNPA3P16,0.014207464240801885
OR1K1,0.014196567899604917
RP11-70D24.1,0.014193400803329334
RNA5SP79,0.014192243800770003
Metazoa_SRP,0.014176293837328298
CDPF1,0.014169026848064866
MICE,0.014160147679063196
SNORA63,0.014157352125733382
RP11-6D1.3,0.014153860564932052
RP11-1021O19.2,0.014147272286104882
RPL23AP47,0.01414347824314906
TOB2P1,0.014138221363700236
HSPA7,0.014131023511678404
SH2D1B,0.014119216411391711
AC159540.1,0.014111007166212794
RP11-104H15.10,0.014100067213811197
RP11-579O24.3,0.014099581781466483
NAIP,0.014086824175440132
HINT3,0.014079971894415287
AF241726.2,0.014078213335343157
FOXF1,0.01407616545360249
RP11-307E17.8,0.014063853205983986
RP11-834C11.7,0.014059483287950912
NPIPB11,0.01405897921540768
RP11-157J24.1,0.014056807720514828
RP11-32B5.1,0.01405379055794604
LINC01374,0.014040279406121448
IGHA2,0.014035500845301405
MTND1P21,0.014034107996251237
RP11-517B11.6,0.014030576559471392
EPHB4,0.014025619945860004
RP3-467L1.4,0.014011971354751443
RP11-231E4.3,0.014008540537254668
RP4-536B24.4,0.014005463004484164
CITF22-49E9.3,0.014004212414983005
DISP3,0.014002635215851161
CTB-35F21.5,0.014001922092606226
RP11-298J20.4,0.013998948859593373
RP11-63A11.1,0.013997102692945382
RP11-53I6.2,0.013987239653420708
ZCCHC13,0.013975657454133351
ADH1A,0.013973136909628174
LINC01448,0.013964150816146069
RP11-331F4.5,0.013959500201768296
RNU6-79P,0.013941658661991119
PDCD1,0.013939939785006922
NUCB1-AS1,0.013935415661549462
RP11-872D17.8,0.013923946615837316
LINC01144,0.013915513042082665
MIR205HG,0.013910522482697965
RP11-159F24.5,0.013908184671631936
LL0XNC01-73E8.1,0.01390463687511748
RNU12-2P,0.01390127238832487
TECPR1,0.013897612267518332
AC113618.1,0.013897568285164646
RP11-1094M14.5,0.013891118903967487
CTD-2514K5.4,0.013890644523811356
CTC-338M12.4,0.013886711763581703
RPL36AL,0.013879136762024806
RP4-713A8.1,0.013877242049010037
RP11-395I14.2,0.013861835328402024
RP4-545L17.11,0.013854395488606558
RP11-775D22.2,0.013850463013267627
NALT1,0.013850269521738533
MIR148B,0.013838721359726879
XXbac-BPGBPG34I8.1,0.013835238697685628
DBF4,0.013825136202786182
CTC-487M23.5,0.01381921814744918
SUMO2P12,0.013814876586254425
AC005154.7,0.013809817233293085
RP11-318A15.2,0.013808571044168723
IMP3P2,0.013800317912763557
RP11-483E23.2,0.013796882091025206
SNORD13P3,0.013796091005231544
MED14,0.013793698867179039
CD3D,0.013782923102823032
HCG9,0.013782372806787131
CTD-2185K10.1,0.013781252394808057
AC055764.1,0.013776268552485251
RP11-114N19.5,0.01377580440562247
HNRNPA1P62,0.013775685150832261
AC005264.2,0.013771521873341314
RP11-153M7.1,0.013770429390669225
CEP83-AS1,0.01376204956726588
KRT8P15,0.013749019322569745
RP11-65N13.8,0.013740663713552398
RP11-491F9.6,0.013738684212449476
THAP12P5,0.01372666092645043
CXCR2,0.013724566389054806
NOL11,0.013720041854012691
SP1,0.013717734950329515
RP11-628O18.1,0.013708865288072882
ODF3L2,0.013700971275311362
RP11-109D20.1,0.013698598849331986
SERTAD2,0.01368291414701728
LINC00698,0.013680137310230095
IGHV4-31,0.013678808213545198
RN7SKP297,0.013677801884678256
RP11-578F21.9,0.013670802374150122
RP11-40A13.1,0.013655143853294343
TRBV30,0.013654933602282836
SGPP1,0.01365427892964272
AC011290.5,0.013645705278157273
RP11-61L19.2,0.013645392384810833
C3orf58,0.013642565642145556
RP11-420K14.8,0.013637073878187972
CTC-338M12.6,0.013628347985801448
RP11-693M3.1,0.013618492177929478
LRRC4,0.013617687626025589
PCDHGB9P,0.013617600326132137
CTD-2622I13.3,0.013615922730188523
AC002128.5,0.013612983843981236
CTD-3162L10.3,0.01359620013314248
LTB4R2,0.013592895595296393
SNORD74,0.013585808102709172
RP11-229D13.3,0.013585401682766327
HOTAIRM1,0.013569755791439625
GTF2IP20,0.013569413198434209
SLC15A3,0.013545082367170367
RP11-235E17.3,0.013544264066291849
CTD-3105H18.14,0.013530530163321482
GNA14,0.013529105667968604
EIF4EBP1P1,0.013528345966587115
RAMP3,0.01351583093211278
RP11-342D11.3,0.013515437625926488
POLR2H,0.013512530624948138
VHL,0.01351035839866186
RN7SL368P,0.013498015938793954
H1FX,0.013497689735035378
TSEN15P2,0.013491977649563875
KB-1991G8.1,0.013488733472511744
SNORD124,0.013482291049336171
RP11-261P9.4,0.013474298749920632
PCDHA12,0.01346771159007549
OR1N2,0.013466544586536375
MCPH1-AS1,0.013465263768488514
CTD-2199O4.6,0.01346450926234053
RP11-418J17.3,0.01345332905617717
RP11-1080G15.1,0.013452496104734873
ZNF205,0.013450745476262337
RPL12P20,0.013444734700704931
Y_RNA,0.013443446264427263
RP11-72I8.1,0.01343677144819632
RNU6-377P,0.013436420587530263
HCG11,0.013417973270628575
RDM1,0.013393812988149461
CTC-360G5.6,0.013393421445197968
ENPP7P1,0.013388644624046146
RNU6ATAC,0.013387231844181608
RP3-341D10.1,0.013382978026176173
PTPRVP,0.013372870360276286
RP3-476K8.3,0.013371913314594907
RP11-73M7.1,0.013370441415354773
CD3G,0.013366515661909132
MFSD4B,0.013364584122130362
RP11-30H9.1,0.013361192245897916
RP11-526I2.5,0.01335565097694745
RP11-478J18.2,0.013353897851393827
POM121C,0.01335319309691374
AAMP,0.013347135830349799
MIR548V,0.013344744179204988
RP13-131K19.2,0.013343901002997623
UBA52P6,0.01333626536518439
RP11-305D15.8,0.013329625083006898
RP11-440G5.2,0.013326982906946915
PAK1,0.013323661090311457
LA16c-3G11.7,0.01332176469532458
RP11-2E17.2,0.013320824018981122
TRBV21OR9-2,0.013306432147612478
MIR6859-4,0.013303490105557295
RP11-7F18.2,0.0133031927085003
CDC42P4,0.013301006388473955
AP5B1,0.013287243119034294
CHIAP3,0.01328274746995404
CBY3,0.013266984278915367
CTB-191K22.6,0.013266368208540763
RP1-102E24.10,0.013260451354270602
RP11-844P9.1,0.013255635116682558
ASH1L,0.01325402384131068
RNU2-69P,0.01324401843718259
SMAD1-AS2,0.013237318468380943
TARBP1,0.013229875946484332
RP11-201O14.1,0.013229692875585283
RP11-490B18.6,0.013224794033558676
AC007362.3,0.013214412154588767
AF127577.12,0.01321331628343262
TP73-AS1,0.01321136192549526
RP11-15G8.1,0.013203166177439293
SHC2,0.013199565816455018
DEGS2,0.013197617186791497
RNA5SP122,0.013196314434160058
RP11-73K9.2,0.01319554660927735
RN7SL418P,0.01319425472636355
RP11-496H1.1,0.013189686273853677
RP4-742C19.13,0.013176050246373213
EFNB1,0.013175088816267638
RP11-159D12.6,0.013174346693125227
CPTP,0.013167207336931915
GRIFIN,0.013159434715003346
RP11-752L20.5,0.013158120689180194
TSPAN10,0.013144410307859785
RP11-181G12.2,0.013144184555608906
BTBD7P1,0.013140802401539564
AC092171.4,0.013140314302907694
HSD17B1,0.01314027751745562
IGHD,0.013137694045248907
COX6A1,0.013135623335209136
RP11-266L9.1,0.013134977116890397
RP11-368I7.4,0.013133910102517488
RP11-1070A24.2,0.013125889219680208
MIIP,0.013099630888870421
ZNF888,0.013099438834933742
TEX21P,0.013079389073522133
KRBA2,0.013076344668837715
IGHV5-51,0.013075829436418605
RP5-1174N9.2,0.013070541668763442
RP11-402G3.5,0.01306894880739533
RP3-449O17.1,0.013067924017500914
TCEB1P19,0.013062450557647296
YBX1P4,0.013057448126856967
RP11-146F11.3,0.013048505066076323
CTD-2517M22.14,0.013042916596801176
RP11-93B14.6,0.013040648827455585
LINC00471,0.013036140737427026
RP11-129G17.2,0.013027172643890582
CTC-471J1.11,0.013023368416706836
IGLCOR22-2,0.013021834346265772
B3GAT2,0.013020500772900368
AC064853.2,0.013020371332007527
CD83,0.013015824280760601
SNORA2C,0.013008868868402862
MTF1,0.013006888618143982
Y_RNA,0.013000188530500917
TTTY14,0.01299357486402837
RP11-468E2.5,0.012991549055879287
MISP,0.012987509465019236
RNU6-430P,0.012986375859044023
PIGW,0.012986032180602302
HOXD4,0.012982676403427113
LINC01570,0.01298253533629178
TM4SF19-AS1,0.012981772847761539
RP11-295M3.2,0.012978430801555859
ZNF192P2,0.012977114278355623
EEF1A1P11,0.012957844466965716
RETN,0.012948455008065208
RAD9A,0.012947554658693294
Y_RNA,0.012945171011458883
MTCP1,0.012937824131852228
ZBTB46-AS1,0.012935934300426928
CTD-2574D22.3,0.012934578885825991
RP11-464D20.6,0.012923540578729537
HIST1H1C,0.012923052302927486
RP11-21B21.4,0.012916141018915753
RTEL1P1,0.012913892984449534
RP11-284F21.9,0.012911374237062194
TRIM13,0.012901776358897606
CH507-9B2.8,0.012899379909581676
SULT1C2P1,0.012892925050114369
RP11-478C1.7,0.012890226610011506
RP11-829H16.5,0.012887591872014544
ZNF572,0.012880234528666733
RP11-23P13.6,0.01287663429223967
LINC00846,0.01287339752353748
RP11-39M21.2,0.012870575354430865
LINC00365,0.012859958714687108
RP11-576N17.3,0.012857966880334946
DDA1,0.012852340004573165
NDUFA8P1,0.012836064232234143
RP11-110I1.11,0.012833708203088058
SRGAP3-AS2,0.012815891193881141
RNU6-994P,0.012809008045569014
AC002059.10,0.01280763709828394
RP11-320L11.2,0.01280692713044609
RP11-1102P16.1,0.012806371929785995
TTLL4,0.012798815702150837
RP11-727A23.5,0.012793219600939309
CTC-459F4.7,0.01279056977188035
CTD-2275D10.2,0.01278893716238885
ZNF229,0.01277652317691162
RP11-637O19.2,0.012765189136473528
RP11-665C16.1,0.012764742965524233
RP11-667M19.9,0.012758819917020632
B3GALT6,0.012752524488668777
RP3-508I15.19,0.012750727048638758
CTD-3222D19.9,0.012749082574891754
RP11-540N6.1,0.012747754671803852
DPY19L2P3,0.012745375677957048
RP4-777O23.2,0.012724762357077363
ATP5J2P4,0.012723638722301773
RP11-119J18.1,0.012723394326781889
RP11-6O2.3,0.012720630198089023
RPS28,0.012711091009864561
MIR4482,0.012710631467084127
LEMD1-AS1,0.01270518835826433
RP11-692C23.1,0.012700448471234216
RPL7P49,0.012699188664109417
ALG2,0.012695468597052348
RPS2P32,0.01269083879952807
RP3-331H24.4,0.012690605266751216
RP11-346C20.4,0.012688883522786453
MTCO3P22,0.012681256090729455
MTND5P16,0.012680697925441875
CTD-2026K11.5,0.012679360069564959
RCBTB2P1,0.012675461987746668
RP5-1096D14.3,0.012672047201272844
AD000864.6,0.012671176342441904
RP5-940J5.8,0.012666501344643236
RP11-169K17.3,0.012666240614556764
AC005330.2,0.012660460461037337
PRR34,0.012655379114613629
AC005392.13,0.012652494122033257
AC068535.2,0.012652183660841025
CTD-3001H11.2,0.012648642234059601
AC012494.1,0.012645661079492427
RIMBP3,0.012635754392708575
RP11-662J14.2,0.012631490033526479
GAL3ST4,0.012628900957895806
STK17B,0.012626380502595408
TMPO-AS1,0.012624600284174213
MIR6745,0.012622609531230932
RP11-923I11.8,0.012619427648579441
AC005534.8,0.012617959699358574
LINC01433,0.012614968305974724
RP11-29G8.3,0.012613991524256716
RN7SL809P,0.012613302627151227
OTOL1,0.012601508170081063
POU4F3,0.012595467226415155
RPL23AP92,0.012592484755539339
RNU2-30P,0.012588974936667425
CICP3,0.012588105921162857
MIR6503,0.012582704476434376
RN7SL575P,0.012582479912162381
RP11-245P10.6,0.012577932498174042
RP1-265C24.8,0.012552084094427776
RP11-35G22.1,0.012551126235050338
GTF2IP13,0.012547153657791455
RP11-92B11.3,0.012545679445558637
CHMP4B,0.012533292067054336
TRPV1,0.012531277855467732
MIR3659,0.01252431842377963
MIR3180-3,0.01252424147400036
HIST1H2BO,0.012523869885851443
AL357140.1,0.012517387797507742
RP11-610P16.1,0.012513443719596012
LMO7DN,0.012511902440246523
RP11-338N10.2,0.012507346140882655
PIGV,0.012497920958661462
ERICD,0.012496651881607193
RP11-7F17.3,0.012490239847249522
MTMR4,0.012487984472816495
RP11-70C1.1,0.012482386692957806
THAP9-AS1,0.012482052262737627
SOCS6,0.012478047886197066
C2orf74,0.01246087500714204
UPK1A,0.01245972379391635
TLR2,0.01244520079148491
PCDHB16,0.012437920260291791
NPM1P45,0.012434524054356346
RUVBL1-AS1,0.012432601109910903
RNU6-331P,0.012429172960160585
CTD-2619J13.27,0.012428922639042977
AC013791.1,0.012427043010087934
RP1-256G22.2,0.012423725273914766
RP11-108M9.4,0.012416917514085858
POM121L6P,0.012412755591518176
CASC6,0.012409722775560818
RP5-921G16.2,0.012402866039490647
RP11-77M5.1,0.012401364584578967
RP11-270M14.4,0.012393807501470908
CTD-2527I21.5,0.012389257823711784
THAP2,0.012389071077800141
ZNF407,0.012388681772871904
RP11-550F7.1,0.012381006789695724
OLFM2,0.01238018472388739
RP11-729L2.2,0.012376207728296743
FANCE,0.012370341136817928
MTCYBP7,0.012369702798214031
APEX2,0.012366714119501137
TYRO3P,0.012366055361573697
RNU6-807P,0.01236217858906583
RP11-251G23.2,0.01235735638601849
KIAA0141,0.012353969046992918
RP11-1376P16.2,0.012353601150047243
RP11-91I20.1,0.01234891463708698
KCNMA1-AS1,0.012341970435613933
RP11-158M2.5,0.012341350983847015
ASAP1-IT2,0.012341037193213578
RP11-88E10.5,0.012339918701730198
TLR1,0.012334892453706652
ASCL2,0.012331964937262695
NUTF2P5,0.012330749755306902
SNORA44,0.012323375137538662
FAM150A,0.012323188716559911
MIR5585,0.012321456167725123
CTD-2154H6.1,0.012319461658086714
CCT6P3,0.012317460815612344
YY2,0.012313402234455997
AURKAPS1,0.012311692516364865
RP11-274B21.10,0.012306453223855174
AC011897.2,0.012302225647602675
RNPEP,0.012291851877716472
RP11-338K17.10,0.012287426076002306
TRAV8-4,0.012287133615798598
CTD-2026K11.2,0.012286504133133563
MIR3151,0.01228644956746565
RP11-264F23.1,0.01228143378446703
TMEM106A,0.012278320538097166
KB-1043D8.6,0.012273008868983843
MTCO1P28,0.012271105565839843
ANKK1,0.01227024982088176
ACYP1,0.012270134709563302
SWSAP1,0.012269196848800125
RP11-1191J2.2,0.012266726595317976
SUPT20HL1,0.012265725718279422
RP11-10O17.1,0.012265234862677379
RN7SL750P,0.012262696905331471
RP11-120K24.5,0.01225563147968812
IGKV4-1,0.012240212496977638
TECTA,0.012240106349226303
CWC25,0.012238672502769714
CTD-2649C14.1,0.012236131928357687
HTT-AS1_2,0.012236063663127147
CHMP2B,0.012235929616336893
CTD-2017F17.2,0.012235493085397172
MTND1P24,0.012234454096754322
CTB-58E17.3,0.012233967588045666
RP11-46A10.8,0.012233162803787818
AC022007.5,0.012231790517644127
TFCP2L1,0.01223101894561253
RP11-345K9.3,0.012226916439924797
AC005329.7,0.01222543114801607
PAPOLB,0.012224046193909252
RP11-435J9.2,0.01222388314732932
KCNC4-AS1,0.012221718816737882
LINC01203,0.012218269377569792
RP11-580I1.2,0.012214152335626855
CTD-2588E21.1,0.012213852093095815
RP11-452H21.2,0.012208689214348156
C10orf91,0.012205435876081227
RAET1K,0.01220356222029251
CTD-2521M24.13,0.012200947434863437
AP003068.18,0.012194668796317564
AC004156.3,0.012193852400616836
RN7SKP153,0.01219242755105277
DTX3L,0.012190764606790815
RBM12B-AS1,0.012188213071101298
DENND4B,0.01218301173780638
PARD6B,0.012181269411378412
RP6-99M1.3,0.012172695411690094
PDE6C,0.01217167493158447
RP11-218F10.3,0.01216927181950824
PYY2,0.012158459346557356
RP11-350J20.5,0.012154183358204023
RP11-144I2.1,0.012153175335537942
CTD-3157E16.2,0.012147422061545097
RP11-13K12.2,0.012140755132030442
RP11-188P20.3,0.012132129679038865
RP5-1028K7.1,0.012127512368393491
RP11-331F9.4,0.0121261671509895
RP11-553D4.2,0.012119791704270279
LINC00304,0.012118866293077624
MTCO1P30,0.012115111458397597
RP11-700F16.2,0.012108828337412104
RP11-345J13.1,0.012108537544624704
RP11-452G18.1,0.012107139569549208
RP11-640B6.1,0.012105675057633337
GALNT18,0.01209805658947258
RP11-355O1.11,0.012093200386270939
RP11-407G23.2,0.012090797915988475
BRAFP1,0.012088321904779417
TRBV7-4,0.012077348222615946
RP11-20G13.1,0.012075782012161711
CYP2A7P1,0.01207397643697853
CTC-510F12.2,0.012070765399338029
DEFB109P1,0.01206970196481911
PGBD4P2,0.012069500208955676
CCR7,0.012063054518596255
RNU6-1053P,0.012063045486010442
KRT14,0.012061379735793364
AC007773.2,0.012058565901662502
RP4-799P18.3,0.012053177715266915
LINC01271,0.01204683422067862
RP11-350G8.5,0.012036908157348595
SCGB2A1,0.012032243413082667
TMEM27,0.012028653680864481
RP11-327P2.5,0.012027169404153944
USP12-AS1,0.012023929606849618
CCR8,0.0120216144728016
DUSP8P4,0.012021373521250432
CTD-2376I4.1,0.012003611160409029
XXbac-BPG308K3.5,0.01198927874333631
LINC01529,0.01198707199424564
GOLGA6A,0.011983194790349008
C10orf105,0.011979817965417541
Y_RNA,0.011978432518902904
RP13-401N8.3,0.011973632980610443
RNU6-482P,0.011970853845191956
ZC3H4,0.011970416192892032
DNAJC5B,0.011966932849399092
RPS29P19,0.011963510886786198
RP11-472N13.2,0.011962372694859058
RP3-333H23.8,0.01196232145659844
ADGRE4P,0.011959913241650164
AC007292.4,0.011959458661394085
STON2,0.011955699737400906
RP11-109A6.3,0.011950136701629864
MIR8057,0.01194543938489705
AC008984.6,0.011945262882369474
CCL22,0.011940023232709637
GLRX5,0.011937711763970453
RP11-411B10.7,0.011935261865729487
RP11-864I4.1,0.011931512719851453
RP11-524C21.2,0.011931261180572503
AC093826.1,0.011925839186251673
RP4-742J24.2,0.011923783946206287
TMEM101,0.01191826317978205
RN7SL756P,0.011916475417348874
RP11-148B18.1,0.011915143353406104
LA16c-313D11.9,0.011906831218759635
MAGOH3P,0.011906394928163007
ERVK3-1,0.011906367082324436
AP003068.23,0.01190542291355686
RP11-435I10.5,0.011894433413320863
CTD-2319I12.2,0.0118913322987879
AC074286.1,0.01188932574685694
RP11-13N13.6,0.01188830372580582
RP4-816N1.7,0.011886039188195177
RP11-227F19.5,0.011885364614627126
TMED7-TICAM2,0.011885029142975179
RP11-144O23.8,0.011882347321970957
KARSP3,0.011877551929472069
RP1-28H20.3,0.011875016845553981
RP11-326K13.5,0.011866984802600152
CCDC8,0.011864352661106047
DNAJC30,0.011859174932042334
RP11-135A24.4,0.011857211976923042
CTD-2587H24.14,0.011856245352003247
RP11-15A1.9,0.011854050458301816
RP1-292B18.3,0.01184714413689895
P2RY1,0.011839753409412434
U3,0.011839741846511547
AP000688.11,0.011836898619797719
CICP22,0.011836671769204126
AP000432.3,0.011835436020876468
RN7SKP64,0.011827197305051496
bP-2189O9.3,0.011825396146096165
DTWD2,0.011825168203627442
RP5-1092A3.4,0.011820969894729482
RP11-615I2.1,0.011819353715779416
KLK14,0.011815402896433708
AC019109.1,0.011813927291716979
RP11-750H9.5,0.011812531845348069
SMYD3-IT1,0.01180938856885972
AC009133.12,0.011806045460291802
TERF2,0.01179953084764455
RP11-235E17.6,0.01179761163502052
RP11-96O20.2,0.011796873610086911
CTD-2175A23.1,0.011794659642176002
TRBV28,0.011788037767166025
LINC01347,0.011778585420838364
KCTD19,0.011778325082800297
AP001462.6,0.011778294622276744
SDHAF4,0.011774095177549262
KIF9-AS1,0.011773766907606233
RP11-1020A11.2,0.011773503184646058
RP11-270M14.5,0.011772301019145632
BHLHE40,0.011770584298929944
PINK1-AS,0.011765342238787009
SNORA75,0.011759631697277964
RP11-309L24.2,0.011740105585861374
CTD-2538G9.3,0.011725764178936464
MPPE1P1,0.011721488519690682
RP11-383C6.2,0.0117198419929249
RP11-688I9.4,0.011719636908050241
OR5AH1P,0.01171753101226902
AC114803.3,0.011708582922340694
AC005105.2,0.011708419771268718
RP11-798G7.8,0.011706975394313347
XXbac-BPG181B23.7,0.011705877148346814
RPS20P33,0.011700941167809828
CTD-2058B24.2,0.011698438313591982
AC137934.1,0.011693182233599799
C11orf24,0.011688234915697744
AP001172.3,0.011687869039107535
PSKH2,0.011687327363763642
RP11-121A8.1,0.011687174300700673
RP11-744I24.3,0.01167720638522678
HSPA1B,0.011676951439261112
RP4-568B10.1,0.011674761345707036
FANCM,0.011669699208915836
RP11-147L13.7,0.0116656052410382
AC007743.1,0.011662803982777416
IGLC2,0.011661413842530456
RP11-43N16.4,0.011660766473104964
RP11-603K19.1,0.011660438212357889
RN7SL560P,0.011657891719039302
KCNQ1DN,0.011657574722887896
Y_RNA,0.011648000643111285
LINC00955,0.011647733802894246
RNU2-24P,0.01163331441097337
RP11-69L16.4,0.011631700074647562
RP11-87C12.2,0.01163119387062784
AC096582.8,0.011628829292828808
SPPL2A,0.01162807974428032
CTC-444N24.8,0.011626313477091877
XXyac-YR29IB3.1,0.011622966467176584
IGHV3-74,0.01162120397788148
CTD-2021A8.3,0.011615620390406539
GOLGA8O,0.011611828312308309
RP11-126K1.9,0.011608910345320985
RP5-1142A6.5,0.011608351750561957
RP11-613C6.2,0.011607432270519587
HLA-DOB,0.011607085884021604
CTA-228A9.4,0.011606348977117903
IGHV2-5,0.0116038507074252
CTD-2528A14.3,0.011603468091783217
CYB5RL,0.011603058588021662
RP11-414H17.5,0.01160279577241707
THAP5P1,0.011599139554508978
OR2A12,0.011592425529428298
RP11-314P15.2,0.011591487208248404
FAM151B,0.011589970116962537
RP11-274B21.13,0.011585249071801638
BRD7P5,0.011584765115902068
CELSR2,0.011582199811594349
KRT8P40,0.011580150192657268
RP1-283E3.4,0.011574190736405678
RP11-872J21.3,0.011564580650775577
PPY2P,0.011561409833032764
TRAV8-3,0.011557616351973995
CTC-479C5.12,0.011554145067752989
CTC-559E9.4,0.011552451760574445
ASAH2B,0.011551752108051238
FLJ41941,0.011549962775904364
RPL11P4,0.011549217215823656
RN7SL820P,0.01154907584161597
RP11-466M21.1,0.011541420417491935
DBX2,0.011541305439423903
GIMAP5,0.01154073384299906
SGTB,0.011538166792601817
IGLV2-8,0.01153588156615096
RP11-404L6.2,0.011531946053443948
ZNF330,0.011531261313514713
HIGD1AP17,0.011529504898478666
CTD-2547L24.3,0.01152611371000656
RP4-669K10.8,0.011525209109977154
MIR4701,0.011524285595848189
CTD-2006K23.2,0.011523508190832204
RP11-208N20.1,0.0115174836730594
RP11-383C5.3,0.011515931726811758
RNF126P1,0.011506884862533725
AC018755.16,0.011504657743315078
HIC2,0.011503593992843637
RP4-789D17.5,0.011500858267117834
CCR1,0.01150053327429846
SNORA73,0.011499371799476256
RP11-113K21.4,0.011498649572831029
CTC-471F3.5,0.011497623985987079
RP11-111A22.1,0.011494300824071439
RP11-307C19.1,0.011490544233943325
SNHG22,0.011489176060543508
RP11-676J12.4,0.011489147619562016
RP11-973H7.5,0.011486778134594306
RP11-74E22.6,0.011484682935746476
RP11-106M3.3,0.011484355695020631
PEX12,0.011477654645493642
PIP5K1P1,0.011474089828736987
AC009505.2,0.011473168326061637
IFNL3P1,0.01147172875065276
SPRR1A,0.011470384530441188
RNA5SP160,0.01146454146579142
RNU4-78P,0.011460534768514852
RP11-202G11.2,0.011460140883296527
CTD-2145A24.4,0.011458878947115551
C1DP4,0.011448099472666552
P2RX1,0.011444017434465485
LINC01415,0.011439575948861809
KB-1460A1.1,0.011434471807133766
PSORS1C3,0.01142483155342986
RP5-1053E7.2,0.011423650931292969
CTD-2350C19.2,0.011416962148043146
SLC16A6P1,0.01141574233289927
RP11-532L16.1,0.01141463546049795
RP11-239H6.2,0.011412419432906782
TRAPPC12-AS1,0.011410557799447338
RP11-706P11.2,0.011409548576145175
RP11-717A5.2,0.011406927877312558
yR211F11.2,0.011404157131822306
SPIB,0.011399441833174448
RP11-163E9.1,0.011396295333267002
IQCA1-AS1,0.011395510503471783
RP4-815D20.1,0.011389363452496885
RP11-399K21.12,0.011389304609540286
RP5-1092A3.5,0.01138899074734151
HIST1H1T,0.011388367310151063
RP11-337N6.1,0.011383924894027722
AC015933.2,0.011380214370946832
RP11-737F9.1,0.011376354693761666
PRR13P2,0.011374998746189378
RP11-435I10.4,0.011370880839253411
AC092669.6,0.01137056982453841
HNRNPA1P10,0.011365297137339013
RP11-61L19.1,0.011364018511500734
SPATA13-AS1,0.01136198192145713
RN7SL154P,0.011356851454112527
RP11-108M9.3,0.011355783949843283
MIR320C1,0.011349393300542418
KDM5C-IT1,0.011348123416704967
COLGALT2,0.011346484442057892
AC018685.1,0.011341707137853454
CD2AP,0.011339644989686254
RP11-428C19.4,0.011338262679791156
RP11-316M21.7,0.011336807492753004
RP11-17A1.3,0.011323410069170663
EDEM1,0.011323186867048387
GBX2,0.011323011530928533
RP11-98D18.7,0.011322928245151348
RIOK1,0.011321129158087978
SRGAP2-AS1,0.011319843172280597
SNHG9,0.011318347850349858
RP11-429P3.5,0.011315982672380208
CTD-2301A4.3,0.011315408903830934
Y_RNA,0.011313783964973545
RP11-303G3.9,0.011311658908139167
UOX,0.01130761218831335
OR7E87P,0.011307540215350135
LINC00539,0.011305375454458226
DUSP5P1,0.011303908675867214
DOHH,0.011303852579178873
RP11-142C4.5,0.011297990444239996
LA16c-321D4.2,0.01129682177643898
TRAV26-2,0.01129462206564206
TRAV27,0.011294353469481825
RP5-855D21.3,0.011293194136179031
RP11-361H10.5,0.011292465660110568
C1orf74,0.011283937619791533
VN1R67P,0.011282800045697629
ZNF705G,0.011280042485912753
MIR3197,0.011279365722846867
ZRANB2-AS2,0.011277361897559244
AC145124.2,0.011277100642162353
SIAH2,0.0112738257455368
ACER1,0.011273037953092079
RP11-317B7.3,0.011265835478245707
AC072052.7,0.01126353291935699
RP11-517I3.1,0.011262725499611076
RP11-531F16.4,0.011261065230048663
RP11-295D4.1,0.011255802953707353
SPATA2,0.01125552596607884
LINC00477,0.011252407995241772
NFATC2IP,0.011249824782688543
NFIA-AS2,0.011247515694192339
RBM15B,0.011237315521272573
FAM212B,0.01123714373598887
CTC-484P3.3,0.01123705100675443
RP5-1050D4.4,0.01123526554633602
RP11-544I20.2,0.011227151343535425
RP11-299J3.6,0.01122630603830651
RP11-388C12.1,0.011221716900919654
MRPL37P1,0.011219596493445864
TLDC2,0.011213474842338025
GNRHR,0.01121056632103724
FBXO32,0.011209181950083486
ZNF787,0.011205583810011596
TAPT1-AS1,0.011201643516415661
RP1-266L20.9,0.011201531866394734
OR10B1P,0.01120042682951077
RP11-513M16.8,0.011200322229209502
PLA2G4E-AS1,0.01119947879395117
FBXO42,0.011197153336538167
AC007386.2,0.01119128151031808
RP11-110I1.14,0.011190140435891453
Y_RNA,0.011188325517618098
RP11-195F19.9,0.01118416970451183
AC002398.12,0.011177497516064451
LRIT1,0.011173451073645323
MIR5697,0.011170800322966582
BRWD1P2,0.011170245819959762
CLPX,0.011165956046921412
TAS2R5,0.011165774543126302
RP11-7O11.3,0.01116338130379862
TCEAL5,0.011160925918845908
RP3-331H24.6,0.011160541988203338
RP3-508I15.10,0.011160077179506254
RP11-238F2.1,0.011156366403580168
RNA5SP310,0.011151798854243996
RP11-390K5.6,0.011149307229328307
RP11-104E19.1,0.011145209167361827
RP11-424M24.3,0.011144958639778562
RP11-521C20.1,0.011137414712481994
RP11-431K24.1,0.011137153376562911
MTRNR2L9,0.011134588744424337
MGC15885,0.011133851020091536
RP11-320N21.2,0.011132290124986037
TMEM56-RWDD3,0.011131409168845911
AC004906.3,0.011130153977693423
NEUROG1,0.01112724026416407
RP11-3M1.1,0.011126669934358527
AP001626.2,0.011125589526368612
FOXN3-AS2,0.011123638337032782
RP11-264L1.2,0.011120712633399966
ROPN1B,0.011117114495104623
RP11-98J23.1,0.011116119074284763
RP11-347H15.2,0.011112585471304963
RP5-884G6.2,0.011112574512423814
CASC4P1,0.011112009299055705
NIP7P3,0.011104426995547236
KANK1P1,0.011104395900783324
RP11-674I16.1,0.011103236058511217
CTD-2296D1.2,0.011098638053633363
RP11-505E24.3,0.011095599434226952
RAB42,0.011095274739808062
C1orf186,0.011094597249981521
AC142528.1,0.011092264992716495
RP11-809N8.5,0.011089667200046179
TMEM5-AS1,0.011077361972283487
RNA5SP351,0.01107594888818551
PGAM1P3,0.011073242588220922
PPEF1-AS1,0.011072650294036616
RP11-454K7.3,0.011071384407672706
RHEB,0.011070849041281899
TEX22,0.011069374862684464
RP11-456K23.1,0.011068334375884935
MIR3682,0.01106342029245135
AC159540.14,0.011063034538769695
CTB-120L21.1,0.011061387725977988
OTUD3,0.011051557266856322
RP11-360F5.3,0.011051283584885946
RP11-171I2.4,0.011050500661467271
IGLV4-69,0.011049650560150715
CDK7,0.011047412510252085
RP4-593H12.1,0.011047224721598747
PRAMEF8,0.01104462825749919
RP11-514F8.2,0.01104142496506956
AANAT,0.011038821566474033
GRM7-AS1,0.01103759344358232
PRH1-PRR4,0.01103457267769427
UBE2CP2,0.011034300672853669
RP11-554D20.1,0.01103285954320333
AL022345.10,0.011031105765557337
CHRND,0.011027188068962706
RP5-862P8.3,0.011015794217041783
FAM86GP,0.011013375030584697
NPM1P39,0.011011984783516766
OR1A2,0.011010563820322866
C1RL,0.011008113896955135
NGRN,0.0110031196925299
NPIPA3,0.011002611523314894
AC005578.3,0.01099991485003463
SLC9A6,0.01099453477491612
RP11-307C12.13,0.01099277181127694
RP11-195B17.1,0.010988573889099417
RP1-144C9.2,0.010986709910900666
GPR42,0.01098658789001604
RP11-662B19.2,0.01097930811954247
ATP6V1G1P4,0.010978341792410898
RP11-758N13.3,0.010971249646498682
RP11-5O17.1,0.010968141184763617
PRICKLE4,0.010967915216947552
AL355480.3,0.010964524863136075
RP11-203J24.9,0.010962176276742569
RP5-942I16.1,0.010962145544604774
AC009948.7,0.010959155202111843
MTAPP2,0.01095344644044424
RP11-186B7.4,0.010951803322118626
GPRIN3,0.01095166739982885
CYP21A1P,0.010949455117386769
AC007563.3,0.010940221867164571
WEE1,0.01093936036006575
RP11-169N13.4,0.010934893043579738
RP11-335K5.3,0.010933541246747882
AC034220.3,0.010933112666659884
RP11-545E8.1,0.01093238305194034
RP11-463I20.3,0.01092901177252793
OR5M6P,0.010927098889754414
CTD-2517M22.17,0.010926959925001053
RP1L1,0.010926762147763633
RP11-861E21.3,0.010925035923431872
Y_RNA,0.010921346294045545
AC005104.3,0.010921172792940746
RP11-556H2.1,0.010919409050020866
AC093818.1,0.01091892241048495
KCNK6,0.010918389483976958
RNU6-1024P,0.010915713837774179
RP4-583P15.15,0.010915133910121156
IMPDH1P6,0.010914749372102583
PABPC1P3,0.010911324633104253
LYPLAL1-AS1,0.01090963556609485
MTCO2P27,0.010909601421601427
TAF9,0.010907194578828657
AC005086.1,0.010904782203228961
RN7SL337P,0.010898362733837883
RN7SL487P,0.010897974444246302
MIR4733,0.010895602306142659
ZBTB3,0.010890968498149356
P2RY11,0.01088735750849569
AC007906.1,0.010883963516058269
AL133243.4,0.010883733815313268
RP11-315O6.1,0.01088326925432147
CMB9-55F22.1,0.010879733516525329
RP11-403I13.9,0.010876633990424225
RP5-1024G6.2,0.010859715451560167
IMP3,0.01085397973457102
RP11-576N17.5,0.010853436957598796
MIR302B,0.010845882185150965
FAM20C,0.010843844248945241
RP11-383B4.4,0.010843438572771638
LINC00685,0.010838662052859284
C16orf96,0.010837549720863279
RP11-219G17.8,0.010828156974329614
RP4-758J18.2,0.010825366562044036
RP11-45M22.5,0.010819731749834204
Y_RNA,0.010815372320722801
VN1R42P,0.010814546295649699
SNORD114-6,0.010811108538250423
CEBPG,0.01081106080152998
NEUROD1,0.010810108956114528
FLJ46066,0.010799352769270305
ANOS1,0.010793739451703659
GPR176,0.010791420948107805
NAMA,0.01078905877265751
CTC-205M6.1,0.010779735354734178
USP29,0.010776419213877982
LL0XNC01-7P3.1,0.010772634938709258
TSSC2,0.010772212650394367
GOLPH3L,0.01077196683347927
RP11-214O1.2,0.010771311730395012
AC068580.5,0.01076630150811643
CHURC1,0.010764116084279437
RPL36AP43,0.010759279558204469
FAR2P2,0.010757822921975208
AC007000.10,0.010755345857912404
AC068499.10,0.010754178725553887
AC009542.2,0.010753598756507665
AC046143.3,0.010751212817488498
FLJ16779,0.010749359731818732
CRTAM,0.010748922855538183
C14orf132,0.010745948055699965
Y_RNA,0.010745710272548602
PPP3CB-AS1,0.01074067908275001
CCDC115,0.010739053488260515
CTA-972D3.2,0.010736413616996593
RPS26P52,0.010729508521890682
CTB-35F21.1,0.010728840785544537
RP5-899B16.1,0.010724930839157647
SLC25A14P1,0.010721921948357954
RP11-182J1.5,0.010717164918002328
RP4-736L20.3,0.01071708719889639
STX17,0.0107151572269312
MTND4P23,0.010714744770060132
LINC00665,0.010714000536752187
RP4-735C1.4,0.01071237443073169
RP11-295H24.3,0.01070803381409455
AC104777.2,0.010707795732151288
MTRNR2L11,0.010699183835039799
RP11-495O11.1,0.010695726550302593
TNFRSF10A,0.01069407244053035
PIM2,0.010692428295761478
RP11-568A7.4,0.010688091276783213
RNU6-986P,0.010679290468190139
IGFL4,0.010678223015355282
Y_RNA,0.010674255967053951
RP11-50I19.2,0.010673489286404641
RP11-148K1.10,0.010670757565935095
RP11-245J24.1,0.010662482217076769
RP11-925D8.3,0.010660703743926242
SNORD56,0.0106604949387888
RP11-250B2.5,0.010659504162997258
CTC-524C5.5,0.01065902871202161
GNG5,0.010658174220239429
OPA3,0.010656676589192175
SNORD63,0.010654922365685085
RP11-517C16.4,0.010653031395046671
RNA5SP219,0.01065185554489727
RP11-650J17.2,0.010649651627738671
APOL6,0.010641958141455481
FAM92A1P2,0.010637667114975762
NDUFB4P11,0.010636745081722184
RP11-499P20.2,0.010635193091298411
RP11-701B16.2,0.010632239694830712
RP11-379K22.2,0.010629054903924861
AC008073.7,0.010622809287035058
CTB-41I6.2,0.010620986300631434
RP11-203B9.4,0.010616589862200687
PAGR1,0.010615393561283772
SLC25A22,0.010607439883812582
LRRC25,0.010607231434421943
AC084809.2,0.01060675122570649
HMGN2P10,0.010604923123596455
RP11-220I1.2,0.010602958968026937
RPS3P2,0.010602510791266664
S100A16,0.010598894929988192
ZNF284,0.010598480443367052
LINC01014,0.01059710192871881
DDX50P1,0.010595299870099682
RP11-439M15.1,0.010594414940243747
AC006946.12,0.010590034881011946
AP001604.3,0.010578057365255179
CTD-3234P18.6,0.01057746377322026
GPD1L,0.010577214485503354
RCSD1,0.010576574338793183
RPL31P52,0.010572087535934105
HMGN2P7,0.010571087615507666
AC079776.3,0.010571042089120382
AC009404.2,0.010571005638381939
RN7SKP96,0.010567647087208686
ERVH-1,0.010566370787908471
CTD-2541M15.3,0.010565416565416123
KIR3DL2,0.010564916813065352
MYLK-AS2,0.010560740987854854
ZNF92P3,0.010550518563869274
RPS12P18,0.010548992956246743
RP11-540B6.2,0.010543730365290232
APOBEC3C,0.010543176024486312
CTD-3214H19.4,0.010540271392478616
EP300-AS1,0.010534569070941626
TATDN2P1,0.010533325803362376
ADCY8,0.010531466564386653
MSH3,0.010528335144509625
RP11-500M8.4,0.010524417015701393
RP11-173A8.2,0.010518348090035998
RP11-56B16.1,0.01051769664697704
LRRC47,0.010513773087370662
RP13-15M17.1,0.010509427595585418
TNKS2,0.010508987689936482
ZNF655,0.010505368303144469
ACTR5,0.010502629791987449
RNU6-190P,0.010500280053546727
DBET,0.01049940704452223
RN7SKP151,0.010497935620186409
LMNB2,0.010497881013331902
RP11-991C1.1,0.0104923169249603
RP11-91A18.4,0.010490208082541669
AP003774.4,0.010489123573141683
RP13-516M14.1,0.01048633178958147
RP11-1148L6.9,0.010485498616580682
FKBPL,0.010483676812496024
KIAA2012,0.01047992458303472
AC008154.4,0.01047299572094914
RP11-546J1.1,0.010469748783647717
Y_RNA,0.010461410891736422
RN7SL213P,0.010460777707173826
ENTPD1-AS1,0.010460087631824216
CTC-215O4.4,0.01045928840297939
ITIH6,0.010457578126405518
RP11-967K21.1,0.010457081560944612
RP11-706J10.2,0.010456297339836863
MIR5094,0.010454940038561667
SRM,0.010454329307553448
LINC01624,0.010452619398396562
XCR1,0.010452294296068261
EIF1AX-AS1,0.010450404153080765
N4BP1,0.010447727777028312
RP11-667K14.8,0.01044627466961525
AC018867.1,0.010440541154095862
RP4-769N13.7,0.010439450261421412
CFHR1,0.01043684246732136
RP11-697E2.12,0.010434533908103151
RP5-867C24.5,0.010433519724351078
RP11-703H8.7,0.010432520932588582
CXCR2P1,0.010432139206635035
RP11-90P13.1,0.010431770153375201
RP1-30M3.5,0.010431366761974413
RBMXL1,0.010429820804045113
CTD-3099C6.11,0.010429307456453762
RP11-888D10.3,0.010424064673027538
NRAV,0.01042187738214936
CRAT37,0.010418279400698118
Y_RNA,0.010417587914129365
NAALAD2,0.010412795208693433
CRB3P1,0.010411526007333303
CTC-455F18.3,0.01040828077481312
OXLD1,0.010399057108134668
SNORA67,0.010397623880517437
RAB28P5,0.010395238168279891
CCDC90B,0.010393577434362629
SFSWAP,0.010390454565622041
RPS15AP30,0.010388824387628838
ANTXRLP1,0.010386505175440519
AC002398.11,0.010378696217042413
RP5-827E24.1,0.010370950978555131
RP5-971N18.3,0.010370649591990126
RP11-401G5.1,0.010368316216731998
RP11-19E18.2,0.010367731106046304
CENPBD1P1,0.010367064329217916
RP11-302M6.5,0.010364687726876095
RP11-455O6.2,0.010361539724390351
RP11-561B11.2,0.010361417705568041
AC099535.4,0.010361396708109235
DECR1,0.010356931209436593
SNORD116-15,0.010356323141058532
CCT4P1,0.010355956707335596
RP11-574F21.2,0.010354081736553547
ZNF681,0.010353801496450123
PPTC7,0.010349238328623478
AC068138.1,0.010348621875760734
TNNC2,0.01034652844803963
POM121L14P,0.010346033936343065
RP11-158K1.3,0.010343539405264904
RP11-573D15.1,0.010341870142299288
TCEB3-AS1,0.010341629985519733
RP11-28G8.1,0.010339990697106286
RP11-33A14.3,0.010339486318655796
CD99P1,0.010338782829463329
RP11-80A15.1,0.010335848967558363
CMSS1,0.01033366301680188
CTD-3080P12.3,0.010333040623602352
GOLGA2P1,0.010327807335274603
MIR324,0.010319265078916734
PFN1P8,0.010316545654444084
MYO1E,0.010316320212143999
Y_RNA,0.010312438947648331
CLEC12B,0.010310745069364628
IGLV2-11,0.010308185276291675
C14orf169,0.01030596328775916
TMED6,0.010303325426843712
FCGR3A,0.010300948519774316
RP11-320G24.1,0.010300746618445324
TRAM2-AS1,0.010300659638363073
AC011742.3,0.010297783794565588
EBI3,0.010296728618553267
RP11-838N2.5,0.01029449352833428
RP11-512M8.11,0.010292414786382929
CTC-297N7.10,0.010287591484616424
HEMK1,0.010285381450757688
FGL2,0.010284347207426898
RP11-680G24.4,0.010281858207471612
RP11-481J2.1,0.01027520014362937
AC005019.3,0.010272408712478875
RP5-967N21.11,0.010269302905265973
ICAM3,0.010268137701069845
RPS20P4,0.010265483959766727
MTND5P29,0.010264497474152706
PLEKHA3P1,0.010263922314766305
MIR570,0.01026365058600883
CTD-2337I7.1,0.01026013719618939
uc_338,0.010257747779198186
RP11-529K1.2,0.010252957383924014
RP11-523H20.3,0.010249719609225345
RP11-638I2.2,0.010247960344736344
FCGBP,0.010246643941578504
FTLP8,0.010243514957595989
CASP5,0.010240841393225161
AC074212.6,0.010238248433042859
AC008522.1,0.010238039368829239
ABRACL,0.010237810030721276
GPR146,0.010237427077778631
GOLGA8H,0.010235686979525857
RNU6-483P,0.010232618799982302
RP11-67P15.1,0.010231869635394806
ALG11,0.010231041718439695
RP11-67H2.1,0.010229112091121678
SLITRK3,0.010228692635839592
PLP2,0.0102274259056287
RP11-543C4.1,0.010219210281300524
TICAM1,0.010218166566963826
URB1,0.010212177730838688
KL,0.010210325753748964
RP5-902P8.12,0.010208461823494544
RP5-857K21.4,0.010207778260022485
AC019181.3,0.010203976735830978
ZNF611,0.010202800348761754
CYP4F32P,0.010202153996500131
RP11-51L5.2,0.010201840879371786
RP11-848G14.5,0.010198557777258765
RP11-727A23.7,0.010198497991929366
MKI67P1,0.010197503300773481
ACTBP12,0.010197409777108639
AC002400.1,0.010196448857274549
FAM111B,0.010190900910769794
OR5BA1P,0.010189168687673297
RBM14-RBM4,0.010188895314361847
FRAT2,0.010184958152800915
RP11-138I1.3,0.010171610754997866
MIR3135A,0.010171439268356317
AL133245.2,0.010171431745938863
HIST1H1PS2,0.01017140780971643
LENG1,0.010171001978658117
AC007249.3,0.010167725419887858
RP11-580I16.2,0.010165929313636642
RP1-73A14.2,0.010165408656182217
ELOF1,0.01016366590716762
CTB-161C1.1,0.01016161922023989
PPP1R36,0.010159551833525746
IGLV1-44,0.01015890427049374
RPL12P7,0.01015793996718567
RPS2P46,0.010156804921279707
SNORD113-2,0.0101563946910294
KB-226F1.2,0.010152543864668148
CTC-348L5.1,0.010151477914084266
RP11-820I16.2,0.010145293410768075
ARHGAP40,0.010144188559262832
MANBA,0.010142596629822311
RP11-872D17.4,0.01014150057506838
DUTP2,0.010138948803628475
RP11-848P1.4,0.010135688970161467
PCP2,0.010135353084868544
RP11-142L16.2,0.01013523500868795
SHFM1P1,0.010134690311162396
U4,0.010130975099422544
RP11-785G17.1,0.010129292856302437
RP11-1006G14.1,0.01012410968857824
RPS15AP16,0.010123638369882696
ZNF552,0.0101211105242353
CERS6-AS1,0.01012092961249458
RP11-252I14.1,0.01012043989564896
RPL7L1P1,0.010117303045379633
IGSF5,0.010117179514258556
OR56B3P,0.010113978983044029
XXbac-BPG299F13.17,0.010113690950475695
ZNF32-AS2,0.010113678423210521
CTB-102L5.4,0.01011261545781377
BRINP3,0.01011155128155746
RP11-498D10.3,0.010105765107498043
Y_RNA,0.010104816939531441
KRTAP5-8,0.010100632704307146
RP11-154J22.1,0.010099769967185094
SLC35G5,0.010099490378371078
FAM43B,0.010099020762945854
RP11-467L19.11,0.010097258070943933
KRT18P59,0.010096230510545581
ZNF487,0.010091550391714114
NPB,0.01008888401170176
IGKV1D-42,0.010086555631586315
MIR4420,0.010086502426373682
MNS1,0.010080903595147489
LLNLR-246C6.1,0.01008053748630251
DDX39B-AS1,0.01007939386810575
ZEB2P1,0.010073565696247386
MGAT5,0.010071559485531368
RP11-255G12.2,0.010068604330695619
AC004067.5,0.010064908125146032
CTD-2349P21.9,0.010058779988087492
RP5-864K19.6,0.010054068656221406
uc_338,0.01005249676973956
RP11-269C23.5,0.010049701247433922
TRBV5-6,0.010049429032010115
GLCE,0.010047429215649849
OR7E89P,0.010044877604819041
C5orf47,0.010044828989947723
MYBPC3,0.010044291394844976
CTB-102L5.7,0.010038776140435026
RP11-84C13.2,0.010037820483916335
AC144835.1,0.010030432216283773
RP11-700P18.1,0.010030194714746263
RP11-244B22.10,0.010030159285269262
OLFM5P,0.010027558438353994
RNA5SP28,0.010025343938582539
RP11-6N17.4,0.010024608292109964
TULP3P1,0.010023379656185313
KCNMB1,0.010023218295613725
RNU6-795P,0.010022493303404933
RP11-973N13.3,0.01001873399447887
AC087491.2,0.010017067832145659
AC073046.25,0.010016829557842784
AL022341.3,0.010016331533338658
PPP1R10,0.010010448428514446
CTC-360G5.9,0.010009406626537496
MIR708,0.010007626508825371
NIPA2P4,0.010002692613209473
OR10V2P,0.010001072969429183
GS1-124K5.10,0.010000930655910865
RP11-686O6.2,0.010000629069814568
RP11-298D21.2,0.009999937145556949
RNU4-28P,0.009999599968382742
CTD-2325P2.3,0.009998647874796722
AC073063.10,0.009996093410066516
CTD-2189E23.2,0.009995334305841893
CHMP6,0.009995031428915722
USP38,0.00999068370287491
RP11-338K13.1,0.009988567090225864
NXNL1,0.009987936528882323
SRSF8,0.00998648093731632
WDR46,0.009983633731213309
KRT18P62,0.009978724427213448
LINC00431,0.00997691666827874
OPRD1,0.009976415204478754
RAB22A,0.009972870038621209
AC069513.4,0.009970275515765277
ZNF157,0.009968532284701376
RP11-476C8.2,0.009963362179934912
AC016910.1,0.009960012860779351
CTD-3131K8.2,0.009959956286042525
HIF1AP1,0.009957475821209552
ZNF878,0.009956434768185002
SAXO2,0.009954411650855194
RP11-876N24.4,0.009954207222534215
RP11-440D17.3,0.009949515858797253
IGLV2-23,0.009945181948185248
TTN-AS1,0.009943053390885045
AC009120.5,0.009937472379305578
ILF2P1,0.009935709185495967
RP11-305O4.3,0.009931761964877307
NDUFB2P1,0.009925856769739408
LINC00895,0.009923846220149508
AC005253.2,0.009916589019557642
RP11-727F15.9,0.00991652019407746
RP4-687K1.2,0.009908343774665807
CTD-2227E11.1,0.0099076179815418
RP11-862L9.2,0.00990704200971318
OR4A46P,0.009906395115080015
GNB3,0.009904172946029103
TMEM132E,0.009899771555670416
RP1-59D14.5,0.009899432621788296
POLI,0.009898396769351704
CTD-2336O2.1,0.009898141487609211
RP11-169F17.1,0.009896618766161854
ABCB10P3,0.009889455776698546
RNY3P13,0.009889106809714181
ILKAP,0.009887257304284922
RGP1,0.009886763157515951
AC083900.1,0.009882372149109694
E2F3P1,0.00988101770895357
ICE2P2,0.009880872558023421
BNIP3P1,0.009880234781190222
AC009473.1,0.009879398477335133
MAFG,0.009878643197909326
ZBTB14,0.009878030903096167
OR1H1P,0.009876086139560288
FUT8-AS1,0.009874417953473958
HMGB3P31,0.009874392555614796
TMEM102,0.009874278823906731
TNFSF12,0.00987380339816787
ZNF212,0.009873108795751321
RP11-74M13.5,0.009872111853206193
RP11-363N22.3,0.009870807760083708
RP11-36N20.1,0.009866105284186669
Y_RNA,0.009864300930608466
CTD-2062A1.2,0.009860413069590162
AC005083.1,0.00985914135336326
HNRNPDLP4,0.009858687667236321
FDX1P2,0.009853769136649315
RP11-452D2.2,0.009851014543996568
ZNF319,0.009850385458494782
CTD-2529P6.3,0.009849349148341516
ZBTB11-AS1,0.009848075154950545
Y_RNA,0.009847413374086882
RP11-886P16.10,0.009847256301054753
RP11-676F20.1,0.009845562634799758
PNPO,0.009845290125774777
RP11-15H20.2,0.009844653768550348
RP5-1139B12.3,0.009843359854125265
PPRC1,0.009843079763074277
NENFP2,0.009842643680061705
LINC00536,0.009838510716414861
RP11-48G14.1,0.009837842629288001
UBA7,0.009837760470500275
AC008060.8,0.009830295143855266
RP5-1031J8.1,0.009829611419304569
RP11-507B12.1,0.009828678677846696
DNAH10OS,0.009827470470009373
RP5-1125A11.7,0.009826920661945033
CTD-2330K9.3,0.009826905515101963
DDO,0.009826294288562467
RP11-797J4.1,0.009823551689391962
EBAG9P1,0.009820351388958868
RP1-37C10.3,0.009818785741119471
RP11-474B12.1,0.009806782622995922
IGLV1-36,0.009806419640203571
DHDH,0.009805657687803074
RP11-44D5.2,0.009801767832723582
MT-ND3,0.009801038557189943
RP11-80H18.3,0.009799067824755207
TRAV22,0.009799030105878207
LINC00618,0.009797117398800398
RP11-259K5.2,0.009796161773559032
ACE2,0.009795284443372028
Y_RNA,0.0097920214806634
TRAV17,0.009789868799715036
KCTD8,0.009789391971993213
MAP3K11,0.00978614795015042
RP11-1046B16.3,0.009782570945239015
RP11-430H10.1,0.00977837759275789
CTA-212D2.2,0.009774747290508447
CTD-2528L19.3,0.009774432017357518
RP11-307N16.7,0.009774292011168832
RP11-400F19.12,0.009772370180476506
B3GNT6,0.009770959104222555
FAM41C,0.009770872516265568
FDXACB1,0.009769683417002913
RP11-347L18.1,0.009768270026240243
GPR158,0.009765874323377033
TMEM44-AS1,0.009765664002270328
MIR6835,0.009763639850528302
RP11-297C4.3,0.009763542988516526
RP11-247I13.11,0.00976283830569633
H3F3B,0.009760273371173734
RP11-411B10.8,0.009759784720834502
NMUR1,0.009756335465065956
PTRHD1,0.009754972232467218
ARL6IP6,0.00975483507298824
AC005785.5,0.009752468860329353
RP11-550I24.2,0.00974988555400833
SLC2A3P4,0.009748451101747853
RP11-748L13.2,0.009745242295078803
AC026188.1,0.009739306794822955
GHRLOS,0.009738568796750714
RP11-78A19.4,0.009732246752906633
RNU6-60P,0.009732151371936157
RP11-124D2.7,0.009730967334562189
RP11-56B16.6,0.009729863955947205
ALG1L9P,0.009729148701685963
Y_RNA,0.009729079973456345
TAF10,0.009727847098768292
PDE3B,0.009727058938323976
LMO7-AS1,0.009723917167287268
RP11-769O8.1,0.009720806154846993
FCF1P3,0.009718992510035466
OR2V2,0.009718057934750916
AP000436.4,0.009717793594717325
ROCK1,0.009717098247557185
Metazoa_SRP,0.009716962150551463
AC006978.6,0.009716439369274393
ZDHHC24,0.009714286672440281
GRID2IP,0.009713840372162896
ZNF783,0.009705802545363827
MIR4730,0.009696164965866168
CALR4P,0.009695010966721743
ARGFXP2,0.009692640209661008
ZIC2,0.00968967156175055
CTD-2267D19.3,0.009687730586613248
RP11-150O12.3,0.00968765150493494
RP11-239E10.2,0.009687246332692941
SNORD117,0.00968092545130907
RP11-520H14.7,0.009680569657298842
FASN,0.009678091590859209
CPT2,0.009675798568891883
AC064850.4,0.009673359533833624
RP11-996F15.5,0.00967287025776672
RP11-946L16.2,0.009670718829415533
SP5,0.009670482342182698
hsa-mir-3130-1,0.009668481067028303
GTF2H4,0.009663635727818918
SNORA15,0.00966138075346236
RP11-488C13.5,0.009656779456317278
LINC00667,0.009656304985114675
AL773572.7,0.009652795999430898
ERCC6L,0.0096527151131706
RP11-16E23.3,0.009651186325028246
CCL17,0.009650695004464084
EEFSEC,0.009650286605974936
RP1-228P16.9,0.00964890598113883
ZNF804A,0.009646842661680812
RP11-649A18.3,0.009645357766663984
DCST1,0.009641086850817968
RP11-767C1.2,0.009638990503908493
CH507-338C24.2,0.009638288624585432
LINC00334,0.009637765911029958
ABCB10,0.009634272492001944
AC000032.2,0.009633311393890436
CIC,0.009631417363956778
TAS1R3,0.009630771038578461
CH507-9B2.2,0.009628001262944953
MED9,0.00962569035618212
SLX4,0.00962520973041335
SNORD46,0.00962490679243828
AC025918.2,0.009624884254121158
AC069063.2,0.009623630502699683
CTD-2017D11.2,0.009623259406074077
RP11-494H4.3,0.009621439184315558
RNU6-450P,0.009618505796598571
RBBP4P1,0.0096155897314839
TMC3-AS1,0.009615352939367841
AC009262.2,0.009612699187237846
NUPR2,0.00961064282849057
RP4-550H1.5,0.009609709289791981
RP11-495P10.10,0.009605695905336121
MIR499A,0.009603462013837053
Y_RNA,0.009597695854881029
MAP10,0.009597276449275018
LLNLR-304A6.2,0.009596379146743337
RP11-162J8.3,0.009594314491724529
AC024560.3,0.00959188524784377
RP11-473M20.16,0.009591114713810791
RP1-15D23.2,0.009588266672425301
NDUFB1P2,0.009587376366791564
AMMECR1L,0.00958562220426247
CTD-2227C6.2,0.009582156666981461
RP11-66N24.3,0.009580207279244567
TIGD5,0.009577141458004762
RP11-16C1.2,0.009576285072398388
GGACT,0.009573342067324311
CSTF2T,0.009572273188694606
HNRNPA1P58,0.00956615659530008
RN7SL403P,0.00956393808463992
GEMIN8P4,0.009554809288764317
MEIS1-AS2,0.009553603283636022
CHDH,0.009552863098405634
AL158839.1,0.009552288000957983
PLPP6,0.00955112710192207
CD200R1,0.00955067213528486
RP11-638L3.2,0.009550636090399819
DOLK,0.009547078916569869
C9orf135,0.00954467031604876
CALML6,0.009538395304635194
ZNF490,0.009536752241398527
RP11-373D23.3,0.009536372881039788
CAPN10-AS1,0.009536124203900235
FBXL7,0.009535994751140635
RP11-374F3.5,0.009530739928376936
NPIPB14P,0.009529401291299387
RNU6-387P,0.009528196038268084
LINC01431,0.009527625040838874
AC139103.1,0.009526798174230819
RP11-261C10.7,0.009526528241066756
MIR135A1,0.009521985812093037
PITPNA-AS1,0.009520830470627314
AC026471.6,0.00951925203134419
ARIH2OS,0.009518981068355086
ARL14EP,0.009518575246829036
DDX12P,0.009518242169570831
RP11-27K13.3,0.009517143840864408
PLAC4,0.009514721017721078
RNU6-407P,0.009511672599599947
TRBV14,0.009510279880239067
RP3-399L15.3,0.00950896757790471
CTB-186G2.4,0.009506558970107387
MIR210HG,0.009501928730467334
ATP5G1P1,0.00949916992338924
AC100830.5,0.009498230456744191
GEMIN4,0.009497702579328832
RP4-752I6.1,0.009494669956775855
NDUFB8P2,0.009494664732853998
TPMT,0.009494141831030428
CTD-2165H16.3,0.009493471325611694
CCDC106,0.00949118855723886
RP11-429J17.4,0.009490209971004181
RARRES2,0.00949003107064368
RP11-83B20.5,0.009487865587124385
LPP-AS1,0.009485481663643065
RN7SL415P,0.0094852805512973
CICP24,0.009482946179869386
YWHAEP7,0.009482171436486156
CTC-441N14.2,0.009481426334531232
FURIN,0.009477890493945021
TUBA3E,0.00947210159002874
CTD-2583A14.9,0.009471843942105129
RP4-576H24.2,0.009471657112533461
RP11-35G9.5,0.009471321835658124
RP11-143J24.1,0.009470867604514798
TRAV23DV6,0.009469969000029542
KRT8P12,0.009469868892986828
MTND5P28,0.009469319607616851
CTC-265F19.2,0.009467729665321029
RP11-265F19.1,0.009458563353061295
RP11-982M15.7,0.009456581659578765
AC012307.2,0.00944674030311671
RP11-57H12.3,0.009446685936669096
CELF2-AS1,0.009444826017517725
MRPS10,0.009442281898370038
KCNJ11,0.009440804432544723
PRAF2,0.009440420987472156
RP11-229P13.2,0.009431051946811615
FAM58BP,0.009430200098384182
DPP9-AS1,0.009429235352655328
FTH1P22,0.009428096776418706
RP11-484L8.1,0.009427740404994292
HDDC3,0.009425075490401292
SF3A2,0.009421464701837249
RP11-712B9.2,0.009418061956002137
MSI2,0.00941798370222138
RP11-736K20.4,0.009414620355713678
AC005281.1,0.009412893749175845
AC073316.1,0.009412718592252954
CREG1,0.009411751601123975
FAM90A12P,0.009408510338012592
RP11-225B17.2,0.009407344713769554
AL360294.1,0.009406176634467672
RP11-158H5.2,0.009402767703600077
RP11-384P7.7,0.009402190998596934
MIR6832,0.009401889415997311
SDHCP3,0.00940150207229974
RP11-864I4.3,0.009399184491756583
RP11-351M8.1,0.009398223944959852
OR52B2,0.009395311216991237
S100A14,0.009390023054597062
FLJ42393,0.009388297292116812
RNU6-893P,0.009381577875879343
RHPN1-AS1,0.009380567501818966
AC005220.3,0.009379076541630938
ANKRD61,0.009378121520830522
RP11-76E16.2,0.009378081031942792
AC092580.4,0.009375441173332883
RP11-626G3.1,0.009372960271345251
RP11-723O4.3,0.0093713302728951
AC006538.4,0.009369081553786195
RNA5SP242,0.009366858119832296
RP11-845C23.2,0.009365888820715932
RP11-340E6.1,0.009365663428997988
AC005775.2,0.00936513916253145
COL4A2-AS2,0.009363456073675804
RP11-58K22.4,0.009363059839057893
ELK1P1,0.009362517383756682
TRBV7-6,0.009361881723224158
RP11-286O18.1,0.009361192950317189
SNX8,0.009360172524474644
RP11-112L6.2,0.00935887704907246
GNA11,0.009358666071666893
MTATP6P1,0.009354899356411851
RP11-563J2.2,0.009351103898586406
RP11-641J8.1,0.009349596860417022
NAPA-AS1,0.009349591493817314
RP11-424M22.3,0.00934957494638315
RHOB,0.009346561779774736
IGLV3-21,0.009345537520872456
IPO7,0.009344498044481571
LINC01117,0.00933914452636922
ALG1L12P,0.0093388826842206
ARMCX6,0.009338428036956739
RP11-226L15.5,0.009336961385960105
RRAGC,0.00933358465286221
Y_RNA,0.009333469798071098
CCT7P2,0.009331831710431185
RNU1-73P,0.009329119837549247
URGCP-MRPS24,0.009327274171199267
CTC-529I10.1,0.009327228955493304
RP11-384K6.6,0.00932416064896687
FBXW11P1,0.009323399347465112
RP11-314A20.5,0.00932190832439226
RIT1,0.009321364410975879
KHNYN,0.00932119318960556
CTD-2329K10.1,0.009321175379387852
FZD2,0.009320323514434015
RP11-510M2.2,0.009319691097356413
RP11-649G15.2,0.009319082479914045
RP4-681N20.5,0.009315818790068526
RP4-584D14.5,0.009315166581183273
VIL1,0.009314518163895736
RP5-890O3.9,0.009311134123943214
CACNA1C-AS2,0.00931041685515931
NUP85,0.009309891585315484
RP5-943J3.2,0.009307667303119636
ACTBP1,0.009304071466242366
RP11-655M14.12,0.00929965934417226
AC002310.12,0.009296009042124909
Y_RNA,0.009295016549103132
RNU2-28P,0.009292733578291332
RP5-842K16.2,0.009287045074948744
GAPDHP22,0.009283648733357597
NCBP2-AS1,0.009283638163346753
FHIT,0.00928246963338083
RP11-67A1.2,0.009281065498364884
MTCO1P24,0.009275227936773132
SCN1B,0.00927138995861013
PLAGL2,0.009268231748874369
RP11-498C9.17,0.009264879251304748
RP11-462B18.2,0.00926332936525283
CTD-2366F13.1,0.009261036915721815
COL6A4P2,0.009260965725379952
CTC-525D6.3,0.009258778418270455
PCGF2,0.009257917183786817
ZNF213-AS1,0.009257001607361313
RP3-475N16.1,0.009254758686960301
CECR7,0.009254509199970805
RNU6-729P,0.009254463332718423
RP11-440G9.1,0.00925250277195404
RASA3-IT1,0.009251191443007099
RP11-494I9.2,0.00925113337065586
AC013448.1,0.00925002142042252
AC005082.12,0.009247655279343988
RP11-618P13.1,0.009246767754804956
IGHV4-39,0.009245716524365498
CHST2,0.009245284955359211
RPL23AP64,0.009244794672416201
PPID,0.009242800095240975
BMPR1B,0.009241616106984494
MIR5695,0.009241237490824535
RP11-674E16.4,0.00924048042255955
RP11-104L21.2,0.009239669262967976
PGAM1P4,0.009238180543385247
RP5-1069C8.2,0.009234335174680185
HNRNPA1P60,0.009227567637943707
RNU6-1137P,0.009226750077381097
LA16c-385E7.1,0.009224027048714816
SPDYE17,0.009220959632580288
ADIPOR2,0.009217951036255254
AC007292.7,0.009217913807259222
ADSSL1,0.009216062984574148
RP1-247F3.1,0.009214697852180036
POM121L9P,0.009211631881142874
RP11-71B7.1,0.009210735152686519
ANG,0.009207378588806749
RP11-830F9.7,0.009205924945722383
RN7SKP87,0.009205405813907741
SPNS2,0.009202554236500323
RP11-831H9.3,0.009200495068914565
RP11-61J19.5,0.009199954351898817
C10orf113,0.009197195143686268
PRDX3P4,0.009196677075015118
STAB1,0.009196414543324583
AC098823.3,0.009188238263834813
RP11-94C24.11,0.009188034507601054
IGHV3-30,0.00918787769957379
HIST2H2BA,0.009187643736673816
AC022819.3,0.00918683056491722
RP11-63A2.2,0.009185582767174716
TMEM189,0.009183981657588547
RP1-7G5.6,0.009183010442231227
RP11-465N4.4,0.009181180010730365
CSPG4P11,0.009176636991700123
CTC-527H23.3,0.009175080785631055
CFL1P5,0.009174537996882622
AP004290.1,0.009172936194264665
Y_RNA,0.009171006841231765
AC092295.4,0.009167099125619487
SEMA3G,0.00916606563861344
RP11-133K1.7,0.009165032742280197
TIMM29,0.009164572898510937
AC015849.13,0.009162861166506263
OR52K3P,0.009161808885529053
SMC5,0.009160980143564725
RP11-1334A24.6,0.00915943009793525
RP5-837I24.1,0.009158155014413371
LL21NC02-1C16.1,0.009150400864259835
RP11-474O21.5,0.009147473191809382
ZNF525,0.009146254990988706
C4BPAP2,0.009145456927761617
PSORS1C2,0.009145032067463445
IQCH-AS1,0.009145013988639159
RP3-429G5.5,0.009143603124767363
LINC00987,0.009143372800468808
RP11-549K20.1,0.009139704023289215
RP4-753P9.3,0.009137409528984862
CTD-2216M2.1,0.009136472857987661
RP11-253E3.3,0.009133697662067118
RP3-436N22.3,0.00913362256301235
RN7SL265P,0.009128392176900951
RP11-498M15.1,0.009127247211975244
CGGBP1,0.00912704039688323
GBA3,0.009124079804735227
RP11-90B22.1,0.009122317876133953
GPR156,0.009119030278422993
RP11-728K20.3,0.009118470904112724
ECD,0.00911840738119129
SRA1,0.0091183348955049
RP11-191G24.1,0.009118083203310078
RP11-431M7.3,0.00911773485505012
RP11-381E24.1,0.009115451918843914
MTRNR2L12,0.009115395134400142
RP11-486B10.4,0.009115128104119373
RP11-493E12.3,0.009114369381712504
RP11-923I11.4,0.0091135811695675
CTD-2562J17.7,0.009112460046145077
RP11-407N8.5,0.00911004641405667
AF003625.3,0.009104518062207934
RP1-125I3.4,0.009102844492661404
AC063976.7,0.00910093351592465
SURF6,0.009099740540398233
CTD-2572N17.1,0.00909838608330981
HTR7P1,0.009097848236743623
CNTD1,0.009097739220446372
RP5-1116H23.5,0.009097451987174984
PSG2,0.009095157290762788
AMIGO3,0.009094876339590836
ANKRD10-IT1,0.009094711691988177
SEMA4C,0.009090627403936583
RP11-346E8.1,0.009089861102144553
CTD-2525I3.3,0.00908713910293117
SIPA1,0.009086870989111427
TUBG1P,0.009086215972030501
SLC8A1-AS1,0.009084358728335408
SLC25A53,0.009083090526922629
C14orf119,0.009081605659992886
PCDHB10,0.009081284555048053
RP11-452C13.1,0.00908116740915977
RP11-173P15.7,0.009081050059980594
RP11-29H23.6,0.009078546211934057
MCFD2P1,0.009077238509521036
RABIF,0.009076308559153083
RP11-314N13.9,0.009073644682754402
AL023806.1,0.009072004034701417
RP4-800M22.2,0.00907131346006483
CTB-31O20.8,0.009070874965726648
RGL2,0.009070429550840803
RP11-572O17.1,0.009069215604021703
RP11-3B12.3,0.00906452121299398
LINC01492,0.00906403488081769
TSPYL1,0.009062020610486554
MIR1302-2,0.009060817167684889
CYFIP1,0.009060665995785628
ESPNP,0.009058584941826623
EIF1P6,0.009057887484180228
RP1-187B23.1,0.009057015069909803
CTD-2126E3.3,0.009056063591735287
RP11-452J21.2,0.009054772800416508
RP1-197B17.4,0.009052419624764784
UBE2D3P2,0.009052248759477204
LINC01359,0.009051746631142289
RNU6-689P,0.009049291912528583
NMRAL2P,0.009044274081106344
RP11-166B2.7,0.009044222068230344
ZNF575,0.009042380768444064
SRMP2,0.009042097534392068
TRAPPC6A,0.009040414684460511
AC078842.3,0.009038632522316185
KCNJ2-AS1,0.009038455440069407
RN7SKP198,0.009037024082649637
RP11-761I4.4,0.009035845842240306
RP11-730A19.9,0.009033200423522403
Y_RNA,0.009032858119492886
FGF20,0.009031818973503272
HIST1H2BD,0.009031171802088598
AL132640.1,0.009031054933324009
OVOL1,0.009029850134128842
MIR4728,0.009029750324314474
RP11-475D10.4,0.009029085157326656
RP11-8J9.5,0.00902428219118319
CTD-2527I21.14,0.00902424399378249
OLMALINC,0.009023852942617528
RP5-1186P10.2,0.009023740773670307
RP11-305O6.3,0.009022463676891303
ADAMTS4,0.00901405109317092
IER5L,0.00901400237382732
CTD-3035D6.2,0.009011923248762505
RP11-217B7.2,0.009011792329598268
RP11-58A18.1,0.009009952873519102
COA7,0.009008193828535589
BIK,0.009005986702816627
CTD-3149D2.3,0.009004787022122736
EGR1,0.00900325373669877
RP11-762I7.4,0.009002860732529285
RP11-34P13.13,0.009002807143535914
HOXD13,0.009001629824979691
EIF4EP1,0.009000448340260137
YY1P1,0.008999443350462493
Metazoa_SRP,0.008998708278461349
RP11-231E4.5,0.008997944684268015
KCNG4,0.008997694848904376
ECH1,0.008990777495932384
RP11-428G5.1,0.008989947262205795
RP11-539G18.3,0.008989816076675275
WDSUB1,0.008988594811501155
RP11-524F11.1,0.00898554953280334
SCARNA20,0.008984968483082662
RP11-317O24.1,0.008980289004807022
RP11-18B16.2,0.008978166185405765
LINC01620,0.008977925996548362
NBPF14,0.008977412363807233
RP11-362L22.1,0.008976767705944072
RP11-264B17.2,0.008975055634583952
CXCL9,0.008972221202710358
LDB1,0.0089716278279997
SECISBP2L,0.008970642157720308
BOLA2P3,0.008965929858328012
MELK,0.008962722538029929
RP11-440E5.1,0.00896076134040871
LL0XNC01-39B3.1,0.00895953580753045
AF213884.2,0.008958921425752542
RP11-178H8.7,0.008958508315458913
RP11-178L8.3,0.008958172038144852
AC137932.5,0.008957518835048658
AL135745.1,0.008955785399344052
RP11-582J16.5,0.008955692051588388
CTC-523E23.6,0.008952402001896868
RP11-227G15.8,0.008950483472472045
RP11-521B24.5,0.008949974995520311
MTCO1P3,0.008948693095766493
RP5-1102E8.3,0.008948045798883896
NCOA4,0.008946076576401897
AC002044.1,0.00894428423554358
RP11-317P15.4,0.008942130700628806
CDC37L1-AS1,0.008941171879021872
ATP1B3-AS1,0.008940831996665902
CDKL4,0.008937907362317025
RP11-725P16.2,0.008937542190178376
PPP1R3A,0.008937115023554999
RP11-414C23.1,0.008934919865041436
ESRG,0.008932362500659435
RP11-546D6.3,0.008931207964645431
USP30-AS1,0.008930539167829236
RP11-124G5.3,0.00893002822514235
XXbac-BPG32J3.19,0.008928244392876896
RP11-440L14.4,0.008926451777534147
LINCR-0001,0.008925942397691806
RP13-638C3.6,0.00892464895075895
Y_RNA,0.008924226790253835
RP11-17P16.1,0.008923166845093478
Y_RNA,0.008922059158450665
RRN3P2,0.008921832609292666
RNU6-1223P,0.008921140118370856
RP11-3P17.5,0.008920696570505808
RP11-166O4.4,0.008916618036783654
RP11-554D14.7,0.00891316590585146
RP11-1078H9.6,0.008912320545212179
AC005625.1,0.008910855122884481
UBE2FP1,0.008907031073975566
RP11-318C2.1,0.008904420538189366
RP11-44F14.5,0.008902854738513712
RP11-857B24.1,0.008900954436369207
CHRNA10,0.008899899419335378
POLR2CP1,0.008896340751927573
RP11-413H22.3,0.008895864378995479
CTD-2184D3.5,0.008895538338116609
RP11-199F11.2,0.00889161857464796
RNY4P6,0.008891252459363327
AC005042.1,0.008890003373215471
STAC3,0.008889735816917321
GJA9,0.008888703844701036
MTCO3P41,0.008888505723853125
RP11-379F4.6,0.008886844933378891
MTCO3P12,0.008883954462113696
TMEM167B,0.008880967381096647
RP11-551G24.2,0.008879730048295014
FITM2,0.008876209848489823
GLULP3,0.008875031964572025
SMARCE1P6,0.008866036716370556
RP5-1033H22.2,0.008863880743258817
C5orf58,0.008861848214199624
STX8P1,0.008858111681652812
AC090617.1,0.008857765831175647
RP11-265D19.6,0.008853850389506542
TIMM23B,0.008853499084006214
TTC28-AS1,0.008852847563379172
OR11H7,0.008849429166871122
AC005863.1,0.008848209777377433
RP3-508I15.9,0.008847308535986744
SCGB2B2,0.008839403534718059
RORB-AS1,0.008838963750836112
FBXL12,0.008837457597935028
RP11-857B24.2,0.00883726567175838
GALNT5,0.008829363877436481
CDC42EP2,0.008826888564962668
TBC1D27,0.008826069874628447
RP11-321G12.1,0.008825355970762552
RHOQ,0.00882533388285065
IGLV3-19,0.008825161289873295
CTA-384D8.35,0.008824991814382448
RP11-458F8.4,0.008824145564932221
RP11-281O15.4,0.008823970485855768
AC091492.2,0.008821964961906485
TUFM,0.008821884537554161
RP11-472G21.2,0.008821588346547777
NRROS,0.008818579042049985
LRRC19,0.008814524428018097
SEC14L6,0.008810240914650469
RP11-2O17.2,0.00880926349721784
AC091814.2,0.008806005720539523
RP11-754B17.1,0.008805558843679593
NDUFAF4,0.008800312259295834
SNORA2A,0.008799848318280389
UBL7-AS1,0.008799707916897052
RP11-440L14.1,0.008799360060656859
RP11-706C16.8,0.00879483509944047
RP11-932O9.8,0.008792763381746997
TSKS,0.008792247832892957
RP11-323I15.3,0.008790577003254193
RP11-1084I9.2,0.008787754624536435
GPBP1L1,0.008787520416037387
OR7E158P,0.008787157795595444
LINC00616,0.008784112283745038
RP11-795J1.2,0.00878404947131929
RP11-554A11.9,0.008783267429768678
RLN2,0.00878322775247676
AK3P3,0.00878198716720973
GOLGA6L17P,0.008779778089359092
CAMTA1-IT1,0.008779531914446151
PCDHB18P,0.008778414990149523
RP11-124N2.1,0.008778378807211962
RP11-326A13.1,0.00877736549773795
GTF2E1,0.008777086302617136
LNX2,0.008772635353226333
UBE2M,0.008769023676167487
PRR5-ARHGAP8,0.008767837919938955
RP11-394B2.1,0.008766456484095643
EIF4A2P3,0.008764943609143868
RP11-25I9.3,0.008764225447874745
ANKRD26P2,0.008764039229573665
RP11-792A8.1,0.008763274133937765
ENDOD1,0.008763017927853837
Z83844.1,0.008761589580273371
RP11-855A2.1,0.0087577974568553
YWHAG,0.008755826864432823
RP11-228M15.1,0.008754982798483541
SEPT10P1,0.008753625401983116
snoU109,0.008752429243368344
PEX10,0.008752299176297095
RP11-798G7.7,0.008748270055425512
RP11-116N8.4,0.008747553590053492
CH17-360D5.3,0.008745456669441086
GATS,0.008745439807544768
RP11-30K9.6,0.008744971406748882
CTD-2013N17.7,0.00874111272167529
RP11-344B5.2,0.008737148390058718
CTC-482H14.5,0.008737002857580877
PTMAP4,0.00873553801590995
MTND4P24,0.00873350975963248
MIR1273F,0.008732532950167632
ZIC5,0.008731038631224972
RP1-182O16.2,0.008728759455172532
RN7SL592P,0.0087282109138165
ATP5G1P3,0.008727472497583433
RNF113A,0.008726876628645783
UTP3,0.00872677550115558
EPM2AIP1,0.008726513194945827
RNA5SP75,0.00872210741921172
RNU6-583P,0.008721728245941628
IVD,0.008720805240481765
SNORA31,0.00872001066081616
ABCA11P,0.008719654675966727
CTD-2071N1.1,0.00871909939065568
RP11-135N5.3,0.008718514839014433
TRBV10-2,0.00871607781941362
RP4-788P17.1,0.008712213166910739
TRMT112,0.008711647666756318
RP11-666A8.8,0.008711345418172959
SLC2A10,0.008711271734904444
Metazoa_SRP,0.008710565414013568
ZNF134,0.008709990604738871
PIH1D2,0.00870878843857627
WBP1,0.00870759965972777
RP1-17K7.1,0.008704200998689763
ASMTL-AS1,0.008702750052854428
PIEZO1P2,0.008700695100305371
RP11-403B2.7,0.008699834485238835
EXTL3-AS1,0.008699091314134844
RP11-171I2.3,0.00869239625160326
BRINP2,0.008691116599978763
RP11-242F24.1,0.008690506848122045
CTD-2001C12.1,0.00868844468895395
RP11-478C19.2,0.008687793821904512
ZSWIM5,0.008687601254574177
SLC39A2,0.00868721835039214
CTD-3222D19.8,0.008686042260226437
LINC00881,0.008685991970761208
CIB1,0.008685399902689489
RP11-412H9.2,0.008685258176883521
CTB-118N6.2,0.00868392897706631
RP1-144F13.3,0.008682594562739837
RP1-111C20.4,0.008679933274137597
RP11-568J23.2,0.008678992642027988
STS,0.008678683409454047
AC009517.2,0.008675575750471261
ZNF354B,0.008673609546795346
MYADML2,0.008672013697631603
CTC-507E12.1,0.00866950743263107
RP11-586K12.1,0.008668465664066904
NOTCH4,0.008664959990785684
NUTM2A-AS1,0.008663740016360954
KB-1507C5.3,0.008663728863382224
NOXRED1,0.008662283284806923
HCG4P5,0.008660946097797943
KIAA1614,0.00865997106712629
SUMO2P7,0.00865964392471319
MYLK4,0.008658895836788706
RP11-184D12.1,0.008658272754968796
Y_RNA,0.008656506773269535
Y_RNA,0.008654033164528865
TUBB2A,0.008652448513770712
MIR4786,0.00865217995371986
BMS1P2,0.008651873590863815
METTL7AP1,0.008650955055627801
AP4B1-AS1,0.008648181274525987
HCG16,0.008647776330071067
RP11-215P8.3,0.008647472246475857
MTCYBP16,0.0086418984359848
RP4-613A2.1,0.00864096026503384
RP11-171I2.1,0.008640909326517865
RP11-100K18.1,0.008640865000511906
STAG3L5P-PVRIG2P-PILRB,0.008640684313331919
XX-FW83563B9.5,0.008640312219974055
AC073987.1,0.00864016596129954
RP11-168K11.2,0.008638108010652795
RPL10P7,0.008637925718167018
RHOG,0.008636836525994113
RP11-48F14.2,0.008633384928836694
AC074212.5,0.008632971883288298
RP11-415F23.4,0.008631779941966983
RP11-998D10.4,0.008628581468667667
CTB-129P6.7,0.008626288066137347
UBTD2,0.008624595506927572
KB-68A7.2,0.008623147985755067
FBXL3,0.008619364412898416
KB-1958F4.1,0.008618119001599835
MYO15B,0.00861694541167038
AC000124.1,0.00861369943707199
HLA-DPB1,0.008612732172515377
CCDC54,0.008609739099952697
AC005730.2,0.008609613040729823
RP11-44D5.1,0.008607357400367804
WASF2,0.008604815739792042
SLC25A34,0.008599820960743028
SIGLEC18P,0.008597821420437782
RP11-264B14.2,0.00859713562052577
CAMK2N1,0.008593844403222587
RP11-252K23.2,0.008592803955784612
RP5-882O7.1,0.008592485652513275
MUC5AC,0.008592477643430673
RN7SKP150,0.008592460456803194
BNIP3P10,0.008589860341416239
SENP3-EIF4A1,0.008589436252494774
AC010894.3,0.00858843270836852
AC012314.20,0.008584701503693615
LRRC40,0.008580316811556521
RP11-439K3.3,0.008579010288379632
MT-ATP6,0.008577015806034122
BCAP29,0.008575749744477312
LSMEM1,0.008575646308291416
MTHFR,0.008575309494015974
AC018738.2,0.008574750532213267
AC016629.3,0.008574580164454828
C15orf62,0.008570824570428626
RPEP3,0.008570149980096276
AC003005.2,0.008567479351528807
SNORA47,0.008564553715282568
RP11-344F13.1,0.008564382368579896
RP11-582J16.3,0.008562160129413228
AC002398.13,0.00855839944371157
TAF9BP1,0.008555528470163002
RP3-395M20.9,0.008555310923979553
KPNA3,0.008555144804406764
TTC37,0.008552329285748126
AC073333.8,0.008551547927591484
AC012668.3,0.008551119285722839
RP4-734G22.3,0.008550253766097594
AC007163.3,0.008550066544692756
LINC00243,0.008547399317359051
RP11-305K5.1,0.008546307514174031
ATP5HP1,0.008546060431542941
KCNAB3,0.008544770682461714
BTF3L4P3,0.008543223923435888
AC015849.16,0.008540492146141434
RP11-498M5.2,0.008536883637420504
RP11-758P17.2,0.00853676076655693
RNU6-1165P,0.008533778336877813
ZNF652,0.008529033269886287
CTC-471J1.2,0.008527800164462696
DECR2,0.00852740379557132
AC007126.1,0.008524583410656213
FBXO6,0.008523788246699523
RP13-346H10.2,0.008522448220049229
RP11-143K11.7,0.008522001605839031
ELOVL2-AS1,0.008518396378623687
RN7SL569P,0.008512667290499602
RP11-44B19.1,0.008512662609924553
SNORD42B,0.008509783449093273
RP11-118E18.4,0.008509133812358158
RPL7AP34,0.008506408661510102
AC006159.4,0.008506356306532731
RP11-182J1.14,0.00850320450211921
RP11-319G6.1,0.008502552364431941
TAOK1,0.008502243997056801
QRICH1,0.008501007834806255
FAM216B,0.008498810515193488
RN7SL513P,0.008498285280217639
RP3-453C12.14,0.00849643337489341
RNA5SP35,0.008494200936513383
RP11-222K16.2,0.008493186057673694
CTD-3105H18.7,0.008487846903380239
FOXP4-AS1,0.008483914564412732
RP11-136L23.2,0.00848367455182581
RP11-139H15.5,0.008480497628430204
RP11-686D22.3,0.008478299021649526
RP4-782L23.2,0.008477824660181517
NBPF8,0.008477301663479417
SMTNL1,0.008474796400693615
KB-1125A3.10,0.008472112107401585
AP006621.6,0.008471684361840063
AC007563.5,0.008468776526225998
RP11-284H18.1,0.008468648808170533
RP11-448A19.1,0.008466684809673325
RP11-255P5.2,0.00846622453871733
RP11-84A19.4,0.008462899908133838
SNF8,0.008460044276254377
RP11-303E16.6,0.00845878381725274
NAPSA,0.008455400209502221
RP1-180M12.1,0.008454126384876288
RP11-110G21.2,0.008453141835202183
OST4,0.008451848879292982
RNU1-138P,0.008451219091641694
NXPE2,0.008449333031027247
RP5-901A4.1,0.008448351202278694
RP11-473O4.3,0.008448122518529458
LYPLA2,0.008446301383222273
RP11-190P13.2,0.008443323274533615
RP13-20L14.1,0.00844292593849352
AC011247.3,0.008442715320689555
RP1-137D17.2,0.00844213900430746
CEBPB-AS1,0.00844211034708927
AP000704.5,0.008440584355135526
CTC-543D15.8,0.008439178332482542
AC008063.2,0.008438440531224452
RP11-1084A12.1,0.00843799769917964
AC004691.5,0.008437222897765034
RP11-295K2.3,0.008436152906341345
Y_RNA,0.00843550606389153
RNU4-68P,0.008434109260531163
TRAV12-1,0.008433639716885417
RPL22P22,0.008431659025491305
CTD-2380F24.1,0.008431302796906943
AC007950.2,0.008429778320294203
RP4-673M15.1,0.008429063063548318
RP11-297N6.4,0.008428028706524733
IRGC,0.008427707138851768
TGM6,0.008426406071264866
TMEM156,0.008426204159225096
LA16c-316G12.2,0.008425078705929403
CTD-2538C1.3,0.008422948392588494
CTC-498J12.3,0.008421534597854672
MYCT1,0.008421305042575405
CD7,0.008420692869799098
NFYC-AS1,0.008420657849163996
SMIM10L2A,0.008420440852058876
FMO4,0.008419917015587813
FGF11,0.00841869305967025
RN7SL698P,0.008418124540857412
SALL4P6,0.00841743855162211
RP4-806M20.3,0.008416908203083783
RP11-31F15.2,0.00841684440646332
RP11-501C14.9,0.008411426830991843
C9orf106,0.008410782373372356
RP11-223I10.1,0.008405332146387627
RP11-30L3.2,0.008399363697443079
RP11-409K20.7,0.008396800535264093
SNORA63,0.008396580630555357
RP11-88E10.4,0.008393836727815818
RP11-424M22.1,0.008393205566843004
RP11-380M21.4,0.008390268661771137
GLYATL1P1,0.008388748757257631
NAV2-AS3,0.008387490535597262
H1FX-AS1,0.008386562737122055
CHST10,0.008383286980961574
KCNJ13,0.008381263692941206
RP11-256L11.3,0.008380814948901522
RP11-434C1.6,0.008379509759141856
RP11-182J1.13,0.00837927041838931
RP1-163G9.2,0.008376404915806502
AP001630.5,0.008375880601314185
RCN1P2,0.008375802327941927
RNU6-549P,0.008374545744536015
NUCKS1P1,0.008374315993781915
RP11-426J5.3,0.008371291527424001
RP11-467D6.1,0.00837097559298723
RP11-473M20.9,0.008370417240771288
CTD-2545G14.4,0.008366918910916947
RP1-290F12.3,0.008365625766523825
RP11-799B12.4,0.00836442424218244
LSM12P1,0.008363073752361313
RP11-770J1.3,0.008359453862767428
AC109333.10,0.008359133643566143
AC015922.7,0.00835868436571383
ANP32C,0.008357436356407559
Y_RNA,0.00835694324756123
RNA5SP372,0.008356182925116916
NRBF2P4,0.008356127110057362
RP11-405M12.4,0.00835368555109437
PSMB8,0.008353638937760942
RP11-134G8.7,0.008349819942770958
AICDA,0.008347944892924357
C18orf32,0.008346188875862226
DNASE2B,0.008345128500040835
RNASEK,0.008344858258978701
ZNF674,0.008344250331391367
AC004754.3,0.008343859781145992
TAS2R4,0.008343511085971691
RP11-817I4.2,0.008343394200967623
CTA-221G9.11,0.008342695849246847
ZNF792,0.008341816027830561
FEM1A,0.00834167939543477
MIR1273C,0.008341181019860327
IGHV1-46,0.008338262208002005
RP11-527F13.1,0.008337001570177445
RP11-435D7.3,0.008336332361746048
TUBB8P2,0.008333818335987354
CROCCP2,0.008333326607140904
MIR548N,0.008332812301070502
LINC01341,0.008331921358481632
RPS10P27,0.00832802642403372
GLRX2,0.008327715826449804
RP11-493L12.6,0.00832408656348884
TCAF1P1,0.008322906177446734
CTD-3224K15.3,0.008322817198420804
AC079354.3,0.008322152812313145
IL17REL,0.008321339840127548
BDKRB2,0.008319971943181927
AMACR,0.008316200810370423
RP11-632K20.2,0.008314067484110985
RP11-413E1.4,0.008313923655881995
CTD-2501E16.2,0.008313533792357452
RP1-239B22.5,0.008312641912640476
PKD1P1,0.008312154554712696
PRR15L,0.008301523539386646
RP5-1042K10.10,0.008298902558094887
OVCH1,0.008296247203102495
RP11-292F9.1,0.008296066703481372
RP11-903H12.5,0.008294557327280135
ENPP7P6,0.00829445467587753
MIR4526,0.008294377288435786
HSD52,0.008293847805077996
CTB-50L17.9,0.008292878400917301
NUTM2B-AS1,0.008289231216642823
RP11-195C7.2,0.00828747471273405
SEMA6A-AS1,0.008283983956116934
LINC01124,0.008282092120903223
RP11-498P14.5,0.0082812037616959
ZC3H11B,0.008279815121401439
OTOP3,0.008276365360982151
CTA-126B4.7,0.00827600155517702
KRTAP5-6,0.00827358648185983
RN7SL202P,0.008272339306541391
RN7SKP4,0.008272036461888274
MTND5P32,0.00827026912682132
BRD2-IT1,0.008267345610444638
RP11-927P21.1,0.008266424138872863
TRBV13,0.00826467434106506
LINC00906,0.008264668155269616
RP1-134E15.3,0.008263025492148942
RP11-144G6.12,0.00826063486083113
PKMP3,0.008260104202569223
RP1-296G17.3,0.00825998682684111
RP11-138B9.1,0.008259516836194568
RP11-352M15.2,0.008258743914839203
NBPF10,0.008257971302445228
RP11-379H8.1,0.008257566079062622
RP11-529G21.2,0.008254892179867586
PFDN2,0.008254402675202145
RP11-888D10.4,0.008253900539547672
SLC18B1,0.008253815513939895
RP11-697N18.4,0.008249917098249524
HINT2,0.008249280114729743
RP11-44N11.1,0.008246769928112758
CTC-459M5.2,0.008244327521653959
RP11-111F16.2,0.00824116144620934
HMGB1P39,0.008236102374295704
RP11-501O2.5,0.008235615085103853
FABP1,0.008233860977621951
RP11-500C11.3,0.008233410909807943
PAPPA,0.008233020847926431
RP11-242D8.3,0.008228286883682838
CTD-2287O16.5,0.008228025152783078
SRGAP2B,0.008227124302328375
STARD4-AS1,0.008221577769973433
ITGA9-AS1,0.008218898568846649
RP11-164H5.1,0.008218852474712964
RP11-1228E12.1,0.008217596997204655
FOS,0.008216426485802739
IGKV1D-8,0.008212177248174728
CTD-2169H9.1,0.008212095289309341
CTD-2143L24.1,0.00820662400993182
TMEM191B,0.008206314975560076
CTB-133G6.2,0.008205958545371088
MCTS2P,0.008202676790374149
LINC01135,0.008201866955452117
AC037459.4,0.008200643793685219
FAM231B,0.008200275267656622
RNU6-866P,0.008194071262050134
TACO1,0.008190813683168803
SETP5,0.008190363361112877
PAIP1P1,0.00818947293305147
RP11-22P6.2,0.008188755062237265
KLF15,0.008185288824164066
RP11-390B4.3,0.00818392774478136
CTC-523E23.3,0.008182854542293113
RP11-247L20.3,0.008180504385106572
RRM1-AS1,0.008180190142834923
TRIM26,0.008179919951217685
SAAL1,0.008177929938394463
RPL10P6,0.008176727058142926
RP11-439E19.6,0.008176440637712473
CTC-490E21.10,0.008175483019533105
HMGB3P14,0.008174134476738596
RP11-372K14.2,0.008171482973214472
SSTR2,0.008171327322765778
RP3-416H24.1,0.00817037446505886
LINC00562,0.008166705788039108
RP11-382A20.1,0.008166592160970217
RP11-425M5.7,0.008166128714688092
LINC01572,0.008164663001640532
ST3GAL1P1,0.008164504182782467
BRK1,0.008164431990156932
OSBPL11,0.00816340779775584
RNU6-282P,0.008160973862451678
LINC01011,0.008160656373734226
LINC01607,0.008159465785025076
IRS3P,0.00815776201469655
RP13-923O23.6,0.008156904267651177
PTMAP2,0.008156139456923905
PEAK1,0.008155981777917402
LINC00601,0.008155176816502019
AK8,0.00815318325740778
VPS26B,0.008153119513421457
MIR4782,0.008152721092340158
UBE2QL1,0.008151799665728123
TAS2R12,0.008151795537119099
BEND3P2,0.008149880101644368
RP11-820I16.3,0.008149449955341444
RP11-298J20.3,0.008147899805702527
RP11-19G24.1,0.00814571139883116
VSIG8,0.008145031808015856
LINC01116,0.008143625520666161
AC009518.3,0.008143424894651393
WWC2-AS2,0.00814244140347273
CDRT15P1,0.00814111435383993
CTC-303L1.2,0.008139919218441444
RNU6-455P,0.008137853310918645
JUND,0.008137280186804693
TMLHE-AS1,0.008136673395968179
AC096670.3,0.008135489783218312
RP11-360F5.1,0.00813548692994794
SNRPCP17,0.00813477351768437
Y_RNA,0.008134750488813777
ACAD11,0.008134357947058267
CTD-2008L17.1,0.008134343781174756
AC137723.5,0.008131870235696897
RP11-160H12.3,0.008129780123333137
GNRH1,0.008129100599521237
IGLC6,0.008128803662877385
NUFIP2,0.00812795976802996
RP11-10G15.4,0.008126833108142838
CTD-2529O21.2,0.008126729359238558
LINC01618,0.008124405962726962
Y_RNA,0.008121389886366957
RP11-113K21.6,0.008120631974628954
RP11-53B2.4,0.008116397432554691
MIR6774,0.008112744136455803
RP11-342K2.1,0.008109474813983756
RP11-85G18.6,0.008109315668929713
RP11-196G18.3,0.008107927855155428
SACS-AS1,0.00810646797385754
HNRNPA1P32,0.008105605407741011
RP11-424M24.5,0.00810550649656462
ATP6V0E1,0.008104832385227375
CTD-2659N19.9,0.008104620540324441
VPS18,0.008102591484749217
RP11-399O19.9,0.008098538414510952
CPXM1,0.008097120685655998
APITD1-CORT,0.008096073104870703
RP11-768G7.2,0.00809500157318471
MILR1,0.008094365668697388
RN7SL336P,0.008093528058697615
LCT,0.008092791214847362
LINC01184,0.008092733389874766
NANOGP8,0.008092197943674528
PKD2,0.008091827599866446
SMAD1,0.008088867546063113
RP11-272G22.3,0.008087533114034463
MIR519A2,0.008084173436905784
WWC3-AS1,0.008081524064464975
GLI4,0.0080783560680599
SPACA1,0.00807746391646227
Y_RNA,0.008076071368057469
RP11-288I21.1,0.008074690120833316
AC104699.1,0.008074450006665642
RP3-402G11.28,0.008074425554329395
AC005609.17,0.008072494979767093
MEIS3P1,0.008070967904994241
LIFR-AS1,0.00807076976323118
RP11-347C12.11,0.008070402719498689
RP11-712L6.7,0.008070321013568976
AC087499.5,0.008069973841999822
RP11-455F5.6,0.008069947627954774
SNORA20,0.008068709820054244
RP11-15E18.1,0.00806832551959385
RP11-457I16.2,0.008066996784299863
RP11-141M1.4,0.008066238916323252
TCEAL3-AS1,0.008064295641201449
RPSAP21,0.008064073947289661
HLA-DPB2,0.0080619747489433
RP11-20B24.7,0.008061697021597454
PCNA,0.008058296473214809
HPS3,0.008057636803975147
RP11-327F22.1,0.00805693074584849
TPM3P6,0.008050722673491011
ASLP1,0.008050339638652131
RP3-424M6.4,0.00804970900646844
ZNF138,0.008049220731162827
RP11-650L12.4,0.008047568408646566
RP11-1017G21.6,0.008045047350065946
ENHO,0.008041260754217317
TMEM56,0.008040060741880422
SPIRE2,0.008036790767227676
ATP6V0E1P1,0.008036765417371501
CTRB1,0.008035275955184789
MGC45922,0.008031147576695288
SOCS4,0.008030892780000364
RP11-619A14.3,0.008030001687232608
AP005901.1,0.008029092374262341
RP11-165M1.3,0.008028553105014685
RP11-727F15.11,0.008026182750648954
PHLDB3,0.008025975481398811
HEYL,0.00802565189871605
TRBV9,0.00802523935143474
RP1-122P22.4,0.008023716985932752
RP11-817I4.1,0.008023664899326856
CTB-75G16.3,0.00802319372329105
RNA5SP159,0.008022365402636117
RN7SL753P,0.00802225845653902
TNFSF10,0.008020841986185707
Y_RNA,0.008020637119650323
LINC01030,0.008020399397781538
XXyac-YX65C7_A.2,0.008017904070215829
AC079610.2,0.008016467487780704
RP11-363E6.3,0.0080127365346335
AC093843.1,0.008012650160410199
TRBV23OR9-2,0.008011068695957782
RPL10P16,0.008009662610669887
LINC00299,0.008008910393901426
RP11-355K23B.1,0.008008636994157594
HLA-DRB9,0.008007804023447133
SNORA11,0.008004455604050808
MIR378A,0.008003641065135616
PATL2,0.007999997538961232
FKRP,0.007998797444991415
DENND1C,0.007998661143480834
MEGF9,0.007993917950195455
SOX2-OT,0.007990303952802338
RP11-1E1.2,0.007988811572198124
PDIA3P2,0.007987078026588086
RP11-569A2.2,0.007985197034596487
LINC00664,0.007984855691741921
CASP14,0.007983906637968375
RP3-477O4.14,0.007982895642362521
RN7SL328P,0.007980898396482927
RP11-278C7.2,0.007978593413877003
NELL2,0.00797791550894502
RP11-874J12.3,0.007975488481798434
RN7SL305P,0.007974862388945056
RP11-811J10.1,0.007973982011494183
RP11-837J7.4,0.007972542595499822
RP11-362F19.1,0.007968488054969428
RP4-760C5.3,0.007967097077931298
CEP97,0.00796557591839178
URAHP,0.007965375625457564
SNHG15,0.007965342676212659
RP4-563E14.1,0.007965285815455457
RHBDL2,0.007964170560765043
CTB-35F21.4,0.007964061610385506
PGCP1,0.007963586644586915
RP4-680D5.9,0.007963385997355249
Z69666.2,0.007962095896478902
RP5-1054A22.4,0.007961867293174973
RP5-826L7.1,0.0079615001885288
HSP90AA2P,0.007960744876314397
RP11-350E12.5,0.007958164330597943
AC093627.9,0.007958044523374109
RNU6-678P,0.007956209993392803
RP11-981G7.1,0.007955854781992294
MIR106B,0.007955610785460802
RP11-731C17.2,0.007955506562818862
LINC01625,0.007954278306420072
U8,0.007953512519617574
CCDC85B,0.007951675556548932
CTD-2132N18.3,0.007951196046646701
RSPO2,0.007947104959578559
RP11-309L24.10,0.007944222414164084
LINC01585,0.007938661033908303
PAGE2,0.007938547976600884
RP11-272D12.2,0.007937724752498779
CD81-AS1,0.00793702958627268
RNU6-277P,0.007936257452385657
CTD-2630F21.1,0.00793607191563872
NRN1L,0.007934978886802349
HMGN2P24,0.007933872737435378
RNU1-103P,0.007933432606370196
NUDT15,0.007933174716642101
TH2LCRR,0.007932722925034302
RP1-90J20.8,0.007929013479929276
RP11-1020A11.1,0.00792868685392025
RN7SL581P,0.007928567582926586
RP11-3K24.1,0.00792818010524369
PTGES3P2,0.007924495293635744
ADIRF-AS1,0.007921811683790277
SNORA70,0.00791988356479726
RP11-154B12.3,0.007919527578712967
PARS2,0.007918810344147294
CH17-140K24.3,0.007918767684914445
AC025171.1,0.007915804987353028
CTD-2062F14.3,0.00791566480720081
SLC22A4,0.00791539071369527
CTC-459F4.3,0.007910501130723816
CTD-2086O20.1,0.007907262165153585
SYF2,0.007906553861476024
CTB-133G6.1,0.007905726837647441
AC005808.3,0.007904810953173434
RP3-331H24.5,0.007904114966307853
SNORA69,0.00790335175643459
RP11-13J8.1,0.007902712411765978
RP11-523H24.3,0.007902631001179161
C1orf56,0.007901730390447271
PM20D2,0.007901298152657197
GHRLOS,0.00790013441307415
TMEM186,0.007898696862842459
RP11-973H7.4,0.007897142755802288
RP11-553P9.3,0.007895619418559015
AP000302.58,0.007895447482303253
RP5-965G21.3,0.007895358315135258
AC073133.1,0.007895354546784595
SIRPAP1,0.007895260032963964
RP5-1021I20.5,0.00789292234999927
LINC01133,0.007888838079092676
LINC01158,0.007887751091441946
RP11-353N14.5,0.007887585646042264
CCL3L3,0.007887172695944444
Y_RNA,0.007886928944851837
STRAP,0.007885947387093235
HIST1H1PS1,0.007885890821250286
RP11-876N24.2,0.007884577325756826
AC078883.3,0.007883242876505998
RP1-122P22.2,0.007883184580537411
DUXAP9,0.00788149567398359
DHRS4-AS1,0.007881164890401773
GRK2,0.007880398249327125
TBKBP1,0.007880023970913027
MARCH5,0.007879702046939802
RP13-977J11.9,0.007878797884162653
RP11-770J1.5,0.007878408275423509
IGKV1-17,0.007877640479265311
ARHGEF28,0.007875235138243123
RDH16,0.007875019053243396
RP3-418A9.3,0.007874848849956206
PCDHGB7,0.007874510777516148
C11orf95,0.007874205443853925
RP11-624A21.1,0.007872675529115594
RP11-129H15.4,0.007872312197382839
SLC25A1P5,0.007871429948885867
RP3-468B3.2,0.007870993204100257
RP11-274B21.5,0.007870900839438168
RPL31P44,0.007870604748481466
FXYD1,0.007869894790212939
RP11-151A6.4,0.007869273392054227
RP11-418J17.1,0.007868051459658914
OR9A3P,0.007867976510681109
RP11-755F10.1,0.007865545692762058
RP11-97O12.5,0.007861717355993739
RP5-908M14.9,0.007860422751445266
MIR4767,0.007858749288799335
FAM89B,0.007857969943888559
DLEU7-AS1,0.00785789521980568
MIR4479,0.007856762437063737
RP11-417L19.6,0.007855288713640107
Metazoa_SRP,0.007854025262479742
FCER1G,0.00785401452563793
NPM1P12,0.007852682286131493
PRKXP1,0.007851572233185312
PHKG1,0.007851038000891906
MIR378D2,0.007849849136689976
RP11-1017G21.5,0.007849202125033856
RP11-452G18.2,0.007848171825226714
AC096558.1,0.00784522296496533
KB-1125A3.12,0.007844248450642206
RP11-109G23.3,0.007843073360766553
RP11-235E17.2,0.007841754662071928
TSGA10IP,0.007841279513545674
RP11-401F2.3,0.007840552496335971
RP11-219E7.1,0.007840427366486033
RP11-70L8.4,0.007840117482942487
XKR6,0.007839820174931242
RP11-227G15.9,0.007839325861739124
TLR10,0.007839016800031089
C1orf158,0.007838829706246763
MIR5692C2,0.007835754772299166
RRAGA,0.007835503597195561
RP11-27I1.6,0.00783518238511098
RP11-401P9.6,0.007832647384519397
CTD-2587H19.3,0.00782916231230447
RBBP4P3,0.007828002135039229
ABHD10,0.007827700945584394
RPS23P8,0.007824882958267266
RP4-622L5.7,0.007823018188790942
RNASEH2B-AS1,0.007822928170799876
MS4A2,0.007822107157870125
RP11-559M23.1,0.007821433994463126
RP11-1084J3.1,0.007819477414624
RP11-336N8.1,0.007816861104002943
Z69890.1,0.007816633988072506
ACTG1P22,0.007814649249431595
RPS6P25,0.007813383426630021
KIRREL3,0.007811147997629469
SYPL1,0.0078103991889425
IRAK2,0.007808109087929638
SERPINB10,0.007806290467115077
RP11-659E9.2,0.007804971353463669
SNORA51,0.007803907948183439
RP11-313F23.4,0.00780339221116443
SOD3,0.007802896518611837
RP11-443B7.1,0.007801187684190714
RP3-481A17.1,0.007798995976334459
PTOV1-AS2,0.00779779655289013
CTD-2619J13.1,0.007797183344229029
RP11-513D4.1,0.007797162803709436
DLX2-AS1,0.007797050358064691
RP11-307N16.6,0.007795757603588258
ST13P15,0.0077953501231365525
PTBP1P,0.007793442230713652
SPR,0.007792912598445783
CIB3,0.007792700245210568
DISP2,0.007791436118462132
C9orf66,0.007789999702764104
CDK11B,0.007789330324719426
SNORA58,0.007787011092068197
IPO8P1,0.007786237986790384
ZDHHC11B,0.007786226890459105
RP11-884K10.6,0.007786146033726086
CTD-2008P7.9,0.007784555133857886
ASF1B,0.007784534725603846
MIR429,0.007784470784032544
SNRPC,0.00778438256718813
PET100,0.007781310371158376
AC090587.5,0.007780412454424999
SLC22A14,0.007779320038555052
RPL7P60,0.007779129779067275
UBE2V2P3,0.0077787647256158795
SACM1L,0.007777630596392012
RP11-136C24.3,0.007776696055586154
RP11-798K23.5,0.007775776217648722
MTRNR2L2,0.007775387878522019
LINC00235,0.007773290638661634
RP11-495K9.6,0.007773053898074432
HEXIM2,0.007772104901899368
RP11-352E6.2,0.007771964411940425
CEBPE,0.007770324449088672
AL672296.1,0.007769904898846335
IGHV1-2,0.007769353444186526
CTC-487M23.6,0.0077685831721625
RP11-326C3.16,0.0077661900984872054
C4B,0.007765439301678944
ZCWPW2,0.00776529552450975
RP11-219A15.1,0.007764724411288316
GCNT1P3,0.007764323225727823
UNC93B1,0.007761223433673574
RP11-180M15.7,0.0077600383405427185
PLA2G4A,0.007759838744243956
RP11-272L13.2,0.007757720019789449
ACOT12,0.007757155783441562
RP11-433C9.2,0.007757107226532639
AP000695.4,0.007755404212150223
RP11-802E16.3,0.007754995887541159
AP001062.7,0.007754990298481034
RP4-663N10.1,0.007752450826976871
ZRANB2-AS1,0.007751532671170601
ASNSP3,0.0077503973634896
RP11-478C6.1,0.00775023307807885
RP11-88I18.2,0.007749649602184373
HDHD3,0.007749629575682311
CTB-162E12.1,0.0077467250301965305
AL590762.11,0.007746515220592142
RN7SL219P,0.007745674580852221
CHL1,0.007745091206282449
CTD-3092A11.2,0.007745002468103379
OR2L2,0.007742088894698811
TRAC,0.007740007326261691
RP11-613H2.3,0.007739454884570555
RP11-823E8.3,0.007739258167266397
GSTM2P1,0.0077391710045978295
RP11-65J3.15,0.00773591619066047
C9orf170,0.007734332543634648
RIMBP3B,0.007732932109905944
RP3-405J10.5,0.007732715876893389
RP11-514P8.7,0.007731779323571952
RP11-674N23.4,0.007730812759919824
RP5-908D6.1,0.007728687968503893
RP4-549F15.1,0.00772784440048578
CEP70,0.007726516545747858
RP3-454B23.1,0.0077239539830465526
NBAT1,0.007723714137314722
LINC01160,0.0077231508832125515
CTB-50L17.8,0.00772146458131397
KARSP2,0.007719425313291564
RP11-386M24.4,0.007718786484134024
ZNF165,0.007718122863856674
RP11-274B21.4,0.0077180615559198276
FDPSP8,0.0077162642043300984
GRB14,0.007715040238397095
OR2A9P,0.00771428877982713
TBC1D3L,0.007710158803333411
CSNK2A3,0.007708771139346025
CIRBP-AS1,0.007708325722070897
KIAA1614-AS1,0.007708255948577198
RP11-166O4.6,0.007704178257565576
OR7E59P,0.00770285228188284
ZNF597,0.0076979858154811575
IGSF6,0.007697833108031393
RASSF8-AS1,0.007697454706056287
RP1-315G1.1,0.007696171706683781
PTCRA,0.007694639616673018
HAPLN1,0.00769331746046585
CTD-2523D13.1,0.007692477779951945
RP4-657D16.3,0.007689520072687488
AC010287.1,0.007689001619142183
RP11-416A14.1,0.0076889979171589585
BX322557.13,0.007688172541628484
AMH,0.0076864946708174765
AC009955.8,0.007685687993211222
CTC-429P9.2,0.007684464130435393
FJX1,0.0076811875806150785
APLF,0.007679775514990922
AC104389.28,0.007678506627289015
NSFP1,0.007678332563103667
RP11-253M7.4,0.00767685766912646
RNU6-1331P,0.007675930056298423
C8orf44-SGK3,0.007675479667263234
CH17-270A2.2,0.007671443898303388
NDUFAF8,0.007669774638587732
PRSS53,0.007667122704490297
MAP3K10,0.007667062546765137
PAXBP1-AS1,0.007666140251995823
CTC-498M16.3,0.007666004573561701
TMEM200B,0.0076654385623712625
RP11-142M10.2,0.0076639769857191585
Y_RNA,0.007663560456166494
TFCP2,0.007658464240205941
RNU4ATAC18P,0.007658044019284094
RP11-333E1.1,0.007654934323097879
MSH5-SAPCD1,0.007645695925351907
RP11-554A11.7,0.007640845778150587
DNLZ,0.007638841424957802
CETN4P,0.007638360086465319
RP11-862G15.1,0.007638261292537586
TECRL,0.0076356984156270204
OR2AE1,0.0076338866733797455
FCGR3B,0.007633772002552782
RP11-335O4.3,0.007633662983567154
MIR621,0.007633463050769818
RP11-548K12.5,0.0076301819730956125
ZBTB38,0.007630116119633627
LRRTM3,0.007628806880746237
RP1-37N7.1,0.007627680691649766
HNRNPA1P71,0.007626450599556801
AC005037.3,0.007626446842436741
CEACAMP3,0.007625559534913967
CLEC5A,0.007625278968615899
TMEM105,0.00762518200867063
LOC440461,0.007624241399070364
MTMR12,0.007622734539270822
GJD2,0.007622284722249346
IL17RB,0.007622144480189259
RP11-902B17.1,0.0076220946079323774
CTD-2260A17.2,0.007621736146058537
RP11-83J16.1,0.0076210813638514265
MIR6864,0.007616076248800649
SOCS7,0.007615707996514887
RPS20P14,0.007615690984720178
RP5-1042K10.13,0.007614285620041504
RP11-338K17.6,0.00761424281381371
DNAJB1P1,0.00761403279140595
DUTP1,0.007614032560283833
CTD-2311M21.2,0.00761364113249407
RP11-261N11.8,0.0076134752960966105
SLC22A31,0.0076109284833846096
RNF25,0.007608347076992758
AC007036.6,0.00760797364979647
RP11-144F15.1,0.00760644543209201
LAGE3,0.007606372009022544
RP11-389O22.4,0.007606178030581745
TRAV13-1,0.007605002959707249
AC109309.4,0.007604224172840423
AC008269.2,0.007604076778556946
AC018712.2,0.0076021243497711825
MIR6769A,0.007600799118640383
LAPTM5,0.007600275631243075
ZNF263,0.007600135376140726
TPH1,0.007597228451218703
LATS2,0.007595563976201542
TRAV33,0.007594326058039359
GPR142,0.007592996500059085
MIR34A,0.00759216214625268
RP11-108P20.2,0.00759142678836046
AC011747.4,0.007591336382190438
IGKV2D-29,0.007588640742207121
ZNF807,0.007586643489933438
CCDC113,0.007585971534051316
TGIF2,0.0075846191194364025
MIR5089,0.007581858643011672
AC009060.2,0.00758106786765133
APOL5,0.00758099195067064
RP11-6E9.4,0.0075808764905679815
RP1-116K23.1,0.007579098404620934
MAP2K4P1,0.00757854753363688
FPGT,0.007578203925406198
RP11-338H14.1,0.007578144527824506
SPSB4,0.007577473134681239
CTD-2616J11.11,0.0075749847407887315
RP11-298C2.1,0.007571632215339414
VN1R5,0.007570149329179243
PRPF6,0.007568819793455094
CLDN11,0.007568660196672693
RNA5SP498,0.0075685157115398536
RP11-90L20.2,0.007565572614874853
RP11-479A21.1,0.007564902332720684
RP11-483E23.4,0.0075639999636460875
TSPY26P,0.007563617136189967
HMGB3P24,0.007556630115641375
RP11-375H19.2,0.007555879461881186
TRIM65,0.00755564454100871
AC000367.1,0.007553606846051178
AC007238.1,0.0075521220423060715
ZER1,0.007547928642908814
RIMKLBP1,0.007547224344195127
ARL15,0.007546577995958193
RP11-327E2.5,0.007546143217443321
RPL12P19,0.00754541000303137
Metazoa_SRP,0.007545099544787284
MFSD2B,0.00754502275452438
BPIFB2,0.007544453913171747
CSE1L-AS1,0.007542144247031699
RCN1,0.007540244853826979
VN1R108P,0.007539280024724589
RHOXF1,0.0075367547518474555
ADRB2,0.007536687039883278
RP11-465B22.8,0.007536617682965092
GAPDHP2,0.007536528341868037
CD93,0.0075353282153691305
TMEM256-PLSCR3,0.00753326396638582
RP11-573D15.3,0.007532473549080693
OGFR-AS1,0.007529751916376981
RP11-677I18.3,0.007528305660324093
SCAF8,0.007527621255991046
RPS29P23,0.0075274708871549915
RP11-169K17.4,0.007527363152275505
CTC-241N9.1,0.007524918748571427
ZFP42,0.007521516358058492
RP11-433P17.1,0.007520908324127645
HSF2BP,0.007520848480201042
TIMM9P2,0.007518407854535026
RP11-131J3.1,0.007516197009959712
RNU6-322P,0.007514629457995844
PIGH,0.0075145536256351125
PPIL4,0.007513517128691872
RP1-151F17.2,0.0075116197368287506
RP11-1079K10.2,0.007509792685344211
INTS5,0.007509460951463178
CD8BP,0.007508492437645093
CYTIP,0.007507855328801294
OTUD1,0.007507529271263625
RNU1-36P,0.007506894747851904
ATP8B1,0.007505678901139983
RP11-120K24.4,0.007503363263919063
CTD-2278I10.4,0.007502732578121577
RP11-473M20.5,0.0075012363576576705
AL136097.1,0.007500714711322493
LINC00957,0.007498841443315427
SPTLC2,0.007497994795847889
CBWD4P,0.007497857807775117
ALOX5,0.007488337598779509
RP11-114F3.5,0.007486949646033785
RP11-403P17.5,0.00748675280952655
GSTM3P2,0.007486251500656153
CTA-797E19.2,0.007483247418387243
RP11-373N22.3,0.0074821779059368815
CTC-347C20.1,0.007481696940572212
AC006946.16,0.0074810934976292315
KIRREL3-AS2,0.007478031800439574
RP11-93H12.3,0.007476802360199381
TUBBP9,0.007476226636440836
RIMKLBP2,0.007474112289566746
NTHL1,0.007472575721373662
TMED8,0.0074715558154399035
AP4E1,0.007471131707096612
SERPINB9P1,0.007470089258237224
OR2L1P,0.007469838213410247
ZSCAN5DP,0.007469498301664168
CTC-523E23.5,0.007467821616524053
OR52N4,0.007466381681863637
ZNF581,0.0074635046045405835
CTD-2619J13.3,0.0074626470104036885
RP11-61F12.1,0.007460034419688867
LINC01311,0.0074580864383282245
RP11-235E17.4,0.007457320654437217
RN7SL98P,0.007454893674972068
CTC-325J23.2,0.0074533294821872735
MIR1302-3,0.007451733074502016
CTC-463A16.1,0.00744955495975477
RP5-979D14.1,0.007449538908244058
LA16c-380F5.1,0.007449189974711288
ARID3A,0.007447215567364033
GAB1,0.00744654600372628
RP5-1002M8.4,0.0074455115356183545
LINC01549,0.0074432689818041955
MXD1,0.007443082846549059
RAB21,0.007439769099080776
RP11-638I2.9,0.007439744409145431
AP003774.6,0.0074375988420065245
ZNF639,0.007437554042120051
PMS2P10,0.007434220608374634
PCAT29,0.007434187465285009
WI2-85898F10.2,0.007433939004004219
RP1-206D15.6,0.007433866616300668
ETV5-AS1,0.0074337320153555755
SHH,0.0074317048735855805
RP5-1165K10.2,0.007430205943239963
RP3-467N11.1,0.007429861139990531
EIF4EBP3,0.007429760173155013
RP11-307C12.11,0.00742846130605775
CTD-2196E14.6,0.0074272092806412955
ADRB1,0.007425549570345672
RP11-1260E13.3,0.007424314190294523
RP11-33O4.1,0.007422440172066209
SALL3,0.007422114430249983
RP11-376P6.3,0.007421654906058367
GNA15,0.0074207684426089455
RP11-89H19.2,0.007418504774558437
CTD-2215E18.2,0.007417519915729324
RP11-412D9.4,0.00741742620639114
RP3-514P16.1,0.007416936801997809
KCNJ8,0.007416535105048847
CTD-2547G23.4,0.007412753745488353
RP11-585P4.6,0.007411530945246117
LINC01150,0.007410454068472477
CTD-3057O21.1,0.007409797232557152
GRK7,0.007409698081095117
RP11-150O12.6,0.0074093636072168284
RPL23AP67,0.007408557724307464
TRBV20-1,0.007407868046863393
CTD-3224K15.2,0.0074077600759823925
AC010731.6,0.007405266898512321
ZFP36L1,0.007405016303576855
TMEM110-MUSTN1,0.0074046633014628205
RP11-17M15.2,0.007403935491056158
PBDC1,0.007403329205202975
ALOX12-AS1,0.007401278331972089
MICALCL,0.0074001345720342325
GPATCH2,0.0073992719112111706
ZNF700,0.007397956226480461
RP11-802F5.1,0.007396606861516835
FAM157A,0.007396315740353048
RP11-338C15.3,0.007394315557810812
SYPL2,0.007393381424602993
SZT2-AS1,0.007393336699964857
STARD6,0.007392218607918881
GCC2-AS1,0.007391356780006229
LINC00571,0.007391163814649711
HTR2B,0.007390746140112785
TMEM262,0.007390126826694265
MTND4P20,0.007388297893894815
MT2A,0.007386959804278676
AC073551.1,0.00738592758789383
RP11-34F13.3,0.0073852252226978415
LINC00051,0.007380980935430138
AC007563.1,0.007378300544599266
CTB-47B8.5,0.0073782828030436965
RP11-231G15.2,0.007375279796552067
E2F5,0.007375186191775514
AARSD1,0.007373711427378454
RP11-274B21.9,0.007373118046310111
ZNF345,0.0073710725974259796
RNU4-89P,0.007370590104725578
RP11-136F16.2,0.00736860593828653
RP11-53O19.1,0.007368262626804747
RP11-216B9.9,0.007367124650804951
AC007364.1,0.007366959625639061
KCTD12,0.007366904051858435
RFWD2P1,0.007365827024218569
TOMM34,0.007365591426720934
PPP1R3C,0.0073654092619323845
RP11-147L13.13,0.007365297889301569
MAMDC2,0.007364668266844387
KLHL20,0.007364245028141359
RP11-632K20.7,0.007362349799208214
PRELID1,0.007360429076616376
LINC01314,0.007357263814826534
ZNF425,0.00735598203613844
RP11-385D13.3,0.0073552136278778844
LDHAL6EP,0.007353588867824183
RP11-841C19.4,0.007352589184020999
HNRNPA1P68,0.007351825455941437
RP1-101G11.2,0.007351540170389597
TMEM88,0.0073512360458407285
RP13-238F13.3,0.007350885096821649
CD247,0.007350510097291769
POP4,0.007349254087567534
AC096649.2,0.00734907390458427
ELK2BP,0.007348773482698542
GPC4,0.007345934037262454
HES6,0.007345630092024284
AC109486.1,0.0073446773133761375
KLHDC7B,0.007340759163315626
RP11-262I2.2,0.007340606609521959
CRYBB1,0.0073395622689638946
RP11-20I23.5,0.007337910642806384
PCBP1,0.0073372015839877165
RP11-491H19.1,0.007336662199132055
PSPHP1,0.007336592571400652
RP11-227G15.12,0.007333822972192133
RP11-374A22.1,0.007332788164096316
MT-TL2,0.007332587849980479
BHMG1,0.0073324912434571165
RP11-498E2.9,0.007332301213403632
HIST1H4J,0.007331976578189647
RN7SL221P,0.007330745310059131
ARFGEF2,0.007330671210101451
RP11-669B18.1,0.007329380524234402
AC006116.13,0.0073292313757851325
RP11-410L14.2,0.0073271368016299175
RNU6ATAC18P,0.007326470391923641
RP11-210M15.2,0.00732639615208473
RP11-327F22.5,0.0073255069007717106
CTD-2206N4.4,0.0073237183331089206
PLA2G12AP1,0.007322198095062367
RP11-298E9.7,0.007320199535499003
ZDBF2,0.0073199731719357985
RGS17P1,0.0073152468702796245
BAALC-AS1,0.007314925191024266
RP11-439L18.1,0.007314773936311243
ACBD7,0.007314527343201996
CHRM3-AS2,0.007313570669062073
RP4-657D16.6,0.00731339198826591
RNU6-1099P,0.007313227093964733
AC004160.4,0.007312949435260305
RP11-481E4.2,0.007311136971295197
NPM1P22,0.007310177327723922
KDR,0.007308436806763703
CTC-359D24.3,0.007308279144177679
RP4-598P13.1,0.007306923434840447
RP1-288L1.5,0.007305297333391845
RAP1BP1,0.007304839155293506
AC010761.14,0.007304806537438425
CTC-529P8.1,0.007304648225303003
AC093690.1,0.007304356333804683
RP11-115J23.1,0.00730027663398724
SLC25A20,0.007299476768315151
CTD-2014B16.3,0.007298890010028772
RP11-960L18.1,0.007297774175703169
RP4-533D7.4,0.007297132147472815
ZNF26,0.007296354784768807
RRP7A,0.007295086305159591
AC083843.4,0.007294651920696608
RP11-707G14.8,0.007293285860635841
SNORA71B,0.007291296731253421
TMEM151A,0.007291109199030838
RP5-1092A11.2,0.007290714726994145
CTD-2154B17.4,0.0072905919917011786
MCCC1-AS1,0.007289864487727293
RP11-430C7.4,0.007289335143767607
RP1-193H18.2,0.007287833791321597
PPP1R11P2,0.00728737886505561
NDUFA3P4,0.007287089337515185
CTD-2288O8.1,0.007285689826986672
RP11-111M22.3,0.007285662087611959
RNA5SP364,0.007284215243291268
CASC21,0.007284040982803941
HSPA8P14,0.007282937895424116
MRPS21P6,0.0072817594631148655
RP11-680L20.1,0.007281744352948382
FTH1P27,0.007280541153202991
DERL2,0.007278907912995649
USP11,0.0072783449009844355
RP11-18H21.1,0.007276652559296395
RP11-486L19.2,0.007274642317194392
RP11-136F16.1,0.0072741148260535085
EIF3J-AS1,0.00727397167024099
DCTN5,0.007272034946908107
ADAM20P2,0.007271766582756666
ZBED1,0.007271213708705179
RP11-1055B8.4,0.007269942299999753
RP11-446E24.4,0.0072685069840448995
CTD-2020K17.3,0.007267715898463266
RP11-407B7.3,0.007267411283039829
RNA5SP260,0.007267364396240012
XXbac-BPG154L12.5,0.007267124743142492
TINCR,0.007265633908964046
Y_RNA,0.007264439098884813
AC005324.6,0.007264263737238784
CA15P1,0.007262908489850369
CTAGE7P,0.007261368369430477
RP11-382A20.4,0.007260541263527778
ANKRA2,0.007259834840212483
GAPDHP60,0.007257280578902051
C18orf8,0.007257030422749469
TTC3-AS1,0.007254570951179144
RP11-930O11.1,0.007254507889946102
RNU2-5P,0.007252936848053747
SNORD3B-2,0.0072505739911697936
TCP11L2,0.007247449482532742
ZXDA,0.0072473409530610464
RNGTTP1,0.0072462127296725265
TRBC2,0.007245352467787942
PI4KA,0.007245154749238151
CENPBD1,0.007244920827214588
GUCA1B,0.007243189714232316
RP11-656D10.5,0.0072429007746241825
CTB-174O21.2,0.007242718933814249
GNG4,0.0072404732209516995
NFYB,0.0072402014924812215
CYP51A1P2,0.0072375398817803565
MICB,0.007236831370031389
RP4-686C3.7,0.0072360992904785685
RP11-467J12.2,0.007235966319314937
TMEM11,0.007234955912038257
GHc-857G6.7,0.007234869461369256
AP001055.6,0.007234644346498076
ARHGAP18,0.00723236970443125
TRBV18,0.007229938124808114
SIT1,0.007227312732739281
METTL15P3,0.00722699539733718
CTDSP1,0.007226579370592524
AC016734.2,0.007226356947979773
RP11-358L22.3,0.007224273362255451
RP11-408O19.5,0.007223596183948529
RP11-486O12.2,0.00722333145965108
HLA-DMB,0.007222839768415173
FOXD3-AS1,0.00722227907980383
FOXD4,0.007221895696834222
CEP295NL,0.0072201195379161705
TRBV4-1,0.0072187201000064255
MTCO1P53,0.007218149315785904
LINC01105,0.007217252914843442
ZNF512B,0.007216842349903788
RPL21P16,0.0072161959343050985
SLC22A24,0.007213658335879521
HIST2H3DP1,0.007210346921785481
ABHD14A,0.007210201039013136
SPATA42,0.0072087232933985435
RP11-16P20.3,0.00720603847076756
RP11-545E17.3,0.0072056865404602636
RP11-725M22.1,0.007205462389734477
HMGB1P19,0.0072032391544122575
CBWD7,0.007202997274186874
RP11-131L12.3,0.007202929875176642
GOLGA6C,0.007201584493382206
ALG13-AS1,0.007201134098292727
CTD-2555O16.2,0.007199852895552616
RDH5,0.007199024637015435
RP11-229O3.1,0.007198866195277219
RP11-794C22.2,0.007198174977235518
NPIPB9,0.007197824612135336
RP11-256I23.3,0.007197569498511942
RP4-655L22.4,0.007197431153064508
ZNHIT2,0.007196589479223757
RP11-403A3.3,0.007192268457910017
MIR4480,0.007192012399657883
C14orf2,0.00719161629621245
AC013268.3,0.007190623007464454
RP5-968J1.1,0.007189743206130441
CTAGE10P,0.007187584817122207
C17orf74,0.007187247230135926
TUBGCP5,0.007183139066855883
CTD-2527I21.9,0.007182775502779032
AC007163.1,0.007181760609853412
RP11-403P17.2,0.007179905189828342
ARHGAP45,0.007179255490303922
MOGAT3,0.0071783095839628615
LL22NC03-75H12.2,0.0071774998198516965
LINC00847,0.007177431188787242
TTC4,0.007176794236008768
MESTP3,0.007176100926066501
RP11-421M1.8,0.007174558144942144
RP11-386I23.1,0.007171925163258141
KLRB1,0.007171575529165342
RP11-92G12.3,0.007169875184000916
UBE2E1-AS1,0.007169263972212652
RP11-982M15.6,0.007169126707020056
MMP25-AS1,0.007168402429729108
RP11-313E19.2,0.00716750468218476
CTA-14H9.5,0.00716611701314481
ZEB1-AS1,0.0071649977875193884
RP11-278C7.5,0.00716477971316612
DDX18P5,0.0071641191179780605
C17orf96,0.0071598996624483565
AC011899.9,0.007159437990011795
AC073635.5,0.0071579694783636605
RP11-352G9.1,0.007156777034366417
RP11-205K6.2,0.007156133929202067
RP11-101E7.2,0.007153733927923622
U3,0.007152576644702308
MYDGF,0.007152087252182507
RP13-672B3.5,0.007151543737003277
RP11-356M20.1,0.007149787052180216
GLUD1,0.007149581239223211
RP11-421E17.4,0.007147620991562455
RP11-325K4.3,0.007146190033219187
OR7D2,0.007145157294225287
MRLN,0.007141194118953715
RP1-158P9.1,0.0071410094437212475
GSDMD,0.007140664951671357
ZNF850,0.0071388042538384185
RP11-1000B6.2,0.0071373823302142755
TMEM233,0.007136892259984085
DNAJB7,0.0071352893920863854
AD000684.2,0.007135279554283538
C4BPA,0.007132981667833244
RP11-111M22.5,0.007132885604355329
EIF4A1P9,0.007131391402799312
C10orf107,0.00712959811385133
C1RL-AS1,0.007129274986403024
EEF1A1P29,0.007127101175612941
ARHGAP11A,0.0071265587099719205
bP-21264C1.2,0.007125828368194572
ITPKC,0.007124360273904283
RP11-266K4.13,0.007123782788312255
RP11-167P22.3,0.00712249186625922
ZBTB42,0.0071218422667418645
DPEP1,0.0071213080804630475
PTENP1,0.007120634172413153
RP11-1000B6.8,0.007120396153989114
KB-1980E6.2,0.007119049617182109
FITM1,0.007117894748577061
RPL21P54,0.007116812805468253
AP000282.2,0.007115257532235945
AMIGO1,0.007109660280716357
RP11-638I2.4,0.0071095107087989695
HS6ST1P1,0.0071093559082327385
CTD-3187F8.14,0.007109185171834389
RP5-961K14.2,0.007108861790180677
NPM1P50,0.007106960319860429
SUCLG2-AS1,0.007106117240387096
RP11-269M20.3,0.007105996705088517
MIR4668,0.0071058304989636435
UBE2HP1,0.007105464914975919
RP11-523O18.5,0.0071045859394480125
PTPN9,0.007104338384521821
TMOD2,0.007104196260026412
RP11-338I21.1,0.007103639276880253
SNORA3,0.007103319920733884
HNRNPUP1,0.007102885587660967
IGLV7-43,0.00710058273749931
AP000255.6,0.007100221653782541
MIR4458HG,0.007099277090816485
TRGV10,0.007097152013371227
RP5-907D15.3,0.007097109414535918
SNORD116-17,0.007097081613849853
AC093642.5,0.007094711141392355
RP1-86C11.7,0.007090148312330091
RN7SL321P,0.007089425266776634
RP11-206L10.2,0.0070877617613140905
RP11-101O6.2,0.007085308057241936
TMEM143,0.007085099472009127
XIAPP2,0.007082912353822094
RN7SL394P,0.007082096169845046
CTD-2302E22.5,0.007079378872492882
RP11-332M2.1,0.00707843601542133
PTP4A1P6,0.007078167660033286
ATG14,0.007077289830990669
RP11-521L9.2,0.007075127497675818
UBE2Q2P6,0.007072998241186172
GOLGA6L5P,0.007072447902692746
AC010731.2,0.007072325663255919
LAMTOR4,0.007071313861775816
LINC01509,0.0070696260426397605
ZNF296,0.0070696204312282055
ALOX12P1,0.0070668580193205465
PRADC1,0.007064886318476913
Y_RNA,0.007064758835858348
AP000487.6,0.007061955547843709
KRT8P33,0.007059857412390292
RP11-346C20.3,0.007059328630047465
CAPN14,0.007056969424327129
CTD-2373N4.3,0.007055688597754813
GJB4,0.007054521083376446
RP11-313P13.5,0.007054495050164852
CFAP44,0.007054234281374151
CTD-3051D23.1,0.007052820645799198
ZXDB,0.007051891790772471
RP11-20I23.10,0.007048569203938043
TRAV8-2,0.00704767385234891
FAM220CP,0.007046999807657057
CTD-3224I3.3,0.007046557804229827
MT1JP,0.007044058917198803
RP11-1109F11.3,0.007043165150440233
LL0XNC01-237H1.2,0.007042867452857748
RP11-72B4.2,0.0070389352650813645
CH25H,0.007038826250143464
TRAV38-1,0.0070380159887677785
RP11-549L6.3,0.007037797806532361
FAM177B,0.007032457058971807
ATP6V1E2,0.007032220033718165
TRGC1,0.007032104365911312
SERPINB9,0.007029905377050812
MDFIC,0.007027118527036049
CTD-2623N2.5,0.007025505602390568
GPAT2P2,0.007024932300492427
MIR3153,0.0070241893177427316
ADAMTSL2,0.007022769913410739
RP11-658F2.8,0.007019623878601138
RP11-407G23.5,0.007018923849522264
SNORA31,0.007018809832730278
MIR3188,0.007018203085875053
RP11-1008C21.2,0.0070179138617318445
LYN,0.007017631555485277
LPAR5,0.007017432596728522
GOLGA2P7,0.007017133646225707
RNA5SP312,0.007016963024943668
CTC-479C5.6,0.007016653793052614
DDX6P2,0.007016596824442057
CTD-2533K21.3,0.007016116631584943
RP11-973N13.4,0.007015945967859531
RP11-1348G14.1,0.00701560412919361
RP11-75C10.6,0.007015206113244834
RNU7-75P,0.007014750357313401
LINC00305,0.007014740067688219
RP3-461P17.10,0.007014145077927253
DPRXP4,0.007013322565596039
RP11-669E14.6,0.007011076037628914
RP11-788M5.3,0.007008743970422827
CARS-AS1,0.0070084876547232165
VCAN-AS1,0.007007864656220646
RP11-25O3.1,0.007007214278792707
CYCSP34,0.007006545555057188
MTND4LP1,0.007004881891295523
RPL15P4,0.0070030061369090475
CTD-2396E7.11,0.007002755300271203
RP11-532F6.3,0.007001614597850891
RFC4,0.007001254462772922
RNU6-45P,0.006998491726417768
LINC01562,0.006996379719209716
ZNF486,0.00699549015748132
AC020915.2,0.006995371461956232
UNC93B3,0.006994276125418695
TIMM17A,0.006993759559475927
RP5-1086K13.1,0.006993305450074915
RPL21P123,0.00699327758171259
GP1BA,0.006993026226376043
FAM212A,0.006992764563069917
IMPDH1P5,0.006992607790010996
AGA,0.006992572690334358
CTD-3131K8.3,0.006992247759046114
UBAC1,0.0069920336471864615
RP11-43N5.1,0.006991724987494244
TOMM70,0.006990501230012804
RP11-305E6.4,0.006990338778660936
OR52A4P,0.006989637922413062
RP11-348H3.2,0.006989310131993225
MIR6768,0.006988964686230676
MAB21L2,0.006987370897376031
RP11-744I24.2,0.006987349248829026
MXD3,0.006987221825090662
RP4-728D4.2,0.006987214132015304
RP11-429E11.3,0.006986997093777847
RP11-44N12.2,0.0069867590059794595
RP1-257A7.5,0.006986370533367659
RP11-554D20.2,0.006985974880990751
PLCB2-AS1,0.006985928777807716
ATMIN,0.006985914331838274
TLK2P1,0.00698591317641916
RPS29P15,0.006985732026517766
RP11-361L15.4,0.0069851135431655996
RP11-119H12.6,0.006983690898576832
OLA1P1,0.006982257947207333
RP11-452K12.4,0.00698220172466442
TCP10L,0.006980023995798842
RP11-503N18.4,0.006978444408868344
RP11-708J19.3,0.006977569969284344
MIR920,0.0069764669805061665
SDAD1P1,0.00697596871178122
RP11-55K13.1,0.006975736429835451
SPATA4,0.006975303318784974
AC010761.9,0.006971795013343195
POLA1,0.006971458794106564
RP11-356C4.6,0.006971422635944092
NAGS,0.006970920929293
C15orf38-AP3S2,0.0069689662973042325
RP11-326J18.1,0.006968160687121676
IPMK,0.006967102103534325
TONSL-AS1,0.006966740008009544
PCDHGA1,0.006966277254750692
RN7SL851P,0.006965112988475641
RP11-521B24.4,0.0069641335387252735
RNU4-2,0.006962348512112815
RP5-1024G6.5,0.0069622525414785455
NUTM2E,0.006962006603172973
RP11-138P22.1,0.006960783103372888
RP11-631N16.4,0.006960749950098437
RP5-1061H20.3,0.006960582439068725
HCST,0.0069585967444253565
RP11-65F13.3,0.006958590242397511
MIR4294,0.00695856794373496
MTCYBP3,0.0069585241195426984
RP11-153M7.3,0.006957731101874897
TMEM160,0.006957484118131756
COX7C,0.00695741102352385
CTD-2501B8.5,0.006955399892686809
MORC2-AS1,0.006954087304001421
ZNF417,0.00695202290348831
ZNF726,0.006951097379853598
CTD-3074O7.5,0.006950378694978396
RPL12P10,0.006949273169948531
PPP1R2P6,0.006947727071849866
RP11-105C19.2,0.006947653829482717
MTND4P13,0.006947610541324773
SNORA65,0.006947028634487867
MIR25,0.006946145829342057
TMEM174,0.006945165758766595
CTD-2013N17.6,0.006944312210629971
RP11-69E11.4,0.006942813670574176
FAHD2CP,0.006942333189969067
RP11-480I12.5,0.006941949187874329
RP11-94P14.1,0.0069415582042298765
DPYD-IT1,0.006940293579768088
TTPAL,0.006939025324886816
PRKCA-AS1,0.00693896300700299
RP11-318K12.3,0.006938551643048018
ADAM30,0.006938338172452515
CTC-338M12.2,0.006937859851486
COPRS,0.0069368166802106866
RP11-278A23.2,0.006933096082486936
CFLAR-AS1,0.006932589157245433
NATD1,0.006932142904438596
Z84812.4,0.006930442445242693
RP11-167P11.2,0.006927776787586289
RP11-780K2.1,0.006926995792954249
RP11-244M2.1,0.006925702028570015
USP37,0.00692388389241031
RP11-82O19.2,0.006922401607125835
IL6STP1,0.006921925115002521
AC104024.2,0.006921510357675701
RP11-757A13.1,0.006920922927159114
CTD-2017C7.1,0.006920232427738239
NOC4L,0.006918896670186442
RPS29P14,0.006918707826823124
COL4A2-AS1,0.006918701838068461
RP11-730B22.1,0.0069184607531227885
RP5-1041C10.3,0.0069175638390728544
RP11-368N21.5,0.00691705833838716
SNORA69,0.006916504580631329
PLK4,0.006916501262757132
TUBB3P1,0.006915005198869343
MYBPHL,0.00691295655519922
RBM14,0.0069124171023927
AF129075.5,0.006908962018061845
TMEM134,0.006908800080105127
MT-ND1,0.006907444235433911
SPATA45,0.006907070111812171
AP000473.6,0.006906122457073422
TOX4P1,0.0069059462108214415
FAM103A1,0.006905862626601057
RP5-881P19.7,0.006905173914276691
RP11-128A17.1,0.006903032719691627
PSMC1P1,0.0069026040683763815
RP11-107N15.1,0.006902211639693739
IMPA1,0.006902055863223411
CATSPER4,0.00690031181431439
RP11-757O6.6,0.006898939049181317
ENPP5,0.00689755675190541
CPSF4L,0.006896904586567337
RP11-1110F20.1,0.006895921508411301
PDCL2P2,0.006894231495873869
AC130469.1,0.006893470500257436
RP11-345J18.2,0.006893444979786851
YAP1P1,0.006893109186815009
RP11-521C20.5,0.006892925645972975
RP11-468O2.1,0.006892627324952932
RP4-802A10.1,0.006891709444840759
RN7SL253P,0.006891254619322004
WI2-1896O14.1,0.0068908358994106194
RP11-45A17.2,0.006889824299716594
AP000230.1,0.006888969793818228
RP11-544M22.1,0.0068879728258337426
ZSCAN31,0.006886810987854224
RP11-829H16.3,0.006886501352629369
SPRY3,0.006884688293852744
RP5-850O15.3,0.006884663611153205
VN1R90P,0.00688457855389154
EXOC8,0.0068845425491205585
RP11-122F24.1,0.006883801290519185
CSRNP2,0.006881454239314871
RP5-888M10.2,0.00688136316237378
TMEM99,0.006881283951341038
RP11-1029M24.1,0.006881053741372007
FBXO30,0.006878887511183694
RP11-806H10.4,0.006878881013386553
CCDC71,0.00687855480654868
CTD-2201E18.3,0.0068769302540475615
RP11-506M13.3,0.006876135070387742
AKIRIN2P1,0.00687595787880066
PKD1L3,0.006873336391621699
MIR342,0.006873039129162409
TRAP1,0.00687291499941326
RP4-794I6.4,0.006872834180272586
GAPDHP25,0.00687274034296643
RP11-463I20.4,0.006871963012456388
RGPD4,0.00687091311743343
RNF103,0.0068704006704737456
RP11-697H9.2,0.00686749273472395
RP11-464F9.22,0.006866658541466738
SYS1-DBNDD2,0.006866071540599576
FAM63B,0.006865035109657115
CTD-2270P14.1,0.006863271158299895
SERPINB2,0.006860966529638012
HNRNPA1P39,0.006859305513775425
RNU6-481P,0.006859296508605378
RP11-415F23.3,0.006859037434458703
RP11-141O15.1,0.006858541883811922
SPDYE7P,0.006857550911944648
FOXJ3,0.006857544178482583
RP11-15B17.1,0.006854810171483252
FZD1,0.006854647983417231
CHCHD3P3,0.006852639752716797
RP11-972L6.2,0.006851624629351488
DHX9P1,0.006849867978319851
MTCO1P18,0.0068494379551630215
SLC25A39P2,0.006848067394834423
HIST1H2AG,0.006847178889657659
TRAV16,0.006847145117377839
CTC-458I2.2,0.006847005541566952
XXbac-BPGBPG55C20.2,0.00684656088849362
HLA-F-AS1,0.006846137038857137
RP11-452K12.7,0.006844911645357976
TBC1D3B,0.006844781384402253
HMSD,0.006844581268749983
AC004076.9,0.006844036071898276
RP11-69M1.6,0.0068432267625518585
PPM1N,0.00684319442535265
SOX9-AS1,0.00684290867462185
ERAS,0.0068425820093674025
KRT18P9,0.006842538050466028
RP11-13N13.5,0.006837711734173528
VCX3B,0.006837228244338608
ZNF879,0.006836906669203449
SLC15A2,0.006835964254760543
RP11-539I5.1,0.006835812661011471
PLAC8L1,0.006834267142977048
RP11-57G10.8,0.0068340155048998985
RP1-283K11.2,0.006831373987588647
MIR1208,0.006830828407586493
CTD-2047H16.3,0.006829516921296996
PCBD1,0.006828570682030271
TAF9BP2,0.006826914660015765
PLCG2,0.006826231295750935
LMBRD2,0.006825534476723825
AC009060.1,0.0068228459345678755
CTC-246B18.8,0.006822707527177252
RP11-697N18.2,0.00682245830012302
CTD-2228K2.7,0.006822077136863718
RP3-355L5.5,0.006820361675059294
CYCSP38,0.006820036887307484
CLDN34,0.0068195561304010745
MTND3P25,0.006817531364343305
LRRC24,0.006816343462271594
AC094019.4,0.006815734977256518
BUB1B-PAK6,0.006815668803644115
LINC01397,0.0068151285515116915
SNORA71,0.006814780417238211
SLX1A-SULT1A3,0.006814479164235859
CIDECP,0.00681413671457824
AL591893.1,0.006812906091388424
RP4-814D15.1,0.006812821674783956
RP11-540O11.6,0.006812470017830839
EEF1A1P17,0.006812336546336609
RN7SKP271,0.006811649143480093
C11orf58,0.006810659238324665
SF3B5,0.006809714296784049
STAT5B,0.006808500966117957
AP000282.3,0.006808349971144419
RP11-469J4.3,0.006808119734223505
RPS2P5,0.006807360017289856
RP5-961K14.1,0.006806192664886195
RP11-322D14.2,0.0068061003271445335
CTD-2336H13.1,0.006805934709769522
RP11-1094M14.8,0.006805575793995465
RP13-395E19.2,0.006805540897489933
RP5-1014D13.2,0.006802554894770431
RP11-34P13.15,0.00680198401775075
RP11-616M22.3,0.006800808592317285
MTND5P12,0.00680079604447555
RP11-304L19.1,0.006800689156280383
LINC00525,0.006800649229264338
LINC01207,0.006800379906834394
CEP19,0.0068000142240016
RP11-291I6.2,0.006798592157699688
RP11-567M16.1,0.0067984845575253606
AC073043.1,0.006797045555522062
ZNF703,0.0067967398899168195
AC069282.6,0.006795746868078637
GPR15,0.0067949832966660816
WHAMM,0.006793907558569177
CENPCP1,0.006793846279071283
RNU6ATAC12P,0.006792955411493285
AL445183.1,0.006792839597952724
ZSCAN5C,0.006792692386191363
GFOD1-AS1,0.006792666138775642
AL136419.6,0.006792550075416479
ZNF648,0.006790570254903213
AC096579.15,0.006790367004566957
CACNA1C-AS4,0.00679019114615822
RP11-379B18.6,0.0067846387321515355
Metazoa_SRP,0.006783084469828141
CTD-2292P10.4,0.006781874746455664
WIPF3,0.006780983585925739
PGAM1P10,0.006780587191325293
CTA-253N17.1,0.006779898694451725
FNDC4,0.0067798890339986805
AP000688.14,0.00677924893025744
SNAPC4,0.006778840145825083
RP11-10K17.6,0.006778236769221928
GOLGA8N,0.00677676595565248
RP11-166B2.3,0.006775939537972861
LRP11,0.0067750112045411185
RNF125,0.0067720053395406874
MTND4P14,0.006771604631981961
ILF2P2,0.006770188148119587
VIM-AS1,0.006770140123384903
UQCC2,0.006769855112007231
RHOQP1,0.006769790575117622
RN7SL127P,0.006769051987595324
HSPA8P11,0.006762320490927652
ARMC7,0.006761587698327345
CTB-41I6.1,0.006760650483461141
SNORA81,0.006760318627832469
GOLGA8T,0.00676021731791372
RP3-477M7.5,0.0067580915993052685
RN7SL211P,0.006757223183232309
COX6CP17,0.006756326190593524
RP11-289F5.1,0.006755677698224267
AC002310.10,0.006755568667898687
AC092580.3,0.006755511218441441
PSMD12,0.006754827085147807
RP11-282I1.1,0.006754333096201336
RCC1L,0.006754183323837351
RP11-111D3.2,0.006753686321629906
AP006216.10,0.006752880140604289
RP1-166H4.2,0.006751722443277196
UTF1,0.0067505510325484505
CTD-3064H18.2,0.006749468088213624
RP11-886H22.1,0.006749300786258007
RP11-946P6.6,0.006748811146402817
UFL1-AS1,0.0067486436442553725
RP11-702H23.2,0.006747142336841605
RP1-249I4.2,0.006746687849709405
CCDC148-AS1,0.006745421138314597
MMGT1,0.006745261976771242
RP11-439H8.4,0.006744876783234612
RP11-439A17.9,0.00674413296730244
RP11-534L20.5,0.006744095497419264
RP11-351I21.6,0.0067436194760830325
LINC00677,0.0067435899361989815
RP11-567F11.2,0.0067432605572012
ENPP7P14,0.006743079155598045
RP6-24A23.7,0.006742754157406127
RANBP10,0.006741798659155784
ALOX5AP,0.0067397770182454
RP11-567L7.3,0.006739646291537319
RP11-1105G2.4,0.0067388424575363605
NCLN,0.006737805087198786
RHOA,0.006737549485900781
RPL32P1,0.006737223893540037
RN7SL165P,0.006736342483445795
CTB-58E17.1,0.0067362080574945365
CAP1P2,0.006735667631696328
RP11-116D17.1,0.006735565671356155
CTC-428H11.2,0.0067337971045381365
FNTB,0.006733410986174593
RP11-727A23.4,0.00673338344982898
RP11-764K9.1,0.006732485027344653
RSL24D1P6,0.0067317777911934445
ACTR3P3,0.006731742096573164
RP11-46J23.1,0.006731010132620204
RP11-318C24.2,0.006730416146278362
ZIM3,0.0067302828839974045
PKI55,0.00672981947602964
LINC00888,0.006728938330487165
XRCC6P4,0.006728853209869141
RPS20P15,0.006728685993604408
VPS16,0.006727441364696714
MIR4732,0.006727147921269762
CSNK1G2-AS1,0.00672688946948285
S100A5,0.00672581972073072
RP11-246K15.1,0.006724834669216152
FCF1P1,0.006724477021202211
RP11-822E23.4,0.006724368503912102
AC087501.1,0.006723929157358506
C1QL4,0.006722776217159132
AC084117.3,0.006722515613534443
MTCO2P22,0.006720063507470206
DDIT4,0.006719172976797634
RP11-1129I3.1,0.006718297101269303
RNU5E-8P,0.006716827310317835
RP11-778D9.12,0.0067152414424282636
CTC-429P9.1,0.006715214979319518
RP11-84G21.1,0.006712778982199561
AC002117.1,0.006712604360900503
RP11-296O14.3,0.006712433430954509
NHLH2,0.006712019005825302
RNU1-146P,0.006711889307979603
DUSP4,0.0067116456621939
CTC-529G1.1,0.006711629203140296
MYL5,0.006710810693993213
RPL5P12,0.00671074206083826
BTF3P6,0.0067105641627012635
RP11-293M10.6,0.0067088583309672595
UPK1B,0.00670305723345596
IZUMO1,0.006702296310067889
GPC5-IT1,0.006700681194823438
BCKDHA,0.006700526589487183
PCDHGC3,0.006698976672291849
HIGD1AP18,0.006694173034052879
DPY19L2P5,0.006693428139869204
RN7SKP237,0.00669334104092577
RP4-668J24.2,0.006692905930034148
TRIM33,0.006691902455938342
RNU6-1251P,0.006691420632956692
AF196972.9,0.006690559302981876
MBD4,0.006690148348612645
RP11-643M14.1,0.006689344459984498
RP11-407N17.5,0.006688119474828688
SEC61B,0.0066858343291617195
RP11-84A12.1,0.006684889031700294
AKAP8,0.006684689684472252
FTOP1,0.006684537360433454
RP5-903G2.2,0.006684491414322005
RP5-916L7.2,0.006683961138397993
RP11-161M6.3,0.006683831352191342
C14orf1,0.006683645409998877
COPS6,0.006683406624096714
EIF4BP4,0.006681989808367579
RP3-323N1.2,0.00668102996693465
RAPGEF2,0.006679324057035979
HNRNPA1P27,0.006677107704504247
RP11-155G15.3,0.006676323552111526
LINC01534,0.006674448953738582
CTC-444N24.6,0.006672360274313291
HOGA1,0.006672272323008113
LINC01396,0.006672268316121147
DRAP1,0.0066718347177116295
RP11-283I3.1,0.006670757966065855
PAXIP1-AS2,0.0066691922777116636
HAUS2,0.006669120505948283
PIGM,0.006667817722736547
AGBL4-IT1,0.006667177617433924
PIAS4,0.006666860673796122
PKMP1,0.006665435731501079
CTD-2542C24.5,0.006665070190123243
RNU7-45P,0.006664501689829875
RNU6-258P,0.006662404975186836
RP11-466A19.4,0.006661144517105703
TMEM45B,0.006660857434306036
RP11-333E1.2,0.006660648389408106
RNA5SP296,0.00666045635254045
LINC01151,0.006659747088795587
ADAMTS19-AS1,0.006658556368841365
AC102953.6,0.00665671696202167
AC141586.5,0.006654023125925858
LINC01255,0.006652853394183953
RN7SL743P,0.006651144224634463
LINC00216,0.00664970754240539
RP11-279O9.4,0.006649460857795062
LARP7P2,0.0066492506901329115
CATIP-AS1,0.006648963314845245
SNORA59A,0.006648235746978099
RP1-168P16.1,0.00664710382282427
RP11-10J21.2,0.006644798109294145
RP11-342F17.1,0.006644084311755127
RP11-104F15.9,0.006644031393533309
CTB-119C2.1,0.0066437394676414005
RP11-945A11.1,0.006642969245742029
MIR4754,0.006642720326731695
AF038458.3,0.006641534077574928
RP11-551L14.4,0.006640830298542325
CTD-2207O23.12,0.006638712798690606
SPRN,0.006637742358633139
NDUFA6-AS1,0.006637713232500414
CRIP2,0.006635314652543722
RP11-476I15.6,0.006633840194434573
AC005795.1,0.006632248964048767
RP11-78O7.3,0.006627817444959495
SNORD114-20,0.006627160788304547
LRPAP1,0.006626980916159736
RNU4-52P,0.006626329599679426
FTH1P16,0.006624635621087355
OCIAD1-AS1,0.006623543018905744
LINC01550,0.006623406552903259
FAM13A-AS1,0.006623357511066655
SOX21-AS1,0.00662270430513422
SLC30A1,0.006620606952642648
SNORA50A,0.006620341106466361
PPP2R2A,0.006620036083078126
DOCK4-AS1,0.006617608242895865
PIGR,0.006616662787817872
B3GNT9,0.006613952345136804
SNORD19,0.006613528641713501
RP11-78C3.1,0.006612068595423023
SUGT1P2,0.0066110945515155915
SMIM20,0.006610081450722325
RP11-803D5.1,0.006607734500441329
CTA-797E19.1,0.006607392613919705
SMC3,0.006606949179836786
RP11-404G16.2,0.006606585435437493
IPO13,0.006605310861435751
RP13-507P19.2,0.00660524815098452
SETP17,0.006604792830550746
PABPN1L,0.00660476841003784
FAM149B1P1,0.0066044361901433195
LAPTM4A,0.0066031160230020395
RP11-715J22.2,0.006602057975676507
OR1L8,0.006601432274624282
RNU5E-10P,0.006600835289273987
SEPT4-AS1,0.006599812782888765
RP11-1102P22.1,0.006598839467531407
C6orf58,0.006598607907081365
RP11-104O19.4,0.006595884182975035
RP11-116D17.5,0.006592715292230342
RP4-773N10.4,0.0065925355360988485
KNOP1P5,0.00659236276229768
RP11-573G6.4,0.006592137203431107
RP11-159D12.5,0.00659153625991958
LINC00886,0.0065910828136959065
EIF2S2P2,0.006590582311519483
AC114877.3,0.006590372808366165
AC006277.3,0.006590196449721189
RP5-1065J22.8,0.006589900161665535
TRAJ24,0.006589645691907086
SNORA3B,0.0065891425164916724
PON1,0.006588718074982482
LINC01531,0.006588167527938977
SDHAF2,0.006587882867742895
RP11-426C22.8,0.00658726793251227
KCNJ6,0.006585368432236055
RP11-325P15.1,0.006584017024092883
PARP1P1,0.006583934994541607
ADGRF5P2,0.00658238998049969
TPGS1,0.006581180432284072
XRCC6P5,0.006580904362793465
LINC00498,0.006580604359864772
RP11-480G7.2,0.006579156422018081
AC005559.3,0.00657859153329054
TMEM220-AS1,0.006576683624189624
RP11-307C18.1,0.006576297759050697
AJ009632.3,0.006575728041226986
RP11-485M7.2,0.0065752983469896595
RPL31P11,0.006574174434061487
AC005522.7,0.006573746935102511
RNU4-34P,0.006572719936655102
RNU6-432P,0.006571413714446397
MTHFD1P1,0.00657092340268099
CCDC152,0.006570589352494803
PKMP4,0.006569636219196863
RP11-306I1.2,0.006568264025129512
MFSD9,0.006567808110530307
RN7SL564P,0.006567508355355501
MTND5P33,0.006567342843569573
AC093162.3,0.006566489104365262
LINC00640,0.006566037252365127
HIST2H2BB,0.006564196782993993
WDR82P1,0.006562218142370322
LINC01012,0.006561982285810035
LINC00638,0.006560171975576283
CTB-40H15.4,0.006560076281835032
AL133243.1,0.0065599855154858736
RP11-309L24.6,0.006559184092732612
RP11-543G18.1,0.00655890155864508
CDT1,0.006558612801396752
IGBP1P1,0.006556835202619766
MIR6509,0.006555738048704617
GPSM3,0.006555013303450342
SPA17,0.006554708808009232
RP11-490K7.1,0.006552396375836513
ZNF280B,0.006552396119337089
AC102953.4,0.006551872512394304
GS1-393G12.13,0.006551449582190886
IPO7P1,0.00654983254140931
RNU6-1238P,0.006549601847012623
RRN3P3,0.006547924690696728
AC064875.2,0.006547497630789255
GTF2I,0.006546522108861907
RP11-331F9.3,0.0065458671223702835
AC079907.1,0.006545800434609935
ADNP2,0.006545517453175579
RP4-614O4.13,0.006545291369936924
HCG4P11,0.006545250013323632
XXbac-BPG299F13.14,0.0065436448804511195
uc_338,0.006543448685252563
TTC21B-AS1,0.00654295493188663
CTD-2521M24.11,0.006542572026501097
HUNK,0.006542307494430567
RP11-936I5.1,0.006541909175670984
SNORA15,0.006540839452168826
MIR760,0.006540344975438897
AP000640.10,0.006539628080866439
C8orf89,0.0065378905872219535
RP11-460N20.4,0.006537818138569758
CKS1BP2,0.006537505987392634
RP11-13A1.1,0.006536942599178248
WBP1LP2,0.006536488667867455
CCDC170,0.006536414371747111
RP11-449J21.5,0.006535863438348284
CTA-363E6.1,0.006533997943359639
RP11-481J2.2,0.006533903828397367
LURAP1,0.006533397823481728
SAPCD2P1,0.006532644595871749
CTD-2008P7.1,0.006532407574363417
NT5CP2,0.006531275277723074
RP5-1098D14.1,0.006530183404890147
SPRY4-IT1,0.00653009840510489
ODF2-AS1,0.006530050205142677
LOH12CR2,0.006530033689335415
AC097468.4,0.006529806796239118
LL0XNC01-116E7.5,0.006529026482220478
RP11-25K21.6,0.006528873098329604
MIR325,0.00652846977248564
RP11-403E24.1,0.006528442399223368
XXbac-B135H6.18,0.0065257529169335995
NDUFB4P3,0.006525662140882324
GAPDHP27,0.006525328239483464
IFIT2,0.006524757702657854
AC005592.3,0.006524580585591743
MUT,0.006524193337915331
RP13-204A15.5,0.006522140787438639
RP11-380D11.2,0.006521925302912426
FABP5P11,0.0065208261311814055
PLGRKT,0.00652046061175755
RP11-326C3.15,0.006520146674989422
KLF3-AS1,0.00651937955615209
RNF208,0.006518436118266155
RP11-473J6.1,0.006517623008178694
AC073934.6,0.00651259255982366
RP11-403D15.2,0.006512035506389233
RN7SL825P,0.006510243233984096
SEC61A1,0.0065100268210261086
RP11-16N11.2,0.006509461743493445
RP11-517A5.7,0.0065094340809513955
RPL12P27,0.006507971940522884
LINC01010,0.006507813288114417
Y_RNA,0.0065074181196770765
RP11-430C7.5,0.006506396534054154
ATP5G2P1,0.006505461041317046
AC005336.4,0.006504107245002486
RP11-552E10.1,0.006500983763001252
RP11-419I17.2,0.006500790391447179
GPR75,0.0064995290164859346
RP3-430A16.1,0.006499248022399994
RP11-75C9.2,0.006498899020529536
KLHL38,0.006497234967182558
RAMP2,0.006495251794433066
RP11-61I13.3,0.0064942506402742494
H1FNT,0.006492446884458262
ANAPC16,0.006492198196076346
EIF5B,0.006492029257483775
ZNF885P,0.006491851113535765
IRS2,0.006491414055550271
RPL23P2,0.006488654663936852
HCG22,0.006488631337920092
RP1-278O22.1,0.006485906849508139
CTC-425O23.5,0.006482432473312409
CCDC169-SOHLH2,0.0064806463959489885
HMGN2P23,0.006480139536532053
Z97634.3,0.006478142415487244
CTD-2245F17.9,0.006477267789931188
LILRA1,0.006476190298650248
RP11-98O2.1,0.006476069409124765
RP11-456P18.2,0.006476007388217371
RNA5SP25,0.006474613256713091
RP11-439L18.2,0.006473626634098111
RNA5SP473,0.00647321112548186
RP11-432B6.1,0.00647304746971381
HLA-DQB2,0.006472922752519284
RP5-1120P11.4,0.0064728230577328506
RP11-27I1.4,0.006472517793538051
BNIP3P11,0.0064723406088223944
ERHP1,0.006472241669636861
VRTN,0.006471561119116394
RP5-1039K5.12,0.006470680283699567
AF124730.4,0.006470370438292778
LRRFIP1P1,0.006468853405340671
FABP5,0.006467968276777684
RNU6-415P,0.006467410181562217
NEBL-AS1,0.006466299899711609
ASB5,0.006465917272808221
RP11-329N15.3,0.006464078086717135
RNU7-3P,0.006464003252288644
RNU4-14P,0.00646273425591097
RP11-291L22.9,0.006462656516077284
U73166.2,0.006462080913736227
FAM27E3,0.006462055796542069
RP11-314P15.1,0.006461457133538478
CTD-2008E3.1,0.006461172256632033
SERBP1P5,0.00646077219332239
RP11-603J24.14,0.006460437279555289
RN7SL577P,0.0064598815714129515
AC090587.4,0.0064595290154279995
RN7SL587P,0.006458885542687215
RP4-800G7.2,0.00645878223669562
CHCHD6,0.006458217618564357
MT-CO2,0.0064577779411107775
ADH5,0.006456442148895431
CIAO1,0.006456221592204083
RP1-16A9.1,0.006456114727086008
RP11-671M22.4,0.006455172055134937
RP11-576E20.1,0.006455150491913805
RP11-108K3.4,0.006454286241200569
AC007285.7,0.006453669603572241
NORAD,0.006451580777598757
FLJ27354,0.006450995984179836
TRMT5,0.00644998822761541
CTD-2553L13.5,0.006449761412470343
FAM3D-AS1,0.006449732876350976
RNF148,0.006449628730967762
AC243945.1,0.006449385275669596
BNIP3P27,0.006448752945209681
IPO5P1,0.006448681066293343
PTP4A2P2,0.006447981420358296
CAB39,0.006447849319849865
RP11-578O24.2,0.006447800290383566
RP11-68I3.7,0.006446652653598786
C11orf97,0.006445529155065864
RP11-501M7.1,0.006445091483400721
CTB-102L5.8,0.006443947458463498
Y_RNA,0.006440006236332719
RP3-522J7.6,0.006439564164515729
LINC00869,0.006438891691070821
WASL,0.006438204760029167
UBA52,0.0064370184568420235
RP11-181K3.4,0.006435536766948505
RP11-807H7.2,0.006434915879090321
TOPORS-AS1,0.006434255776206558
HSPA1L,0.006434000483075711
RP11-39E3.4,0.006433387436759894
LL09NC01-251B2.3,0.0064327203828115935
RP1-18D14.7,0.006432451227278876
RLF,0.006431476613170931
CTB-96E2.6,0.006430178939436402
DCAF15,0.006429425496341925
BUD31P2,0.006429156129636109
RP11-321F8.4,0.0064290161864271975
OCSTAMP,0.006427992214667579
RP11-449H3.2,0.006427229756661419
RP11-196I18.3,0.006426332396135069
RP11-295G20.2,0.006425584119761264
snoU2_19,0.006425430880600898
TMEM133,0.006425021254050323
RP5-1087E8.2,0.006423588919505006
RP11-398A8.1,0.006423235131876896
C19orf70,0.006421743053070328
RP11-135F9.4,0.006421306802141478
TRBV6-4,0.006421088276840641
LINC00634,0.006420398847395781
RP11-1060J15.9,0.006419387623671399
RP11-248J18.3,0.0064191528217172325
RBM5-AS1,0.0064188596515317685
AF064858.7,0.0064172603218729
PSMC1P8,0.006415617553727874
FOXE3,0.006415470918070142
CBX3P2,0.006414690520067106
TMEM253,0.0064144894227978685
CTD-2284J15.1,0.006414202136873865
ZFP82,0.006414092967216399
LINC01556,0.006413981548688888
RP11-250B2.4,0.006413099856413552
FOXJ2,0.0064107708346892315
SDF2L1,0.006410585106813954
FAM85B,0.006409700353964803
RP11-383F6.1,0.00640912141577068
SERP2,0.0064078550072420425
SDF2,0.006406288568753103
TPT1P2,0.006405983575631401
ACADL,0.006405310313479162
RP13-395E19.3,0.006404097180252355
CLDN9,0.0064037062694426656
CNN2P9,0.006402948330879939
CTD-2026J24.1,0.006402894617231703
RP11-60C6.5,0.006402459192180626
PDP2,0.0064021814375148185
CTD-2651B20.1,0.00640210822952923
RP11-148B18.4,0.006401719040233952
NPIPB15,0.006401468300271894
ACA64,0.006399953676227158
AC004854.4,0.006398506600146759
USP46-AS1,0.006398298150254757
TOMM20P1,0.006398175170920404
RP11-68I3.5,0.006398017339409552
PPP1R26P1,0.006396027139957302
AC090954.5,0.006395709874531378
RAB39A,0.006395559277553046
AC012499.1,0.0063943876760166225
RP11-666O2.5,0.006393539544491305
AC087651.2,0.006393320957691642
MTND1P9,0.006391590207073471
RP5-1070A16.1,0.00639021903927615
NPDC1,0.006389364532640094
ZNF844,0.006388584705444937
NECTIN2,0.00638631452549212
AC139100.4,0.006386181708909099
Y_RNA,0.006385411103064162
CTC-563A5.4,0.006385218222589718
TMEM183AP1,0.006384560178242903
RP11-347C12.3,0.006384343178593802
RP11-462D18.4,0.0063840440491421705
RP11-336K24.5,0.006383657163406352
RP11-342L8.2,0.0063835681673737165
RP11-477D19.2,0.006382488777655391
HNRNPA3P10,0.006381893461831892
AC098820.2,0.006381304893916503
LINC01291,0.006380377231796839
RP11-492I21.1,0.006379872826230365
AP000577.2,0.006379864034335066
TESC-AS1,0.006379174051674949
CTD-2313F11.1,0.006377947972744056
TUBBP1,0.006376600430106698
MYCBP2-AS2,0.006375946523906554
FAM66C,0.006374007455497998
AC074117.13,0.006373724458785525
GS1-358P8.4,0.00637357878597667
7SK,0.006373269685616556
RP11-843B15.3,0.006372657047027055
RP11-547D13.1,0.006372510604243585
HDAC3,0.006371760497121212
RP11-115C10.1,0.006371589833565628
RP11-815I9.4,0.0063696710696234705
AC018766.6,0.00636885930766825
RP5-1007F24.1,0.0063685367849176285
HMGN1P26,0.00636806772222612
RP11-44N11.2,0.006367496799710375
IRGQ,0.006367423946373689
RP11-983P16.4,0.006367021596480079
EEF1DP6,0.006365470958488451
RP11-582E3.6,0.006365405903123257
RP1-278O22.2,0.006365331987722064
RPL21P5,0.006364139424520251
RP11-434D9.1,0.006361832082796576
F2RL1,0.006361574715760613
C8orf37,0.006358515396432201
TMEM240,0.006357145517306503
TNFRSF25,0.0063565024273430915
SNRPF,0.0063554952220390435
SNORD116-14,0.006355226597483874
IGHV3-13,0.006353884702322105
TRBV6-5,0.006352522907669551
RP11-705O1.8,0.006352035689259662
RP11-216B9.8,0.006351975745359666
NPPA-AS1,0.006350600741812475
XXbac-BPG157A10.21,0.006350542877489444
RP11-819C21.1,0.006350489343385326
TAF13,0.006350478542927139
NODAL,0.006349855796231912
TMSB4XP4,0.006349471323597144
EMC3-AS1,0.0063491248750048536
RP11-749I16.3,0.0063477067289014494
MRPS21,0.0063456952803907524
PTH2,0.0063433159938562
RP4-533D7.5,0.006342920633565015
KRT18P33,0.006341247107209712
TNFSF15,0.006340875618063354
RP11-1102P22.3,0.006340093288678834
AC018462.2,0.00633982318947758
CYP2J2,0.006337473649571861
CTC-458G6.2,0.006337351206690682
ALG10B,0.006335605462505907
KRT17P6,0.0063352967365117585
RP11-522M21.3,0.006334882962904598
AC110299.5,0.006334253958372159
FH,0.006334151901459721
RP11-525K10.3,0.006333825236398496
RAC1P4,0.006333232494765117
HNCAT21,0.006332703126880237
ITPKB-IT1,0.006332281817451124
ZNF583,0.006330980789751049
MFAP1,0.006328001627035316
CTD-2342J14.6,0.006327729389949414
RP11-561C5.4,0.0063271813591351716
KRT18P57,0.006326483567547893
DBP,0.006325907436513213
ARFGAP3,0.0063253369659027146
RP11-473C18.3,0.006324373336983496
KLK1,0.006324358480003941
RP11-342A1.1,0.006324164259912102
RP11-106D4.2,0.0063231401959969935
RP11-977G19.14,0.006322292015694223
PDCL3P5,0.006321199477250349
RP11-734K21.5,0.006320257202361346
RP11-493E3.1,0.0063197821881407
HNRNPAB,0.006319623820568973
TBC1D17,0.006319257851300152
CTD-2293H3.1,0.00631862046118683
KRT18P34,0.006317666252837451
COA4,0.0063173634074758685
DYNLT3P2,0.00631425059874577
PTOV1-AS1,0.0063138792535225065
TMEM89,0.006313193213667867
RN7SL404P,0.006312619444136165
ZNF48,0.0063120109932045506
BNIP3P5,0.006309271418547048
DACT3,0.006307512702750192
PALD1,0.00630744359544649
ZNF396,0.006306676153184648
RP11-154D6.2,0.006304308249668437
MAP3K1,0.006304228267457748
SCGB1C1,0.0063041041116703835
FAM134C,0.006303454939149182
RPS28P7,0.006303402682208293
RP11-426C22.5,0.006303095324294972
RP11-499E14.1,0.0063008009058071095
ABCE1,0.006300735580887896
TPT1P14,0.006300236198654396
Metazoa_SRP,0.006300011825871613
EFNB2,0.006298594614588337
IDSP1,0.006298593128398353
PSKH1,0.006298102653570592
CTD-2224J9.8,0.006297264971311583
BRIP1,0.006296991480296187
RP11-399K21.14,0.006296718450621734
NXPE1,0.0062961995676172255
C1orf106,0.006293811607008979
GLUD1P3,0.006293025132649142
CTD-3162L10.1,0.006292311878019749
PRSS44,0.006292093261416156
ZNF595,0.006292000565095325
SNX4,0.006290985505200605
LRRC37A7P,0.006290816745801286
CRIPT,0.006290302826403747
CTD-3025N20.3,0.00628912144614852
GAPDHP1,0.006288835432005078
RP11-116N8.1,0.006288625894847204
CCT6A,0.006288226189245322
ZNF593,0.006287543359759621
CACNA1C-IT2,0.006286147785314261
RP11-51M24.1,0.006285547434948647
AC006277.2,0.006285253226255634
RP11-112J1.3,0.006285092463223717
CATSPER1,0.006281137627335034
LINC01600,0.0062799342035653
RN7SL426P,0.00627856490488668
RP11-526D8.11,0.006278267341783671
FAM66B,0.0062775985634795925
LINC00426,0.006277593789067182
RP11-672A2.4,0.006277418175729713
MTND5P14,0.006276498039268761
OR7E102P,0.0062763397597410606
RNA5SP195,0.0062742602139324215
LINC-PINT,0.006272753621536007
ADH5P3,0.006272326962298776
RN7SL771P,0.006272262808017119
RP11-259G18.2,0.006271637883841952
RP11-486G15.2,0.006270267412872655
LA16c-380H5.5,0.006270176993505648
ANHX,0.006269882228454471
RP11-490M8.1,0.006269201106059194
PPIAP10,0.006268309572668547
CTB-186H2.3,0.006268187718495984
ZNF324B,0.006266941675828889
RP11-197M22.2,0.006266870644976192
RNU6-770P,0.006266597478838498
FAM136A,0.006266544255700836
SNORD116-24,0.006266304480232511
RP11-351A11.1,0.006266036225581265
RP1-90G24.11,0.006266031670656233
RP11-1299A16.3,0.006265992144330393
COX10-AS1,0.006263968126769559
RP11-573M3.3,0.0062635186283121775
HBA1,0.006263237586202048
RP1-168P16.2,0.006261777541099183
AC007879.2,0.006261172005986164
RP3-496C20.1,0.006261148821479721
AC007787.2,0.006261023315703248
SYNPO2,0.00626032311984964
RP3-400B16.1,0.006259925619353596
RP4-798A17.5,0.006259713317890024
FAM210CP,0.00625923584897911
SALL4P2,0.006258628083093267
HNRNPA1P70,0.00625717854408173
NACAP3,0.006255456633386401
AC019050.1,0.006254553828629062
RNU4-82P,0.006253397282162313
RP11-1277A3.1,0.006253095106326377
RP11-266L9.4,0.006252883980999853
ATG12P2,0.006251604592860079
RP11-353N14.7,0.006251588933376792
CXorf21,0.00625093426191609
LAMP5,0.006250516889451987
BTNL2,0.006250358192448437
T,0.00624967603095786
MED11,0.006249481766501629
U52111.14,0.006249377580576862
CTD-2194D22.1,0.006249093487130986
snoZ196,0.006248161653028196
RP11-667K14.9,0.006246194830703372
TMEM231,0.0062437927721120424
RP11-334E6.2,0.006241339165819419
GLIDR,0.006240859762208069
CTD-2315E11.1,0.006240849548345945
SETSIP,0.0062402556641702875
MIR320E,0.00624020331629778
GCNT1P1,0.006239201477476225
USP27X-AS1,0.006238863736446294
RP11-251G23.5,0.006237982524514795
LINC01128,0.006237639176300016
RP11-400F19.6,0.006235499552777809
ANGEL1,0.006234916154478199
MT-TC,0.006233628961556692
CDK17,0.006233446509640364
RWDD4P2,0.006233147506664888
RP11-356J5.13,0.006232355285139575
RP3-508I15.18,0.0062319247955038085
RP11-389C8.2,0.006231304467080159
POLR2M,0.0062282187856811085
COX5B,0.006226762085870424
WDR75,0.006226149280268054
UGDH-AS1,0.006225829907284768
THAP12,0.006224968954022009
HADHAP2,0.0062243643396951605
CTD-2248H3.1,0.0062240700872211166
RP11-180C16.1,0.006223178958348297
RP11-359J6.1,0.006220449591131228
ZNF252P-AS1,0.0062204230147468
MKRN1,0.006219111230305406
ZCRB1,0.00621868473146765
DDX58,0.00621865235331657
ABCC2,0.006217621862753633
CD48,0.006217534488434465
SNAI1P1,0.006216864561504162
HMMR-AS1,0.0062167912197019825
LIPC,0.006216576120369117
RN7SKP292,0.006214630216041518
FAM95B1,0.006213659752220205
CTD-2547L16.3,0.006213533403074796
BOP1,0.006213179699348435
RASA4CP,0.006212767898477347
SNORD114-12,0.006212330458783467
RP11-269G24.7,0.00621217802088687
RNA5SP18,0.0062116427712412365
GNAQ,0.006211625162719777
KB-1440D3.13,0.006211180616947435
CIPC,0.006210780229605459
RP11-665C16.5,0.006210537741082823
CA5BP1,0.0062100771477860165
PATE4,0.006209669616908516
AC009518.2,0.006208920037717265
AC013262.1,0.006208099903416496
CDH10,0.006207963431177749
RNU6-204P,0.006207222291051904
RP1-95L4.4,0.00620693145506372
RP11-655C2.3,0.0062065113140644555
ATP5O,0.006206397456386685
SCARF2,0.00620588622570459
RP13-638C3.5,0.006205485719604916
TRPC3,0.006205451272907112
MAIP1,0.006204280719692894
RP13-16H11.8,0.006204270396156484
RP11-468E2.2,0.0062035755631699545
RP11-96K19.4,0.006203018003393308
LINC00279,0.006201974747768005
KRT18P26,0.006201733855400937
RP11-225N10.3,0.006200867639447049
RP11-613D13.8,0.006200265265482175
CNTNAP3P2,0.006199943688100171
APPBP2,0.006199579381213364
LINC00852,0.006199530719178647
Y_RNA,0.0061988815570501
IRF2BP2,0.006198234168096788
RP11-465L10.10,0.0061944362859087665
TRAV29DV5,0.006194428785942316
CTD-2135D7.3,0.006193072928394738
RP11-145G20.1,0.006192151611787624
RN7SL411P,0.006191688672731105
IL2,0.006191460196607341
INCA1,0.006190938604029364
PIH1D1,0.006190123776377088
AKT3-IT1,0.00619012275682556
AC144836.1,0.006189363836620526
RP11-244N9.6,0.006186500707885402
ZNF785,0.00618443646467472
CTC-506B8.1,0.00618439394592025
RP13-941N14.1,0.006183378498302213
RP11-147L13.12,0.006183202928958869
RP11-20G6.2,0.006182141036481849
RP11-121L10.2,0.006181406733271079
RP11-474P2.5,0.00618089829505084
KRT39,0.006180509623300554
BX470102.3,0.006178378259708769
CTB-54O9.9,0.006177743279473011
RP11-487E13.1,0.006177522433338739
PPP4R3B,0.006177409666625829
TRGV5,0.006176770043274994
RP11-156K13.3,0.006174786341084711
KBTBD11-OT1,0.006174615730349203
CICP11,0.006174009655640555
LINC01355,0.006173511884498587
C15orf59,0.006173464282288223
CARD16,0.006172953552699543
HIST1H4H,0.006172337343415227
RP11-819M15.2,0.006172162016441776
RP11-395L14.18,0.0061720142039789665
RP11-762H8.5,0.006171071291420725
MTATP6P27,0.006170996249611998
LA16c-313F4.1,0.006170739791707418
FAM25G,0.00617014085163378
RP11-103C16.2,0.006169803117384593
RP11-452L6.5,0.006167780579034203
RP11-218I21.2,0.006165902444874195
RNY3P8,0.006164934438248613
CCT6P1,0.006163469382727228
RP11-196H14.4,0.006160353176023301
EXOSC5,0.00615956687718363
FAM204BP,0.0061586559325907154
RNU6-9,0.0061582727399029065
TOMM20,0.006157457242848278
RP1-73A14.1,0.006156467197354469
MTBP,0.006156349045694166
RP1-37M3.8,0.006154125954178034
NUDT18,0.006152721378383483
TPT1P3,0.0061514569304281785
NBPF15,0.0061514541852652534
MIR1539,0.006150892140624711
COPS8P2,0.00615061805477203
RP11-575A19.2,0.006150407715551921
RP11-803P9.1,0.006150035174080284
TSPAN13,0.006149983506009312
PDCL3P4,0.006148472700422545
TMEM221,0.006147881757484922
NOX3,0.006147871036056505
RP11-188D8.1,0.006147681090390813
SNORD115-21,0.006147328943305074
P3H2,0.006146036448159639
GNB4,0.006146019306970237
FBXO27,0.006142564657542742
RP13-465B17.5,0.006142487233210758
MUC22,0.006141946566974185
RP11-248J23.7,0.0061414429090001724
MIR1249,0.00614107295946751
MIR210,0.006140719652091919
RP3-382I10.7,0.006140719585913906
SPDYE18,0.006140712919604971
PRR23C,0.006140611357506851
HCG25,0.006139203427028489
RNA5SP429,0.00613894242294027
PNMAL2,0.006137765808812493
TUSC8,0.006137713329445127
CDKN2AIPNLP2,0.0061375656467702175
PDCD1LG2,0.006137007583502874
ADAM21,0.0061367346770272654
CDK2,0.006136286698325809
HSPE1P10,0.006136183861789599
LINC01031,0.006135733145278758
AGGF1P1,0.006135408776382813
CCDC183-AS1,0.0061353629967787005
GPS2P1,0.006134529285434678
GS1-39E22.2,0.006134425693504242
SNRNP25,0.006133742568180289
AC007461.2,0.0061336896353861425
Metazoa_SRP,0.006133199770643539
CYP2F2P,0.006132920850221906
RP11-48G14.2,0.00613212342977914
MTND6P19,0.006131127133603279
ERP44,0.006130705071669435
IRF6,0.006130546603533848
RP3-412A9.12,0.006130353444732721
RP11-344A16.2,0.006129739236289207
AEBP1,0.006127093140248864
RP5-892K4.1,0.006126999415096013
RP11-339B21.10,0.0061265603410463705
RP11-672F9.1,0.006126341276606166
AC002401.1,0.006126177152789179
LINC01579,0.00612574565196004
RSAD1,0.006123240223656145
CTC-559E9.9,0.006120573530965848
RPL23AP69,0.0061203870994290055
PPME1,0.006119778640466341
RNU6-652P,0.00611714599801892
SRP54-AS1,0.0061156227018092455
CTD-2033A16.2,0.006115414441987404
RP11-463O12.5,0.006115116227458493
CTB-57H20.1,0.0061145213730983625
COLCA2,0.006113733030649843
RP11-75C10.7,0.006113315492489986
RP13-977J11.2,0.006113177517833833
TMEM74B,0.00611184647246004
H2AFJ,0.0061112987382520014
UBE2N,0.00610945739301534
CCER2,0.006109083040402089
CDCA4P1,0.006107907900735663
RP11-341G23.4,0.00610558144317061
RNU6-1170P,0.006105472612109296
CNPY2,0.006105440533156738
TECRP1,0.006105389416180992
RP11-355B11.2,0.00610377626474676
RP11-83N9.5,0.00610363179365595
KLKP1,0.0061025881123039135
RP11-78O7.2,0.00610226358696042
ETV5,0.006102106441350241
AC005822.1,0.006101488381729591
RP11-35P15.1,0.006101214285940667
AC079767.4,0.006101129515290778
RP5-963E22.5,0.006100127430391071
CTC-435M10.12,0.006100074786096761
CD300E,0.00610000603897242
HSPD1P2,0.006099711163925022
RPL32P3,0.006098972299776225
AP5S1,0.006097792767249485
SKP1P1,0.006095260161032356
AC006019.4,0.006094782298930705
TEX40,0.00609455286889562
FZD7,0.006094101675537823
RP11-102L12.2,0.006092660411830928
TUBBP8,0.006089844445945503
ADGRB1,0.00608960129424923
LST1,0.006088394268186718
AC111200.7,0.006088037275098448
AP001255.2,0.00608779452223673
AFG3L2P1,0.006086890543556004
FTLP17,0.006086847627396999
ANP32B,0.0060846912730905265
RNU6-7,0.006084214218406831
CTD-2540B15.6,0.006084111607391743
ANKRD52,0.006083986282807212
CTC-523E23.15,0.006083130436049938
RP11-885B4.2,0.006082840287637792
AP000892.4,0.006082828391309716
RP11-368I7.6,0.006081922294393763
RP11-363J20.2,0.006080347974212339
RP11-195C7.1,0.006080326635818322
GLYAT,0.006080143698041295
UNC5D,0.006079981685516241
RP11-271K11.1,0.00607977901167348
CDK3,0.00607951295066843
SAR1AP4,0.0060779789905824645
RN7SKP163,0.006076958249844403
LIN37,0.006074825757691261
FZD5,0.006074707158944517
RP11-517I3.2,0.006073814512080373
RP11-563P16.1,0.006073554396923798
CPB2-AS1,0.006073519234205067
RP11-474P2.6,0.006073198991604619
RP3-476K8.4,0.00607273195828113
RP11-343J3.2,0.00607121928069654
EBNA1BP2,0.006069986395870755
FAM229A,0.006069098038466027
RP11-344L21.1,0.006068847340405978
C12orf75,0.0060675657015877085
RP11-64D24.4,0.006066428524383078
RP11-486I11.2,0.006066349373563394
RP11-25H11.1,0.006065532090952353
ANGPTL5,0.006065524134512988
C1orf105,0.0060647820755753284
SNORA81,0.006064664935877719
IL12A,0.006064564895725703
PNMA1,0.006064045594325193
KCNA1,0.0060637063767586
AC104667.3,0.006063567390048251
RP4-591B8.3,0.006063029755078371
RP11-125H8.1,0.006061659205710178
GNL2P1,0.006061603333966606
ZNF90,0.00606143316567919
SAMD5,0.006060884234273211
RP11-50D16.4,0.006059767968599614
AC144449.1,0.00605963308975921
KLRG1,0.006058696273819953
FLJ31104,0.006058685287412194
GDI2P1,0.006058198763872547
RP11-158H5.7,0.006058144036223906
GNG12,0.0060574330910283455
EEF1DP4,0.006056783812634426
SPATA41,0.006055239814407179
RP11-282A11.3,0.006053114534779717
HIGD1B,0.00605139204637566
FAM95B1,0.006051288866623039
RP11-455O6.9,0.0060511234029556596
RP11-77K12.1,0.006050276139590422
BCL9,0.006050182380995376
TRBV5-1,0.006050044603333403
RP11-110H1.8,0.006048920274250333
RP11-384B12.3,0.006048860092741367
RP11-366L20.3,0.006048366558199162
SMIM15,0.0060480090239164366
HLA-S,0.006047993664659386
CTD-2616J11.3,0.006046381392080579
CTC-499B15.1,0.00604611695619032
COL6A6,0.006046078268850538
UBA52P3,0.006044245883571669
SELENOK,0.006043606547448817
EBP,0.006043443840845536
RP11-529E10.6,0.006042718949921813
RN7SL297P,0.006042290253403936
DYNC1LI1,0.006041050199853831
RP11-350E12.4,0.006036355335573924
RP11-133K1.6,0.006035850673082725
ZSCAN10,0.006035398081450734
RP11-723D22.3,0.00603461379700326
AC007292.6,0.006034432425192587
MIR6793,0.006034288455937732
RYBP,0.00603409774176698
RP11-996F15.4,0.006033791195888779
RP11-1191J2.5,0.00603343579675703
RP11-296E3.2,0.00603322380236207
AL592528.1,0.006033106758777069
RP11-552F3.9,0.006031849631790556
TRAV36DV7,0.00603154434694069
PROX1-AS1,0.006028994956294134
RNU4-39P,0.006028082199965233
OR10Q1,0.006026605011833454
TMEM59L,0.006025752507300761
RP11-342D11.2,0.006024161857963225
POLR3B,0.006023995603641102
AC004237.1,0.006023699494533404
LINC00205,0.006023631399992111
NOL12,0.006022782127665309
PHEX-AS1,0.006022278882876009
RNASEH1-AS1,0.006022098662828979
RP11-146F11.1,0.006019881516848925
URM1,0.00601912894275376
RP11-63N3.1,0.0060186319493583254
RP11-168A11.4,0.006018371111927721
RP11-642C5.1,0.006017649706626311
AC009120.3,0.006016012687525891
CTD-2621I17.3,0.006013319976054585
SEC63P1,0.006012003321223857
RP11-329A14.2,0.00601193532614238
ONECUT1,0.006011721696303427
NPM1P6,0.0060108532734811405
GPR171,0.006009648184264654
GGNBP1,0.0060096288238024815
RP11-110I1.13,0.0060091686006702675
RPS16,0.006008954890183014
ZNF192P1,0.006008907442862797
LCAT,0.006008004688492395
RP11-467I20.3,0.006007084743053401
RP11-140H17.2,0.00600631503020494
RP11-354M20.3,0.006006054334258528
HMGB3P9,0.0060054190654729835
CA11,0.006005285526765594
RP11-484D2.3,0.006004853095086538
NME3,0.006004342819181695
RP4-738P15.6,0.006003428319527126
CDC23,0.006002607721019313
PAWRP1,0.006002052945312754
AKR1B10,0.0060017909107944935
NPM1P49,0.006001404735289838
LINC00276,0.00600131295400364
RP11-165E7.1,0.006001306933744083
CMC2,0.006001242197677498
IGHV3-11,0.0060004382409987135
NRIR,0.005999162760273669
FAM3C2,0.005999146444320359
ULK4,0.005999094281905325
ZNF37BP,0.00599888966518291
CTC-444N24.13,0.005998682042632468
Y_RNA,0.005998538645954847
SNRPB2,0.005998452442411381
SMG1P4,0.005998276001737746
RP5-1142A6.2,0.005997093963931102
SHISA9,0.005996627566212798
CCNT1,0.005996338960126475
RP11-763B22.6,0.005995943888699132
RP11-16E18.1,0.005995837726786229
TOMM7,0.005995574703822612
HIPK1-AS1,0.005995563442891535
MAP2K1,0.005995183422401647
RP11-120K19.4,0.005994876033905503
RPSAP9,0.0059930142207961015
MEF2BNBP1,0.005992338920224598
SPRED2,0.0059923092898435774
HBM,0.0059921143466292424
RP1-127B20.4,0.005990566654438477
RNA5SP320,0.005989609700993936
RP11-710F7.3,0.005989270215645
RP11-567M16.3,0.005988294809062466
RNU4-86P,0.0059874935937674
CYCSP39,0.005986928776499087
TCF7L1,0.005986807708615956
MMP23A,0.005986659666981462
RP11-195F19.30,0.005986439268481441
UBAP1L,0.005985523935281475
LINC01251,0.005984110195714142
RP11-286H14.4,0.005983942464255382
RP11-164J13.1,0.005983401724085873
GAN,0.005982437652585438
RN7SL600P,0.0059810180128365125
PRMT6,0.005980828481115929
FBXL8,0.00598071577651541
BGLAP,0.005980507901042174
SNN,0.005980326854965377
DYNLT3,0.005980097404344221
AC118758.1,0.005979364734801375
RNU1-132P,0.005979273700940548
RP11-348J12.5,0.005976888372643115
LY6G5B,0.005976822410531752
RP11-285F16.1,0.0059759976167823
AC072062.3,0.005975918909391101
RP11-140I16.3,0.0059758567944705335
C11orf45,0.005974139936241104
AC004471.10,0.005973937497269616
KB-1125A3.11,0.005973788614423808
RP11-408A13.3,0.005973236992425174
RP11-630C16.2,0.005972608908386726
RP11-756G20.1,0.005972509220655144
RP11-1217F2.1,0.005970524200324352
CH507-154B10.2,0.00597008622444568
C9orf142,0.005969968647901133
MIR150,0.005968897286077118
RP11-468E2.11,0.005964669596878085
RP11-56P9.10,0.005964188119652164
RP4-798A10.4,0.005963841230067988
PMM2P1,0.005963441063295893
RP4-694B14.8,0.005963397956742899
RP1-179N16.6,0.005963109355809923
RNU4-31P,0.005962991164026256
RP11-4C20.4,0.005962054466951101
CICP16,0.005961158214196594
CUL1P1,0.0059600638637153204
METTL21EP,0.0059597874183494335
RP11-354M1.2,0.005959741574136668
RPL7P5,0.005959499256520115
RP1-274L7.4,0.005959450207627399
AP003774.1,0.00595920365971095
RP11-158D2.1,0.005958672315507739
MRPL57,0.005958652991840747
AC011524.2,0.005953349996571045
AF127936.9,0.0059529766185412005
ADAM1B,0.00595249462174165
WDR82P2,0.005952158082168454
PRR7-AS1,0.005951734369366636
AC011625.1,0.005950840563897432
SFT2D1,0.005950691830925902
NDUFB1P1,0.005950400490434396
TSPAN4,0.005950033231085824
SUMO1P3,0.005949600840222097
RP11-111A21.1,0.005949304175673833
AC079630.4,0.005949007529156845
MIR6730,0.005948702409414126
CDH19,0.005948450378114272
EVI5L,0.005948437642899104
ANO7L1,0.005948035793972815
CH17-140K24.5,0.005947581911798965
LINC01322,0.005945693284312645
RP11-1007O24.3,0.005945552944487336
RP11-16K12.1,0.005945041273010693
RP11-35G9.3,0.005944976757458447
FTH1P20,0.005944839055470281
CTB-25B13.9,0.005944562848566801
RP11-201O14.2,0.005943775902647994
RP11-1060G2.1,0.005943461765262365
RP5-928E24.2,0.005943410304887401
RP3-405J10.3,0.0059432741619981
RP11-651L5.2,0.00594244453474888
CCDC85C,0.005941698588609369
LDHAP7,0.005941668435022444
NRSN2-AS1,0.0059412251501938
HID1-AS1,0.005941023459142198
RP11-348B17.1,0.005940970556768874
CFD,0.0059407886525421035
FOLR3,0.005940594329483887
SCD,0.005938078347154955
RP11-471L13.3,0.005937536506352427
RSU1P1,0.005937024047130466
SCARNA20,0.005936998497390079
RP11-274B21.2,0.005936751607735171
CYP1A2,0.0059366117045084885
CTC-550B14.7,0.005936610713575542
RP4-612C19.2,0.005936229723214122
RP5-1057I20.4,0.005935377495406681
HOMEZ,0.005934939231499853
RP11-186B7.7,0.005934559020774727
GDF3,0.0059344875553927435
RP11-245J9.5,0.005933117669792609
KCNK5,0.005932741435673987
MIR663AHG,0.005932094717533364
RP11-462L8.1,0.0059319383784945424
SS18L2,0.0059318185604353745
RPS3AP34,0.0059308556167629615
RP11-370A5.2,0.005929936533174063
FBXL6,0.005928003812365926
MIR3117,0.005927985193243172
RP11-100N21.1,0.00592718390879061
RP11-500M8.6,0.00592425501437909
DCK,0.005924000556293404
RNU4-23P,0.005923965181052412
AL356289.1,0.005923367583132958
NKAIN1,0.005923246205867668
AC005387.2,0.0059232157366198804
CTD-2006C1.13,0.005922463005892689
CNTD2,0.005922099832196548
POLR2LP1,0.005921771600962297
CTC-268N12.3,0.005921241131968969
GTF3C6,0.005920966309676877
CDKL1,0.0059208199049672235
ZSWIM4,0.005920753177465721
AC007228.8,0.005920508163479897
RP11-53B5.1,0.0059200854497991895
RP4-612B15.3,0.005920067565286224
EIF1AY,0.005919655445294496
ATP5J2P5,0.005918433756583551
RP11-679B19.1,0.005916620774251523
CTC-277H1.7,0.005916134153384466
ST13P13,0.005915711123132145
CTD-2574D22.2,0.005915486782587933
RP11-950C14.3,0.00591495010616775
AP000593.6,0.0059137819407413346
CTD-2369P2.4,0.005913255153201579
RAB39B,0.005912388022609672
KRT18P63,0.0059108139833584
MIR325HG,0.005910764099493665
RP11-351I24.1,0.00591052564595441
RP11-192P3.4,0.005910302462282389
NFIA-AS1,0.005910238014117535
RP11-227H4.5,0.005909624216937748
HIST1H2BK,0.0059091108510806786
NAP1L1P2,0.005908448496975486
RP11-775C24.5,0.005908325377928369
SEC14L1P1,0.005908309534310894
uc_338,0.005907818990816347
PEX11G,0.0059076514762588985
DENR,0.005906252821306853
SCDP1,0.005905990801303608
AC105402.2,0.005905926744485175
GS1-124K5.13,0.005905537734217941
NOTO,0.005904924357619767
MRGPRF,0.0059030817242865
RPL23AP6,0.00590262441640753
RP3-382I10.2,0.0059010146689938685
BMS1P4,0.0059010009239166645
RSU1P2,0.005899869593224103
SELENOH,0.005899848118111129
RP11-321E2.5,0.005898593380543782
PCOLCE-AS1,0.005898226947626891
CTD-2341M24.1,0.005898195755373782
UCN,0.005898155006537764
RNU6-1257P,0.005897302336470647
PPIHP1,0.005896820395601888
AC074367.1,0.0058943302627663665
LSM6,0.005892976844425626
POLR3K,0.005892475511765412
RPL30P11,0.0058918036499351675
RABAC1,0.005890886893048545
RP11-51J9.4,0.005889578046323528
AC108039.3,0.005889483682244348
HK3,0.005889068520535326
AC110615.1,0.005888082083970452
MAGEA12,0.005886354677749143
GALR1,0.005885887620623147
SPG20-AS1,0.005885577694354753
SCARNA15,0.005884833542379475
SLC26A2,0.005884569690109215
RP11-80P20.3,0.0058845000163713955
CTD-2666L21.3,0.005882493747459853
RP11-473L15.3,0.005882338490255201
RP11-40C6.2,0.005881578227241325
C1orf143,0.005880490393070069
MLANA,0.005879405037105518
RP11-166B2.5,0.005879028805407968
TMEM144,0.005878517516818668
ZNF629,0.005877941186238137
AC010240.2,0.005877573765214027
RP13-977J11.6,0.005877036447001585
RP11-118F19.1,0.00587686878586745
RP11-209D14.2,0.005876506506124443
MIR3177,0.005875170868767847
SLC25A52,0.0058746057992002726
Metazoa_SRP,0.005874144021760913
CST6,0.005873861302754683
LINC00909,0.005873407327526503
PPP2R3A,0.005872791031585167
HDAC11-AS1,0.005869963522098931
RP11-327F22.6,0.005869607841686091
RP11-535M15.1,0.0058695750861072725
RP11-113D6.10,0.005867458837841124
GATSL2,0.005867407070109802
GSTM5P1,0.005867003388587653
LINC00609,0.0058663499294175385
RP11-10O22.1,0.005866330472814095
TRAV25,0.005866106801973018
RP11-676J15.1,0.005864622693386001
RN7SKP11,0.0058640478959233345
RP4-555L14.4,0.005863707115213449
RP11-248J18.2,0.005863693145798676
RP11-555G19.1,0.005862414077533604
HEBP2,0.005862091840908587
LRRC69,0.005861781270890308
RP11-640M9.4,0.00586176349159435
PLEKHF2,0.005861571816563878
FBP2,0.0058613959516192575
RP11-133K1.8,0.005860589178750314
RP11-131H24.4,0.005860365759276641
RP11-360N9.2,0.0058597054328737574
COQ10B,0.005859692087380519
RP11-552M11.8,0.005859330764712857
BFAR,0.005858323436085636
LINC00202-2,0.00585750447333165
ADAMTS8,0.005856438731601431
AC092155.4,0.005855382572366115
AC005355.1,0.005853222159609553
LL0XNC01-240C2.1,0.005851274717470822
Y_RNA,0.0058504328440883435
HIST1H2APS5,0.005849137260455522
RP11-10L7.1,0.0058482996142643915
RP11-374M1.9,0.0058479539353224735
AP001619.3,0.0058475975509989985
RP11-443B20.1,0.005847266831214819
RP11-798M19.6,0.005846451898243324
DUSP8P5,0.005842301185896481
RP3-414A15.11,0.00584227854333949
B3GALT4,0.0058421191550363126
CCDC37-AS1,0.005840380886947864
FHL5,0.005840014967579869
MIR3671,0.005839457405547431
RP11-603J24.5,0.005838302541719063
MIR1299,0.0058377501661409205
AMYP1,0.005837586917988586
HTR1B,0.0058368582096775794
CTC-448F2.6,0.005836651951943441
MRPS17,0.00583662737920646
RP4-695O20.1,0.005836596152720411
GOLGA6L7P,0.0058360581029829875
MRPS30,0.005835534905599689
CREB3,0.005833425750385083
ADORA2A-AS1,0.00583325922046597
RP11-310E22.4,0.005830736505522812
FTLP5,0.005830561610334336
RP11-21K12.3,0.005828528533492923
L29074.3,0.005828361231266757
LA16c-329F2.1,0.005827944756305935
RP4-734P14.4,0.005826187091979189
AK4P4,0.005826019027389622
RP11-252K23.1,0.005825046354078374
CTB-89H12.4,0.005824512080976177
AC006116.17,0.005823648745742989
RNU6-503P,0.005822162982296634
RP1-20N2.7,0.005822012274620539
AC099850.1,0.005820064846364624
RP11-536K7.3,0.0058198845818679444
MFHAS1,0.005819518331378116
RP11-637O19.3,0.005819164755401045
HNRNPA1P34,0.005818819431198185
CFL1P2,0.005818718669015917
RP3-468K18.6,0.005818490441809433
RP11-13K12.6,0.005818486420114031
STK38L,0.005818240287794523
RP4-647J21.1,0.005816669182792909
RN7SL262P,0.005816324407451751
KBTBD6,0.005814847201087896
RNF39,0.005814789682509018
CTD-2095E4.3,0.005813891172501476
RN7SL351P,0.005812913438552373
C2orf15,0.00581226029544751
AC009963.6,0.005809551460113976
FBXO33,0.005809547232394289
CDRT15,0.005808430157217045
CTD-2006K23.1,0.00580747685168013
RP11-362F19.3,0.005805745097706579
RP11-268J15.5,0.005802965875740692
RP11-732A19.9,0.005802696256585372
ST7-OT4,0.005802536540096085
RNU6-1301P,0.005802509216913061
RP11-33I11.3,0.005801562722630133
POLR3GP1,0.005800958888501537
AC093673.5,0.005800336784689769
KCNA3,0.00579917154305338
RPL21P92,0.005798895984593273
HCG21,0.00579841834803338
KRT1,0.005797336569191259
RP11-5N11.1,0.005796822726459441
MIR4257,0.005795896079708745
RP11-259A24.1,0.005795190295632864
LRGUK,0.005794972762577857
RP11-718B12.5,0.005794676841884023
RP11-769O8.3,0.005794268009755901
RPL23AP88,0.005793822949994581
AC000120.7,0.0057928370374840206
NAT8L,0.0057922226953558385
RP11-1379J22.2,0.005790379619252645
RP3-369A17.2,0.0057901418166208035
CERS1,0.005789797182897961
RP11-288C18.1,0.005789694096427175
RP11-289I10.2,0.005788187388904927
AC007566.10,0.0057879705674737944
RP4-631H13.6,0.005787858287039956
LIMD1,0.005787524311702834
NPHP3-AS1,0.00578729819836537
SCARNA21,0.005786943047280988
RP11-372B4.3,0.005786746423328338
MIR597,0.005786610759075291
RP11-7F17.8,0.005786185380166375
RP11-521C20.2,0.005785650276024807
TRIP4,0.005785519067016299
RP11-326I19.2,0.005784549026657212
BOLA3-AS1,0.005783777429550853
CH17-478G19.2,0.005782762259072835
RP5-862P8.2,0.005781726024134161
RP5-837J1.1,0.00578166081098487
RN7SKP179,0.005781545519690152
RPL23AP38,0.00578081701547654
BAIAP2-AS1,0.005780450002482085
AC007285.6,0.005778118368691483
RP11-893F2.13,0.005777995556647744
GOLGA8S,0.0057776063130132995
CTD-2349P21.3,0.005777336524212908
RP11-629B11.5,0.005775709284464207
RP11-545M17.1,0.005775587688830322
FAM58A,0.005775019433738994
PCDHB2,0.005774761435203188
GMEB2,0.005773222665051027
AC006946.15,0.005772720377800341
RP11-16E12.1,0.005772091282191755
LINC01474,0.005771648437285236
ERICH2,0.0057714603748463674
RP11-755O11.2,0.005769755219313963
ARMC2-AS1,0.005769607419603082
Metazoa_SRP,0.005768452717974517
FOXD4L1,0.0057684450057759705
HPS6,0.005768366011991094
RP11-1105G2.3,0.005768148361649412
RP11-90B9.2,0.005767981117150569
RPS6KA6,0.005767720410210764
FBXO45,0.005767547790458658
RN7SL589P,0.005767147722548237
ASH1L-IT1,0.005766651183401216
LIPJ,0.005766048156717088
RP11-87G24.6,0.005764919092083667
NBPF1,0.005764892182430186
FKBP9,0.0057640399136086136
RP5-933K21.3,0.005763915482931446
RPL14P3,0.00576357320025038
LINC01473,0.0057618225999435035
CSNK1A1L,0.005761257042384098
RP1-224A6.3,0.0057607219864011325
C1orf226,0.0057606290820221015
STKLD1,0.005760102663249662
RP11-174O3.1,0.005760034961099093
KRTAP3-2,0.005759752060045105
RP11-395E19.2,0.005759715019020602
CTD-2521M24.4,0.0057590248147900884
RP11-268P4.2,0.005758923781061556
GS1-293C5.1,0.0057583612552689995
KRTDAP,0.005757968134176429
RP11-264L1.1,0.005756647787030026
LSP1P1,0.005756475577257514
RP11-49C9.2,0.005754591235880584
RN7SL494P,0.0057539326555263014
Y_RNA,0.005753898550731965
MPZL3,0.005753644327058392
RP11-128L5.1,0.005753398661686458
RNU6-50P,0.005752825506059785
RP11-725D20.1,0.005751926803209097
AC003958.2,0.005751673085418546
CTD-2542C24.3,0.005751395859924821
RP11-573M3.6,0.005749993105206664
RNU6-942P,0.005749688208036846
RP11-439I14.2,0.0057496285626270575
AP002856.6,0.005748809976334903
ZNF603P,0.0057476779772601206
CDH12P2,0.005746711988708036
RP11-589M4.2,0.005746391712086176
AC020951.1,0.005745969512029177
AF001548.6,0.005745079462585678
AF111168.1,0.005744970275064498
RNASE4,0.005744746695651033
PGRMC1,0.005743872285535977
HNRNPA1P12,0.005743356424702197
RP11-826N14.1,0.005741243562809789
DCDC2B,0.0057411559840282065
USP18,0.0057407063989741765
TRBV11-2,0.005738325302504492
CICP23,0.005738128856549263
RP11-621H8.2,0.0057379504965286805
CH17-76K2.6,0.005737654568451757
RP11-196G11.5,0.005736971297027083
LINC01176,0.0057355309814797325
AC142391.3,0.005734953995056186
AC002519.8,0.005734681011237256
RP11-864J10.4,0.005734453951070356
MTFP1,0.005734410844621351
AC026150.8,0.005734129488478925
RP4-740C4.7,0.005732990854586921
PSMB4,0.005732540090605592
RP11-544M22.3,0.005732272803836047
MTRNR2L5,0.005732182268638891
TRAPPC2L,0.0057318928186747406
RP11-321M21.4,0.0057315488027903545
RP11-800A3.7,0.005731499738327479
SRXN1,0.005731358780384545
RP11-420J11.1,0.0057302043081449055
LINC00628,0.005729490563352982
RP11-515C16.1,0.005729448993818938
PRELID3BP3,0.005729295445165519
ARSFP1,0.005728582721524259
COIL,0.005726477507988859
AC015849.19,0.005725859950265447
CTC-523E23.14,0.005722866788544303
RP11-1197K16.2,0.0057222274480518255
RNA5SP128,0.005721357800976319
MGAT2,0.005719521234283431
RP11-105N14.2,0.005719147369913976
RP11-667M19.10,0.0057189770704883895
RP11-325E5.4,0.005718780995535687
TET2-AS1,0.00571739538834114
SCGB1D4,0.005715196339919528
EIF2B5-AS1,0.00571472826808237
RP11-351O2.2,0.005713836602258672
RPL3P10,0.0057119737610025045
STAG3L5P,0.005711377723323916
LINC00969,0.005710533957486656
SNRPD2,0.005710464310338819
ZNF808,0.0057099569063714245
RP4-785G19.5,0.005709823747404481
RP11-528G1.2,0.0057094593177536065
GMPSP1,0.005709348235121315
SUMO2P20,0.005709272472598881
KRT8P11,0.005708489889982785
Y_RNA,0.005707845565366868
LINC01559,0.005707690015223771
RP11-691H4.4,0.005706159240408401
NACC2,0.005702037250213156
HNRNPMP1,0.005701569157332781
RASGRF2-AS1,0.00570126475921534
TIGD2,0.005700733443281977
RP11-53I6.4,0.005700483377655076
AC137932.6,0.005698801043757044
RP1-283E3.8,0.005698531838652544
CTD-2154I11.2,0.005698409543224455
OR7E130P,0.0056982707060380154
FTH1P1,0.005697946817856168
PHF2,0.005697017119171921
CYP27A1,0.005696645787436638
RP11-264B17.3,0.005696287925868637
ZBTB5,0.005695692563820523
KRT18P16,0.005695353911519211
RP11-640N20.1,0.005694338435036678
CTD-2531D15.4,0.0056942218297131725
OTUD6A,0.005692934072891917
CTD-2302E22.4,0.005692551023185932
RP11-665G4.1,0.005692533354929372
DYNLL2,0.00568977426501803
RP11-465N4.5,0.005687556798057432
VTI1B,0.00568748151566784
CATSPER2P1,0.005685956485398889
RP11-405M12.2,0.005685622029121578
RNU6-875P,0.0056846811418529404
CTD-2651B20.7,0.0056839902912704625
SLC25A33,0.0056837837118016744
RP11-168J18.6,0.0056829526375908835
RP11-618P17.4,0.005682627771800808
OR7E66P,0.0056823842258021205
AC011524.1,0.0056820972773706365
RP11-71E19.2,0.005682024616580531
ZNF260,0.005681776151375174
RP11-436H11.1,0.005681035732357308
AC016757.3,0.005680801770416271
ANKS4B,0.005679916301290825
RP5-894A10.6,0.0056789797503671
RP11-105N14.1,0.0056789604146352335
RP11-528N21.1,0.0056784288132427675
AC007560.1,0.005677617901202889
LGALS4,0.005677014900594141
RP11-332E4.1,0.005676864352936695
RP11-75C10.9,0.005676153289195604
SDR42E1,0.005676139752277476
TOR4A,0.00567549433829374
RP11-757G1.6,0.005675216509184401
KDELR1,0.005674958702791575
RP11-80I3.1,0.005673741984839754
EXTL3,0.0056734815219329476
CES1P1,0.0056724986172422345
RN7SL225P,0.0056721098184310875
PSMB3,0.005671901271185665
RNA5SP483,0.0056710462437302035
CTB-50E14.5,0.0056673049096839
GTF2A2,0.005666977937934213
LINC00324,0.005665445838946558
RP11-686G23.2,0.005665383030799219
RP11-386M24.5,0.005665034921746628
RP11-46C24.3,0.005664785579728674
RP11-883G14.1,0.005664634442610866
AC108025.2,0.005663905738365312
RN7SKP106,0.005663514497489283
TTLL7-IT1,0.005663481544096072
AC005754.8,0.005662979223835811
NCAPD2P1,0.005662645539572731
HSPB2,0.005661160633928511
RP11-260E18.1,0.005660330044075482
RP11-388K12.3,0.005660033479807317
MIR4322,0.0056589864518562065
AC004899.3,0.005657606492158471
MAPRE3,0.00565713977724763
RP11-546B15.1,0.005656858951558805
UBXN7-AS1,0.005655908100505506
CDC14C,0.005655687164561817
HNRNPA1P1,0.005655496682787541
RP11-1017G21.4,0.0056552152893595215
NXPH4,0.005654869212755469
MSS51,0.005654569339578826
LINC01580,0.005653933067872853
RP11-476M19.2,0.005652560810505743
Metazoa_SRP,0.005652033368402002
HK2,0.005651954295818973
ARHGAP11B,0.005651798867847837
RP11-156P1.3,0.00565129049402529
RP11-474D1.2,0.005651201987792136
HMGB1P51,0.005651132714774334
RP11-111M22.4,0.005651045895214693
RP11-343H5.4,0.005650717395159289
RP11-73E17.2,0.005650210645099424
HAUS3,0.005648344037586145
RP11-483L5.1,0.005648103511900895
DUXAP7,0.005647683622736921
MIR7111,0.005647386102144349
RP11-96D1.9,0.00564729119623433
CTD-2353F22.1,0.005646453190407146
MIR378H,0.005646219613634631
RP11-415A20.1,0.005646205958128631
VEGFD,0.0056455101314970045
CTD-3032J10.2,0.005644506436851864
HMGN1P7,0.005644049551498106
DRGX,0.005643921327813564
AC002480.5,0.005643585236842286
RP11-91J19.3,0.005643013501069729
RN7SL510P,0.005642523020137598
RP11-187O7.3,0.005641016480235104
RP11-711G10.1,0.005640555930526184
FAM126B,0.00564032622912687
RP3-323P24.3,0.005638720208991985
RP11-49K24.8,0.005638419599927869
NDUFAF4P3,0.0056383331991845505
CTD-2506P8.6,0.005638322593960159
AC015688.3,0.005638005988432041
RAET1E-AS1,0.005637066157318555
FAM177A1P1,0.005636717412536275
SHMT1P1,0.005635352337614608
RP11-22P4.2,0.00563470692201946
RP11-429J17.5,0.005634492259897812
AC091177.1,0.005632875681479012
RP11-1C1.4,0.005632277872140681
ABHD4,0.005631703256935464
CD52,0.0056314925154925324
LINC00929,0.0056314569063101085
MT1P3,0.00563092549751244
RP11-91K8.2,0.005630660932291222
CTD-2313N18.7,0.005630532873364977
AP000320.6,0.005630176251422252
RP11-267M23.6,0.005629275749169965
BTF3P12,0.0056276161370795285
C6orf47,0.005627458761121036
AC005041.11,0.005624759441705459
TRGC2,0.005624289635669427
AC078942.1,0.005623516491254716
RIPPLY1,0.005622951337872798
CREB3L1,0.005622184599712316
FAM3C,0.005622100090511384
LINC01140,0.005621120335979948
CTD-2376I4.2,0.005621075281219514
RP1-128M12.3,0.005619862819703297
ZNF271P,0.0056197536836051455
CTA-339C12.1,0.005619490316638251
RNU6-644P,0.005618048244907901
AP000797.1,0.005617401313837334
RP11-493E12.2,0.005617008024608709
RP11-290L1.4,0.0056169257994964205
AC003956.1,0.00561498858292142
AC007283.4,0.005614688149082397
RP11-391H12.8,0.005614277705241338
RP11-653J6.1,0.0056142033060407074
ADAT3,0.005614012207355495
RP11-894P9.1,0.005613213299259424
CTD-2270P14.2,0.005612509471109455
AC002075.4,0.005611088180747504
RP11-397E7.2,0.005610807049938175
uc_338,0.005609928727325227
RP11-123N4.4,0.0056092077592607825
RP11-374M1.5,0.0056083428751006826
HBZ,0.005607629892875701
RPL7P18,0.005607589917109674
ASCL5,0.005607579659325038
LA16c-390E6.4,0.005607377497611365
ATP1A1-AS1,0.005607329522205266
RP11-817O13.8,0.005607095249672165
SLC7A11-AS1,0.005606996441543446
RP11-1348G14.8,0.005605440098222367
HCG4B,0.005605013605193392
RP11-481C4.1,0.005604998919566676
RP11-154P18.2,0.005604537763038978
CTC-229L21.1,0.005604526804704946
RP11-527J8.1,0.005603523100139307
RP1-140A9.1,0.005601151398124154
CCR4,0.005601062642492354
FAM187B2P,0.005600859336929634
RP11-386G11.10,0.005600330541313425
RP11-799O21.2,0.005600287231363909
RP11-946P6.4,0.005600001496206841
RP11-661A12.9,0.005599617436173474
EPX,0.005599556282157664
CTB-113P19.5,0.00559866882309387
RP11-360D2.2,0.005598637854831707
RP11-544A12.4,0.005598011462001705
MTCYBP4,0.005595713935116194
RPL13P6,0.005595222454343036
RP11-87G24.2,0.005595201023941524
RP11-5N11.6,0.005593765092183567
ZNF474,0.005592854743705296
RP11-154D17.1,0.005591780686354642
NMBR,0.0055917358034750465
CTB-187L3.1,0.005591729044487117
AFG3L2,0.005591324062771659
RN7SL120P,0.005591211176561371
IRAK3,0.005591045476710155
AC069213.4,0.005589513807807362
CTC-499B15.7,0.005588987459270769
RP11-644F5.10,0.005588892762702918
ZHX2,0.005588780315134011
AC008278.3,0.005588488070161995
SNORA40,0.005587388922462968
RNY4P10,0.005587086457046018
AC079776.1,0.005586749266816776
CTC-428G20.6,0.005585276918433595
RP5-891H21.5,0.00558433170525437
RP11-173M1.5,0.005583582062729252
RP11-347C18.4,0.0055819392411666875
PTCHD1-AS,0.00558150397878423
RP11-154D6.1,0.00558063019555926
CH17-472G23.1,0.00558024978845416
AC104088.1,0.005579274818730956
GEMIN5,0.0055786501911514385
AIMP1P1,0.005578223226474036
SLC16A2,0.005576736207716001
CCDC27,0.005575512626659576
KMT2E-AS1,0.005575293607799868
ZNF630,0.005573983012279903
RP11-535A19.1,0.005571162111168591
MKRN2OS,0.005564990648241956
SERTAD4-AS1,0.005564110369021207
RP11-727F15.13,0.005563291370500044
GPR173,0.005561802760697051
RP11-549J18.1,0.005561712547443306
RP11-538D16.3,0.005560833625248537
EIF1P2,0.005560495299039658
Metazoa_SRP,0.005559562222072106
MIR3680-2,0.005559465925494841
HPDL,0.005559338560425507
ARL4AP1,0.00555867146552146
RP11-1246C19.1,0.005558158563847362
RP11-134D3.1,0.0055580913332379574
CTD-3088G3.4,0.005557813949696172
AC093716.1,0.005556564925795594
TUBBP2,0.005556173720809958
RAB11FIP1P1,0.00555590479522498
RP11-756P10.6,0.0055557202233652665
RP11-157L3.11,0.005555527153947248
RNU6-888P,0.005555082291298704
TUBB8P10,0.005552825446636203
RPL21P104,0.005551473018734035
RP4-529N6.1,0.005551206641096239
RP11-396O20.1,0.005551195230611096
LINC00652,0.005550960515378585
RPL22P18,0.00555023932311202
RNA5SP201,0.005550070289539592
RP11-466A19.8,0.005549821403723144
YAE1D1,0.005549623397053432
NUDT9P1,0.005549544632435085
HECTD4,0.005549204525625118
GGNBP2,0.005548091970173123
ZBED4,0.005547835541104217
PROB1,0.005547758128453161
Metazoa_SRP,0.005546993361568096
RN7SL36P,0.005546033671900106
KLHL9,0.005545145253036735
MGST2,0.005544854782735741
RP11-635O16.2,0.005544708169242103
RPS21P1,0.005544492222803
RPS15AP17,0.0055435804032032965
HIST1H3D,0.005543255238852554
ZBTB40-IT1,0.00554261429216993
FTH1P25,0.005542570994731179
RNY1P5,0.005541826995144804
RNU6-781P,0.005541362417262231
RP3-395C13.1,0.005541064855170762
RP11-306I1.1,0.005540673704867379
CTD-3046C4.1,0.005538694148712329
RP5-1059H15.1,0.005537673446441141
RN7SL784P,0.005537311632215776
AC005387.3,0.005537177290239882
ACTN3,0.005535981036763299
Y_RNA,0.005535957252774895
HMGN1P10,0.005535900442733689
RP13-638C3.2,0.005535857719134017
RP11-456J20.1,0.0055356032996911105
RP11-446H18.5,0.005535565904377699
RP11-12M9.4,0.0055354025296186615
AC011738.4,0.005534965814690918
RP11-697E22.2,0.005534859466421613
ZNF627,0.005534533203931474
RP11-231L11.3,0.005528276166370823
HMGN2P30,0.0055282041880803726
RP11-158M2.6,0.005527809037228918
RP5-1125A11.6,0.005527453079979664
SNORD91B,0.005526459307300288
RP11-748H22.1,0.0055262937999563016
ARHGAP26-AS1,0.00552569793176455
FBXO17,0.005525592026805375
RP1-104O17.3,0.0055253112247624775
HMGB3P4,0.005524714016099831
RPL9P28,0.005524315986287763
ZNF79,0.005524274758323343
RP11-297K7.1,0.005523811685420372
RNA5SP435,0.005522648510110322
USP12-AS2,0.005521417892731101
MIR425,0.0055210387344449404
BCHE,0.0055210371384712
RP11-708B6.2,0.005520506358799992
CTA-276F8.2,0.005519774944739845
RP11-467L13.5,0.005519234535296958
NUS1P1,0.005518185661264645
Metazoa_SRP,0.005517037352165407
RNF141,0.005516188178371348
PPP1R2P1,0.005515861471053168
GTF2IP23,0.005515363160783715
LA16c-431H6.6,0.00551507696108644
FTLP12,0.005513962981528295
RP11-831F12.2,0.005513591359247647
PARD6G-AS1,0.005513218104700698
RP11-41O4.1,0.0055116840069353926
NAA25,0.005511146228786176
RPL32P26,0.005510742127429822
CDK2AP2,0.005510153052674336
MIR6851,0.005509384995093582
ALYREF,0.005509169625927615
AP001505.10,0.005509062405954755
RPS23P6,0.005508542405392482
CDC42P3,0.005507677977554623
GPR82,0.0055074821790037235
OOSP1,0.005506584934931944
DPF2,0.0055057217926630705
RPS17,0.005505592000425227
RP11-961A15.3,0.005504862429457945
AC093642.4,0.005503606706436287
AC007790.4,0.005502954754868419
SLC6A1-AS1,0.005502483427562816
RP11-88I21.2,0.005501879311484405
AGRP,0.005501682995229034
EXOC3-AS1,0.005501358477301068
RNU6-1148P,0.0055006746019586154
GAPDHP20,0.005499474835390403
RP11-554K11.2,0.005498763973535427
ALKBH5,0.005498420270551176
MALSU1,0.005497799166972215
ULK4P2,0.005497243966085659
PDZPH1P,0.005497054338345368
FTH1P4,0.005496893262699431
RP11-94C24.13,0.005496758604768238
HMGB1P20,0.005495595825527216
C7orf34,0.005495418422141748
SOX21,0.005495329395162947
TMEM257,0.0054952979837042
AC011530.4,0.005494533359932472
RPS2P36,0.00549404289063225
FAM133B,0.005492346292993019
CYSRT1,0.005490163781873105
ARPC1A,0.0054892497324656045
C9orf47,0.005489078548872241
RP11-20E24.1,0.005488755830213228
RNU6-171P,0.005486639985973949
RP4-620E11.8,0.005486425359121839
RP11-111I12.1,0.005486090081456725
RP11-728K20.1,0.005485366098647588
CTB-46B19.2,0.005485007593018527
HMGB3P22,0.005484908548533159
RP11-739L10.1,0.005484338445638465
EIF4A1P7,0.005484147520848215
RP4-717I23.2,0.005482096402405116
RP11-145M4.2,0.005481893446210099
RPL7P4,0.005481524397198389
HOXA-AS2,0.005481133464300765
MRPL53,0.005480966822618707
RPL12P35,0.005479822440101357
RN7SL146P,0.005479764259226644
LA16c-444G7.1,0.005479206767883766
RN7SL762P,0.005478077917692079
RPS19P1,0.005476713160513259
RP4-536B24.2,0.005475396854472598
GLA,0.005474758452871082
RP11-379C10.4,0.005474193774767937
RP11-327J17.2,0.005474040967529968
PPP3R2,0.005473384498921342
MESTP1,0.005472546377904342
AKAP6,0.005471990497256495
ERC2-IT1,0.00547080089382009
CMBL,0.00547055453746633
TAMM41,0.0054704420927693485
AC004381.7,0.005469952679381629
PPIAP32,0.00546973848441036
CTD-2538G9.6,0.005468739024803953
AC067969.2,0.005468085301242037
CYP2F1,0.00546751012394016
KCNB1,0.00546727070450178
IGLVI-56,0.005466788291124603
WDR53,0.005466001422368423
HEBP1,0.005465958975336197
RP11-110H1.4,0.005465872803233515
RP11-23P13.4,0.005465864965547251
RP11-635N19.2,0.0054656382385105
RP4-751H13.7,0.005465275901343967
RP11-345P4.10,0.005464709154026665
EMILIN2,0.0054642985502021775
RN7SL716P,0.005463767568267635
CTC-510F12.4,0.00546370129180706
UBASH3B,0.005463454648722442
FAM83C-AS1,0.005462913785613621
RNA5SP452,0.005461616703323898
LSM12,0.005461611498199614
CORT,0.0054614157933650515
U7,0.005459173965719984
CD3E,0.005457563503379415
CCRL1P1,0.005457149730860912
RP11-771K4.3,0.005455959816864665
PPIEL,0.005454394454592989
MIR589,0.005454184415097862
AC116366.5,0.005453968157678289
FBP1,0.005453894648404007
AC092839.3,0.005452303383798488
RP11-498D10.8,0.005452188634651633
LINC00942,0.005451272404139985
RP11-82O19.1,0.00545088304476238
DAB1-AS1,0.005450250917557006
RP11-220I1.5,0.005448945485422296
HIST3H2BB,0.005448145556317585
FAM157B,0.005447889358658435
QRFPR,0.005447702567899182
RP11-167N5.5,0.005447028433134398
SLC7A5,0.005444967172801792
GNG2,0.005444350212862397
DACT3-AS1,0.005443557131365771
BX842568.2,0.0054434517204556224
C10orf126,0.005442130168538501
RP11-138I1.2,0.00544092015485899
RAB6C,0.005440783954090453
CDH20,0.005439364331797169
LA16c-390E6.3,0.005439318802067558
RP11-807E13.3,0.005439053233734206
TSPYL5,0.005438769879449105
AP000688.29,0.005438462827295248
Y_RNA,0.005438077448655499
RPL23AP84,0.0054374867757241655
DIO1,0.0054355913500685514
MOAP1,0.005435116182947434
RP11-266E8.2,0.0054345290945435176
LINC01108,0.005434405932410243
LINC00116,0.005432445448770809
PRPF38AP2,0.005431828302309823
Y_RNA,0.0054317323588241725
HES7,0.0054310111782387
TMX3,0.005430421390551091
ASB9P1,0.005429990206083738
RP13-225O21.5,0.005429510057256529
RNU6-94P,0.005429407271613863
AC004692.5,0.005428963162133921
RP11-380M21.1,0.005428835569586074
PCNX3,0.005427801517062446
RP11-262A16.1,0.0054273066873545255
TRMT12,0.005426867583389104
CTD-2537I9.12,0.005426041709761975
RP11-644C3.1,0.005425084873178619
RP11-297L17.6,0.005424142145124245
RP11-153I24.4,0.005423076826994788
AC011515.2,0.005422854903718627
SCUBE3,0.005422299548110152
RP11-715F3.2,0.005421644740169686
RP11-109P11.1,0.005421369891400678
YTHDF3-AS1,0.005419644518638344
FBXO39,0.005419344801222949
RP11-699L21.1,0.00541897205458924
MIR647,0.005418482510294425
PSMD6,0.005418403830741032
RP1-117O3.2,0.005418110120088962
ZNF408,0.005417375557977497
UBE3AP2,0.005416488064866519
RBM26-AS1,0.00541622895526409
RP11-332J15.2,0.0054154567337013765
RP11-323P17.2,0.00541537912589668
Metazoa_SRP,0.0054131406454040725
CTC-1337H24.3,0.005412747839281129
AP000240.9,0.005412532614036764
RP13-216E22.4,0.005412237968070785
RP4-725G10.4,0.0054116769231610405
NTM-AS1,0.005410517022761338
RP11-329A14.1,0.005410506636495929
RP11-68I3.4,0.005409996799364616
HSPA8P4,0.005409046953876227
RP11-190A12.7,0.0054083065449558486
MTND1P8,0.005407613884937191
RP11-78A19.2,0.005407166346844342
AC016700.5,0.005406452783363671
AC002064.5,0.0054062063266745106
SNORA31,0.005405804828352653
RNU6-30P,0.005405347375322319
PDXDC2P,0.005405240106358422
CTD-2246P4.1,0.005404644911953795
BLOC1S4,0.005403799496794914
LINC01019,0.0054031245046447275
AC079807.2,0.005402416427432417
MIR4530,0.005401287988301765
RP11-326L17.1,0.005401279722954149
RP11-197N18.2,0.005400987411842408
CTD-3116E22.8,0.005400260546141115
AC005534.6,0.00539951011433591
AC006445.7,0.0053983642580144
Y_RNA,0.005398299678075158
AF146191.4,0.0053979209931570415
RSL24D1P8,0.005397738482071868
RP11-102N12.3,0.00539723547212904
DNAJB8-AS1,0.005397145434495636
AC108004.3,0.005397055530419438
MTRNR2L6,0.005396191357711027
RP11-600F24.7,0.0053951922459417306
RP11-120M18.5,0.005393534441211985
CTD-3018O17.5,0.005392550619943074
CISD3,0.005392433864966055
ZNF197-AS1,0.005392400668395635
LINC00884,0.005391766330925319
ZNF600,0.005391634791094996
MIR4313,0.005391261838153337
RPL5P25,0.0053910641670017
GMDS,0.00538951840665645
RP11-609L3.2,0.005389117021445116
UBE2FP3,0.005387808836453344
RP11-15P13.1,0.005387797206642133
AC125232.1,0.0053870974616339155
LINC01443,0.005386474575552853
AC005229.5,0.005385954032995903
CTD-2501M5.1,0.005385740181879624
AC005954.4,0.005385688616659373
AC005498.3,0.005385173656172952
PGDP1,0.005385140663489129
RP4-616B8.6,0.005384350755297216
CTD-2349P21.6,0.005383918664266678
GFY,0.005382055498343909
RPS27AP1,0.005380834688011102
AP000476.1,0.005380628619494442
RP13-685P2.8,0.005379951598372266
ZNF764,0.005379809181460327
HMGB2P1,0.005379216356230889
VDAC1P1,0.005378637063813749
RP11-90B9.3,0.005376471950712489
CTD-2047H16.4,0.005376184341433376
HAUS5,0.005375638028880951
SENCR,0.005374456195772567
API5P1,0.005373196369690662
RP11-810P12.5,0.005372997282752593
LINC00493,0.0053720794898337075
RP11-216L13.21,0.005372031762745839
TTTY22,0.005371081971693864
RIPPLY3,0.00537106378277773
MRPL18,0.005369175434669275
RP11-343C2.9,0.005368538579989603
DDX3P1,0.005368290347590141
AGBL5-IT1,0.005368216693128503
RP11-643G16.4,0.005367977096952422
SPANXA2-OT1,0.005366960753277501
S100A11,0.0053664907399902425
NDUFS5P3,0.0053660795280582214
ORMDL2,0.005365312352433117
AC012314.8,0.005364987501522534
RNVU1-4,0.005363464268416745
RP11-1109F11.5,0.005362827385171643
RP11-45A16.4,0.005362046421483939
MINCR,0.005361608180646864
LENEP,0.005361429356605533
AC226118.1,0.005361391026320443
RP11-834C11.11,0.005361141530826101
RPL12P37,0.005360443550938312
LLNLR-285B5.1,0.005360173714983568
RP11-312A15.3,0.005359529534732172
LINC00894,0.005359160334370091
LINC00161,0.005358927920160997
ZNF749,0.005358467474336336
RP11-552I14.1,0.005358398674314109
PRDX2P3,0.005357595722825679
AP000235.2,0.0053574482566551875
RP11-65M17.1,0.0053569205387561415
PCDH9-AS4,0.00535662558230803
RPEP6,0.005355340568017673
RP3-431C21.1,0.005355052981552176
RP11-354E23.5,0.005354861076754536
RPL3P12,0.005354712572018668
SPDYE21P,0.005354438022529312
TCEANC2,0.005354252398343391
WDR18,0.005352710309516865
RP11-640L9.2,0.005352543109614351
CTD-2620I22.3,0.005350901613560155
LCN1P2,0.005350433697207731
RP11-133L19.2,0.005350338693393958
CTB-33O18.2,0.0053499231186903235
NHLRC2,0.005348632017929233
RP11-1180F24.1,0.005348499569228906
RAD51AP1P1,0.005347956379363796
PKMP2,0.0053457174124543995
YES1P1,0.0053450368190493215
MIR4766,0.005344263587065516
RN7SL526P,0.005343965671913965
RP11-6B6.3,0.005341990580458034
GS1-24F4.2,0.0053417760340073875
RNU6ATAC26P,0.005341507967559572
SNORD37,0.005341117054580069
CATIP-AS2,0.005340904980888996
RING1,0.005338186655707544
CTD-2194L12.2,0.005337726196476429
MS4A4E,0.005336615314507454
BCDIN3D-AS1,0.005336463818198471
U1,0.005335981964300646
RP11-689P11.2,0.00533506408632284
DRAIC,0.005333710063353063
Y_RNA,0.005333705371038847
RP13-436F16.1,0.005333613861902359
ITPKB,0.005333495977008405
RP6-60B16.1,0.0053334323028210945
RP11-1101H11.1,0.00533339584628538
RPL7AP65,0.005332424503575077
CTD-2616J11.9,0.0053322771484841675
RP11-1182P23.5,0.005331798401285956
AC097374.2,0.00533066010670583
ROCK1P1,0.0053301438304553415
RP11-405F3.2,0.00533007259584886
RP11-283C24.1,0.005329909573589402
RP11-155G14.6,0.005328876762155519
NANOS1,0.005327515798643794
RP11-950C14.10,0.005327413339147408
RP4-718P11.1,0.0053273896893081905
RP5-1028L10.1,0.005326347377584694
RP11-730A19.5,0.005326146125754739
RPL21P119,0.005325666879847752
CITED1,0.005325358180139709
AC007879.1,0.005325337835909715
TCEB2P2,0.005324552783155038
SNORA81,0.005324462050037156
XXbac-BPG249D20.9,0.0053242447279240185
LINC01072,0.00532421225197852
SNORD36C,0.005324082615733529
SNAPC1,0.005324074056279777
FAM21EP,0.005324050414787988
Y_RNA,0.0053235793693019095
GRIK1-AS1,0.0053234962990701224
RP11-379B8.1,0.005323406901922259
RP5-940J5.6,0.005323152444185665
AC113189.5,0.005323097802734038
RP11-54O7.18,0.005322720213889317
RBM12,0.005322409307609266
CTD-2616J11.14,0.005320860567485071
RP11-211N8.2,0.0053197507748886244
RP4-530I15.9,0.005319132048017065
IGSF23,0.005319088552343763
RP11-261B23.1,0.005317938442488915
RP11-223A3.1,0.005317795876238539
AC004920.2,0.005317062749150355
ALG1L2,0.005316879786086749
TMEM55A,0.005316828722749432
RP11-589N15.2,0.00531682550211584
LIMS1-AS1,0.005316803875655711
RP11-734E19.1,0.005316059284240502
AC011551.3,0.005315715940818385
TGS1,0.005315171314092149
SPOPL,0.005313427365748869
MAS1,0.005312668969703894
RP11-1E22.1,0.005312624824359383
C5orf24,0.005312074323567558
RPL5P29,0.005311724366246864
RP11-481C4.2,0.005311165875110799
NUP50-AS1,0.00531058507141172
RP11-923I11.5,0.0053101525924204775
YBX1P2,0.00530907070340366
RP11-482M8.1,0.00530669094555648
COL15A1,0.005306329476387182
MT1P1,0.005305616469074116
CTD-2544M6.1,0.005305565975926514
RN7SL842P,0.005305057520512587
RBAK-RBAKDN,0.005304970638638126
MTNR1B,0.005304451361755465
HDC,0.005303259340699545
ATXN1L,0.005303201557431328
RPL10P9,0.00530289200475366
AF246928.1,0.0053027117691891905
RP11-188C12.3,0.00530222264135399
KLHL33,0.0053020819642802496
AC017006.3,0.005301388114619739
AC004980.10,0.005301341055274454
RNA5SP311,0.0053010164918972395
RP11-71H17.8,0.005300706750991916
AC114730.8,0.005299444937291091
LVCAT5,0.005298789181052502
AC007880.1,0.005298636322490959
KCNK4-TEX40,0.0052986075813737646
SHC1P2,0.005298590148442536
KRR1P1,0.00529779644999776
LIPT2,0.00529639443911323
MTCO1P2,0.005294503122173983
GCNT7,0.005294259585898468
CTD-2017C7.2,0.005293399513382079
NNMT,0.005293368165001094
ANKRD65,0.005293196131155182
uc_338,0.005293179191331144
IKBKG,0.005292142838260723
TIMM8A,0.005291603952895143
NPIPB6,0.005291492474801346
RP11-3D4.2,0.005290780585146205
GABBR2,0.005290266473051787
CCT7P1,0.005290243921040512
RP11-350G24.2,0.005289357529275027
RP5-844F9.1,0.005288122675825412
AP005530.2,0.00528802301306856
MTND2P6,0.00528749733962933
NBPF26,0.0052863128890700455
EMCN,0.005286011082644812
CTC-529L17.1,0.005285438176140388
ASCL1,0.005284141416466953
RP11-762H8.1,0.005284094127389411
GPR84,0.0052840289208888665
CDKN2D,0.005283819001988465
RP11-24F11.2,0.005282301449278313
ACTBP2,0.005282106692587939
ATP5L2,0.00528092457690593
EEF1A1P7,0.0052804516290973135
RP11-847H18.3,0.005280223254384146
AC104306.1,0.005279982405807388
PFN1P3,0.0052798539746916
RP11-218C14.5,0.005278346798457587
ERF,0.0052782568125483605
AP000477.3,0.005277688373482634
HYI-AS1,0.005277484886869461
TRMT2B-AS1,0.005277343373453367
AC016735.1,0.005277014737649696
RP11-171I2.5,0.0052756597226724985
RP11-96B5.3,0.005275523888609316
CTD-2021J15.1,0.005275157539136109
FOXG1,0.005274404327752377
C2orf66,0.005273478971958781
RP11-342K6.4,0.005273465540680834
AF001548.5,0.005272341654867282
KIAA0040,0.005272133390364867
GNAZ,0.005271599783121856
RP11-23J9.4,0.00527153888206671
RP11-344B5.4,0.005270706215235068
RN7SL292P,0.00526996109075688
ZNF781,0.00526972304432252
AFAP1-AS1,0.00526969137795396
RP11-383M4.6,0.0052690015901872955
C14orf166,0.005266907684855689
CMTM8,0.005266616385238351
PTPN1,0.005266357167431611
RP1-40E16.12,0.005266228981334656
RNU2-17P,0.0052657383779016135
AC002310.7,0.005265556884982941
MRPL40,0.005265331513776686
SPINK8,0.005264678929931695
RP11-517P14.7,0.005264512604214241
TRIM44,0.005264477388142997
RP11-70D24.4,0.005261905180787109
LINC00570,0.00526137759522231
TMEM218,0.005261181360202307
RPL7P17,0.005260626489160096
TNRC18P3,0.005259379658289485
UBE2V1P1,0.005259237227015445
LINC00345,0.005259137092952801
BCL7B,0.005258877119366892
CH17-140K24.8,0.005258474118718962
SMIM8,0.005258413671639338
RP11-165I9.9,0.005258003979944554
RP11-374P20.4,0.005257669100200914
MAGI1-IT1,0.005257369435262981
PCDHB9,0.005257032488964285
RP11-367H1.1,0.005256898589164868
RP11-70P17.1,0.0052566587601165235
SEL1L3,0.005256382606282491
GS1-124K5.2,0.005254375590393839
RP11-284F21.10,0.005253984448200374
RP11-641D5.1,0.005253444561697855
MIR6806,0.005252949345007736
LTA,0.005252930433210419
LA16c-60H5.7,0.005252336060098472
RP11-384F7.2,0.005252208560729559
RP11-426C22.1,0.005250367840152596
IGKV6-21,0.005250109036467644
NHSL2,0.005249955873630918
RP11-511B23.1,0.005248980068434685
RP11-167N4.5,0.005248006031710553
BTF3P7,0.005247689651457191
RBMX2P5,0.005245941855749071
MED31,0.005245850705004589
RPS3AP38,0.0052449500703195505
RPL21P110,0.005243410566118335
RP11-218M11.7,0.005242691423150208
RP6-74O6.2,0.005241630967584755
VWC2,0.005241628420614329
WHAMMP3,0.005240987833353258
RPP21,0.005240956280594112
CH507-254M2.3,0.0052407517417567525
RP13-582O9.7,0.005240192695045444
LINC00494,0.005239291529255888
PDIK1L,0.005237048348989401
RP11-219B4.7,0.005236808914258566
RP11-26J3.3,0.005235649048175666
LINC01353,0.005234474669673798
RP11-304L19.3,0.0052339478811636074
CTC-204F22.1,0.005232268032356555
CTD-2006M22.2,0.005232057639540732
ZNF616,0.0052308948328054295
G0S2,0.005230336669783931
CTB-127C13.1,0.005228572291086587
HBEGF,0.005227963219595585
RP11-340F14.6,0.0052278491024529495
GTF2IP9,0.0052270640970623365
MRPS31P5,0.0052269787624564575
ASB10,0.005226625396783004
BTBD6P1,0.005226603804401384
FTH1P23,0.005226555770629027
RP11-541M12.6,0.005226547671947341
RNA5SP309,0.005226325618447515
CNTN5,0.005225482560524177
RP1-102E24.8,0.005224871797487914
RP5-908M14.10,0.005223833880264063
NBEAP1,0.005223609080242093
AC018693.6,0.005223563464138699
C16orf54,0.00522283512857591
RP11-45M22.3,0.005222021013211137
RP11-25G10.2,0.005221177316823136
RP11-717F1.2,0.005220411417905383
RP11-206L10.8,0.005219605209576534
MIR1254-1,0.005219453476010875
FIS1,0.005218898190894762
ARF3,0.005218345346407589
TRIM21,0.005217668418206848
RP11-708L7.6,0.005217120711950833
RP11-566K19.5,0.0052167479585898385
RP11-168O22.1,0.005216102415288789
RP11-403A3.2,0.005215358462258237
CTD-3214H19.6,0.005214655993028367
AC021224.1,0.005214483401979409
RP11-1007O24.2,0.005214330494847088
URB1-AS1,0.005213302861970081
EMC6,0.00521228136591641
ATP6V1C2,0.005211021501303015
VN2R17P,0.0052103013174466025
SDHB,0.005210227384757805
CPA3,0.005208939808923657
RP11-575L7.8,0.005208037412850603
OR52P1P,0.005207549835040676
RP3-402G11.27,0.005206838834745792
CRIM1,0.005205739989420843
CBX2,0.005205614351491758
PSMA6P2,0.005204706889254033
C19orf84,0.005203749249778329
AC107079.1,0.0052027528242081225
HNRNPCP1,0.005202673087602088
PLIN4,0.00520231317916788
RP11-70O5.2,0.005201842035825286
SLCO4C1,0.005201748297280817
CH507-9B2.5,0.005201439713300682
MFSD3,0.005200299459397023
LINC00885,0.005199396162014325
RP11-760L24.1,0.005199353660901683
AC241377.1,0.0051990914486803935
R3HCC1,0.005198428708381527
KCND3,0.005198264577912625
SPOCK3,0.005197964923429058
RP4-756G23.5,0.005197905281614891
PPP1R2P2,0.005197697134542201
DPP4,0.005197192875185345
RP11-656D10.3,0.00519503701703156
RP11-211G23.2,0.005194014861406837
HMGN2P40,0.0051926797694691
FABP12,0.005191474030758682
CCDC191,0.005189863567946095
RP11-315E17.1,0.005189038498996729
NLGN2,0.0051875114369623115
RNU6ATAC17P,0.005187210489501748
CD300LB,0.005186643919439385
AC006989.2,0.005186445888111963
RP4-798A10.2,0.00518639696407041
FER1L5,0.0051851656301912285
GABPA,0.005184896332336434
IL10,0.005184105543489415
RP11-137H2.4,0.005182985061299991
NOG,0.005182294370743243
ZNF416,0.005181046759871993
AC078941.1,0.005178155892803663
COX4I2,0.005177876342538485
RP11-134K13.2,0.005177092154817226
RP1-85F18.6,0.005175757585782998
CALHM2,0.005175470219794564
C8orf17,0.005175275972790278
DNM1P38,0.005175006164483571
RP4-694A7.2,0.0051743160061390875
CTB-55O6.4,0.005173933736438936
MRPS31,0.005173447028422073
HAUS6,0.005173372206267405
DPH6-AS1,0.005173205578799945
LRRC6,0.005172900934267325
SAP30,0.005172002386370323
CTA-250D10.19,0.005171780363656079
FOXD4L3,0.005171415957942808
RP13-554M15.5,0.005171401587326674
DSG1,0.005170700859901769
RP11-23E19.1,0.005169680789754577
LINC00654,0.005169519959564883
RP11-182J1.18,0.005168944576206491
C2orf68,0.005167376410492615
AGAP7P,0.005165585705533501
MIR3680-1,0.005165529733112776
Metazoa_SRP,0.005164985145288388
AC009413.2,0.005164743400651864
HLA-J,0.005164256415889384
RPLP0P1,0.005164107303376889
RP13-1016M1.2,0.005163955115029967
RP1-32I10.10,0.005163847780597644
CHST1,0.005163116189790203
HMGN1P37,0.005162542175531272
AC068491.2,0.005162069981859903
RN7SL251P,0.0051606357882812435
RP11-460I13.6,0.005160182321987736
RP1-122K4.2,0.005159932842686967
ACTBP8,0.005158359208533751
AC019185.4,0.005158138509961835
RP11-596D21.1,0.00515766030872075
RP11-173M1.4,0.005156370819822557
CBX3P9,0.005156074304683129
LINC01339,0.005156036702865407
RP11-338O1.2,0.005155823405423255
Y_RNA,0.005155820523892175
AC004775.5,0.005155798946621735
FAM217B,0.0051557067385557135
RP11-507B12.2,0.005155028300690029
RP13-122B23.8,0.00515450872634037
P2RY8,0.00515429096718388
RP11-118B22.4,0.005153559470253475
TRBV3-1,0.00515334495690116
CTB-160O22.1,0.005152709976825672
SLC25A5P5,0.0051507392845899684
RP11-114H7.1,0.005150638662475235
MAOA,0.005150484122071137
RPL5P11,0.005149961375885637
CTA-992D9.8,0.005149787340398589
RP11-138A9.2,0.005149620839784046
RP11-804N13.1,0.005149143411748384
RP11-83B20.7,0.005148958974861478
RP11-73B8.1,0.005148405192306652
RP11-185E8.2,0.005148131876419714
RPL31P54,0.005147250337066033
RP11-774O3.3,0.005147084814602588
RP1-39G22.7,0.005146201831289941
RPL7P10,0.005145983065501489
RP11-171I2.2,0.005145772592809016
LINC01287,0.005144936349504012
RNF151,0.005144934526977394
MRPL35P2,0.005143758059820326
IGLV2-18,0.005142777221716083
CHAMP1,0.005142540413913667
AC005682.6,0.005142232238548426
RP11-367F23.1,0.00514199921418498
TPT1P4,0.0051417612971266435
DPY19L2P4,0.00514169861685294
RP11-246E12.2,0.005141635409324869
RP11-777F6.3,0.005141046126155772
RP11-48B14.1,0.005140684477401195
ZG16,0.005139852996406032
RP11-309L24.4,0.0051396188487533795
DYNLL1P2,0.005139180868290387
SOX18,0.005138805023450919
RP11-174G6.5,0.00513873079834834
AP000280.66,0.005138445706540669
RP11-900F13.3,0.005137697669907815
KLRK1,0.005137084134219384
LRRC18,0.005136414772449705
RP11-545I5.3,0.00513617361656236
AC109826.1,0.00513585350776632
AC005176.2,0.005135408483029796
RP11-164C12.2,0.005135254479750277
RP11-5N11.3,0.005134701462519886
FAM27D1,0.005134142770373756
RAG2,0.005133674106610766
LINC00094,0.005131675094746708
PVRL3-AS1,0.00513124317795952
SNIP1,0.005130493407798963
ART1,0.005130140339225623
CTD-2345H1.1,0.005130046640389697
RP11-963H1.1,0.00512944753990675
RP11-63M22.1,0.005129057114548817
SAMD15,0.00512904997862855
DARS2,0.005128632779574294
RP11-132G19.3,0.005128472734889412
RP11-338L22.2,0.005128178796050857
RP11-114H24.6,0.005127393364161471
Y_RNA,0.005126880579705484
RP11-489M13.1,0.005126290470150317
BNIP3P8,0.005125197928626824
RP5-983L19.2,0.005124128197662653
RFXAP,0.005123903313859944
RP11-255G12.3,0.005123464678405167
AC003991.3,0.005122889178389109
RP11-145M9.6,0.005121566919383174
RP11-509J21.4,0.005121420227095959
SPATA18,0.005121264135703714
EEF1DP5,0.005120659058854672
FAM90A28P,0.005120535126648148
RPS7P5,0.005120497437842387
ERI3-IT1,0.0051198770859824045
FAM96A,0.005119723762389075
RASSF5,0.005119586535906788
AC007383.3,0.005119458264899901
SLC27A2,0.005119395740283644
AC064834.3,0.00511903458467919
RP11-415F23.2,0.005118555088434574
RP11-482D24.3,0.005118445868391239
TATDN2,0.005118213795078892
SMIM10,0.005118105863453115
RP11-707E21.1,0.005118075662615147
UBA52P8,0.005117646809385007
AC009961.3,0.005117642736035861
SNORD104,0.0051170817386022764
RP11-402J6.3,0.005116530246310642
RPL9P3,0.005113378163561254
RP11-456O19.2,0.005113333572357473
MTND1P36,0.0051130905598104305
RNU6-1016P,0.00511149173775344
CTD-2244C20.1,0.0051110465478378594
PUS3,0.005110529469204557
RP11-93B14.10,0.005110395422598552
RPL35AP26,0.005109622344634704
RP11-368M16.8,0.005109474432410474
OR2C1,0.005109161738115789
RP4-777L9.2,0.00510880744324808
TNP2,0.005108749060250229
G6PC,0.0051082925356341815
IL18R1,0.005107707928696073
AP002954.4,0.005106539510501828
CTD-2031P19.4,0.005104826662438263
RPS5P2,0.005104763941872298
C5orf15,0.005104724710486288
FAM198A,0.00510431210352601
RP11-536C5.7,0.0051040844318813216
CTD-2651B20.2,0.005104015864117724
LINC01428,0.005103882282698759
CTA-992D9.10,0.005103673166181525
PYCARD-AS1,0.005103414151044374
HAVCR2,0.005103365381103838
MT-CO3,0.00510217450589648
PGAM5,0.005101367282701037
RP11-561O23.8,0.005100893050364877
RP11-1379J22.5,0.005100155952196732
AC009495.4,0.005100035078896101
TXK,0.005099985939042121
XXbac-BPG170G13.31,0.00509861832496293
COLCA1,0.005097837107379581
STUB1,0.005097100876183639
TRMT112P3,0.005097081228550745
CTD-2510F5.4,0.00509682829256283
RP5-966M1.7,0.005096788622812883
RP11-20B24.4,0.005096091587657449
AMHR2,0.005095987310631115
GCLC,0.0050944620152601925
IFI27L1,0.005094432846599887
RPS12P20,0.005094003284140311
C9orf147,0.005093971984104463
RP13-1039J1.3,0.005093385674405292
C17orf105,0.005092552052221914
RFESDP1,0.005092518111311059
RP11-455O6.5,0.0050922824246633115
RP11-506K6.4,0.005091775094237542
RP11-863H1.1,0.005091692852082143
RP11-701H24.8,0.0050912526491868814
MIR8071-1,0.005090871098373633
DDX11L2,0.005090742984341657
AL137067.2,0.005090738907567268
CLIC1,0.005089902218153475
ATP6V1G2-DDX39B,0.005089708760722221
LINC01594,0.005088230201999838
DPP10-AS3,0.005087831377931524
MAPK14,0.005087512345340736
RP5-1050E16.1,0.005086887189466704
MCCD1P1,0.00508648977294593
ELAC1,0.0050852033565096195
LINC01067,0.005085121706246611
MIR6757,0.005085006250127114
RP11-112J3.16,0.005084692413182552
ZNF549,0.005084589077460549
RP11-143I21.1,0.0050831129366633535
IPO8,0.0050802675690452236
RP11-349H17.2,0.005080095766568131
RP11-432I5.4,0.005079212474351911
RP11-986G18.2,0.005078695067788578
RPIA,0.005078242463347127
MTND5P2,0.0050779950014890355
TRMT10C,0.00507708262949065
DANCR,0.005076401276121268
RP11-626G11.5,0.0050762540700686485
RP11-340F16.2,0.005074665472866401
RNU6-703P,0.005074653470588429
MT-ND4L,0.0050742071387384095
RP1-90G24.10,0.005074098736501024
LINC00242,0.00507391213771459
GGTA1P,0.0050736051603583725
RN7SKP251,0.005072859818016403
PI4KAP1,0.00507258896052057
RP11-327L9.1,0.0050722732195632335
LINC00269,0.005071598716492634
RP11-474D1.4,0.005071277222451492
RP11-645C24.5,0.00507100590369111
RP4-566L20.1,0.005070989050605425
LINC00244,0.005070458464930406
AC073842.19,0.005070370522069577
SNRK-AS1,0.005068498353251943
PFDN6,0.005068471193956367
P2RY12,0.005068457544031751
RNY1P13,0.005068216360585612
CTF1,0.005068045544854686
FTH1P21,0.005067284924938751
TTR,0.005067153641102533
RP11-188P17.2,0.005066760727607205
FDX1,0.005066706771985284
ARL4AP4,0.005066043003096057
SNORD19,0.005066029514020119
NPM1P33,0.005065840232615034
ATP5A1P8,0.005065795569459447
RP11-24I21.1,0.005065791614515766
LIPE-AS1,0.005065263068333293
THRA1/BTR,0.005065236749370107
RPRML,0.005065092603579537
REC114,0.00506438575524333
RP3-449M8.9,0.005064017969226139
RP5-1057I20.2,0.005063887004783877
RP11-230B22.1,0.005063774327700236
RP11-927P21.4,0.005063281294631015
RP11-723O4.2,0.005063266888032505
TNFAIP8,0.005062629005108058
ZNF30-AS1,0.005062623648014077
RAD1P1,0.005062280178051864
RNU4-47P,0.005061769369087589
RPS15AP12,0.0050607548826172195
EIF2B2,0.005060614215143357
LINC01181,0.00505927634032778
YWHAZP6,0.005057390322924678
RP11-411B6.6,0.0050573588295735996
RNA5SP39,0.005056693638452599
RP11-174G6.1,0.005056465746816889
CTD-2619J13.16,0.005055984434958697
RP1-20C7.6,0.005055850379718881
NPM1P37,0.005054648435856853
AC003682.16,0.00505461339053627
KCTD7,0.005054536248029524
RP5-1157M23.2,0.005054375243135069
RP11-612J15.3,0.005054023741982551
FANCD2,0.005053901582407989
RP11-332J15.4,0.005053512652344541
RP11-424E7.3,0.00505254430497033
RPL23AP87,0.0050506571935736
EFNA4,0.005050002771866045
PRKG1-AS1,0.00504965359499178
ACP2,0.00504945067937746
OR4N1P,0.005049422658436119
GSTM3,0.005048435521372456
RP11-34P13.14,0.005048124921567302
ITLN1,0.005048055916165993
RP13-33H18.1,0.005047461482364044
TTPA,0.005047273281588206
PATE2,0.005047059086532799
RP11-68I18.10,0.005046899063160137
KRT12,0.005046140849473372
RP11-158A14.1,0.005045682220108681
Y_RNA,0.005045450959759981
RP11-16K12.2,0.0050444329293402625
RPL5P32,0.005043355979052237
RP11-707G14.1,0.005042532632455511
RP11-365F18.3,0.005042143792587144
RN7SL33P,0.005041980469923283
WDYHV1,0.005041662153624867
FOXO3B,0.005041471232837928
NYNRIN,0.005041010474684976
RP11-930O11.2,0.005040719782889423
TSSC1-IT1,0.005040282772151807
HCG18,0.005040053266779407
MOB1B,0.005039909666512286
CTD-2269F5.1,0.0050396880827428
CCDC97,0.0050394679662757475
C20orf144,0.005038639068739491
VAC14-AS1,0.005038466958786191
RPL21P43,0.00503812026716856
ZSCAN25,0.005037778455646638
RPS20P10,0.005036537716995644
RP11-96D1.10,0.005035840785370444
LINC00637,0.005035810557068382
RP11-326A13.3,0.005035559255532878
SDHAF1,0.005033127706308922
EMBP1,0.005032809511367211
CTC-756D1.2,0.005031945597941177
FAM24B,0.005031789836262163
YPEL5P2,0.0050316854027453615
ZNF728,0.005031394242356263
CLK2P1,0.0050310717790906425
RP11-332L8.1,0.005030535451687769
CDC42P6,0.005030338235226291
CFDP1,0.0050277148658785945
HNRNPCP7,0.005026549367716863
CTD-3193K9.11,0.005026352198824804
AC092687.5,0.005025596443812376
RP11-65J3.6,0.005025058263738059
RP11-126H7.4,0.005025036615577126
RP11-477I4.4,0.005024762302475516
RP11-503D12.1,0.005024680705276595
CYP39A1,0.005024431028299671
RP13-582O9.6,0.005023980893576691
AP000438.2,0.005023863782653061
U82671.8,0.00502362119130488
MIR2909,0.005022920884981829
GPC6,0.005022397260547012
AC113617.1,0.005021681369553297
ADRA2C,0.005020861829672958
NMI,0.005020334131358831
PRRT3-AS1,0.0050203129568642405
RP11-534C12.1,0.0050196931441563435
MTND6P3,0.005019633431001312
LINC00592,0.005019001910321915
RNF224,0.005018041958194618
RP11-461L13.3,0.005017275740281999
CTB-58E17.9,0.0050170328627750236
RPL13AP6,0.00501676097610942
HIST1H4A,0.005016690659593114
CTD-2195M15.3,0.005016209671797516
CYCSP27,0.005015957871577763
LINC01239,0.00501375727993041
CITF22-1A6.3,0.005012785732997819
RP11-616M22.2,0.005012560179278741
DYNLT3P1,0.005012507275000901
COX11,0.005010768126979208
RP11-214N9.1,0.005010085055440639
FANCG,0.0050100842335857095
GLDC,0.005008416495433677
AC108676.1,0.005007808718627727
AC008703.1,0.005007573470742778
RP11-281O15.2,0.005007408290499441
TRBJ2-2P,0.0050070779433439684
Y_RNA,0.005006946302358435
RP11-15B24.5,0.005006541627713793
ADAMTS14,0.005005076016552731
RP11-146E13.5,0.00500467979731797
WRBP1,0.005004599771828466
PFN1P2,0.005003942551550729
AP001056.1,0.005003647843434614
RP11-972P1.11,0.005003352655108611
GTF2F2P2,0.005002540465180922
KCNJ14,0.005002096374377519
ACOT4,0.00500029359267586
AC010894.4,0.004999745442203834
KB-208E9.1,0.004999559055182409
AC092484.1,0.0049982505412563116
RP1-178F10.1,0.004998150331566443
AC006115.6,0.0049972096755896665
HNRNPDP1,0.004997155598441102
RPL7AP64,0.004997035438777491
CTTNBP2,0.004996557589400267
AZGP1P1,0.00499655114316858
ADM5,0.004996318165517149
RP11-762L8.6,0.004995420395362795
HIST2H2BE,0.004993988154249563
DUSP11,0.004993686719511078
N4BP2L2,0.004992670199917017
CTD-2147F2.1,0.0049919082751123745
IARS2,0.0049913629741106975
RNA5SP243,0.004990551587731035
RP11-438D8.2,0.004990504256493824
RP11-586D19.2,0.004990333601731581
NSUN4,0.004990101747984301
CTA-963H5.5,0.004989947286320499
GCKR,0.004989884559007916
REEP6,0.0049898589396207
RNA5SP468,0.004989689978486232
RP11-84O12.2,0.004989444135868622
ANOS2P,0.00498908384020875
PSMC3,0.004988979456683492
DLEU2,0.004988926243968232
ANKRD26P4,0.004988898122129008
RN7SL34P,0.0049885490712835955
AC073641.2,0.004988280850079989
ENDOG,0.004987881400084413
MIR6813,0.004987708185664325
NYAP1,0.004987226321351567
RP11-475I24.8,0.004985855151978075
BEAN1-AS1,0.004984995787761201
KRT8P26,0.00498489372486956
RP11-489E7.4,0.004984645022704322
RP11-692D12.1,0.004984489745138602
TCF15,0.0049824445275057794
SUCLA2-AS1,0.004982037960990112
FPR3,0.0049819132350068145
PURB,0.00498146620255695
MAGI2-AS3,0.004979696993609109
Y_RNA,0.004978365610655675
C8orf59P2,0.004977166083435902
CTD-2023M8.1,0.004976931556372181
CTD-2616J11.2,0.004976921432412742
RP3-400B16.3,0.0049767368965858575
VN1R107P,0.004974992012655804
RP11-519G16.5,0.0049742703420087115
MCF2L-AS1,0.004973403936023732
AL049872.1,0.0049716460379471365
MAP3K5,0.004971243871208267
DGCR12,0.004969715473851268
RP11-849F2.7,0.004968541521979148
PLEK2,0.004968273367180605
RBX1,0.004967802942077747
GOLGA6L22,0.00496765604713067
RP11-316K19.3,0.004967633908409716
RP11-1334A24.5,0.004967556235160495
TM9SF2,0.004967268942466005
ABHD17AP1,0.004967146932755238
RPL21P39,0.004966798584326618
RP11-324I22.3,0.004966780944788296
PCA3,0.004965609465088555
MRPS9,0.004965530093677269
VAMP8,0.004964912447363294
SNORA12,0.004964710178882061
RPUSD1,0.004964294903547202
AC002116.7,0.004964240702788167
RP11-304L19.2,0.004964085684684193
RN7SL231P,0.004962732832067239
MINOS1P2,0.004962705647783502
RP11-326C3.13,0.004961973023721348
HIST4H4,0.004961134464618217
RP1-149A16.12,0.004959821793331088
ARRDC1-AS1,0.004959469990883505
RP11-291H24.1,0.004959449543670815
RP4-739H11.3,0.004959402351374072
RP11-276M12.1,0.004958274971717372
OR8S1,0.004957706019310878
MIATNB,0.004957637394746885
RP11-98D18.17,0.00495733958179174
RNU6ATAC16P,0.004957318032150372
DBF4P1,0.004956366894526412
Y_RNA,0.004956249445908576
PPIC,0.004955528653076236
RP11-416N13.1,0.004955362418449679
SLC25A38,0.004955105802235899
AC010641.1,0.004954368000193447
POU5F2,0.004954109091451546
TMEM256,0.004953461996274592
CCL3,0.004953314854425352
RP11-687M24.8,0.004952965878168885
RP11-286H15.1,0.004952864475713208
RP13-228J13.6,0.004952602868601215
RP1-182D15.2,0.004952134598732243
HCFC1R1,0.00495099955828912
RNA5SP74,0.004950404214255363
LINC01482,0.0049503225377923905
SOCS3,0.004948536506675834
LLNLF-191C12.1,0.004948420736917477
RP3-380B8.4,0.004948333863068007
TP53TG5,0.004946768626430111
RP11-867O8.5,0.004946715827579071
IFIT5,0.004946627307214281
AC005363.11,0.004943769934563926
RP3-510D11.2,0.004942675285324322
RNA5SP118,0.004941718087916653
NUP62,0.004941715130426527
ZNF72P,0.004941341904070714
AC004538.3,0.004941220387644135
RP1-257A7.4,0.004940709134261422
ATP6V0E1P3,0.004940552953446392
RP11-3B12.2,0.004939935641240757
AC018902.1,0.004938963264097437
NCRNA00250,0.0049389050351550156
ZNF837,0.0049382422234116345
ADM,0.004938070281257856
KDM4A-AS1,0.004937648018209088
GOLGA8K,0.0049376159733893156
RNY1P16,0.0049370344026627285
RP11-136K7.2,0.004936906441457243
RP4-575N6.2,0.004936842066644415
CTD-2047H16.2,0.0049365368090708356
SPIN4-AS1,0.004936492468314523
RP11-585F1.6,0.004936409652778423
AC093590.1,0.004936246799175114
TCIRG1,0.0049349609717203435
RPL23AP66,0.00493405357921211
ZNF969P,0.004933927496527911
DISC1FP1,0.004931863988749025
SLC6A4,0.004930597368942488
FOXD1,0.004929660537467224
MYL8P,0.004929268860678222
RP11-278A23.4,0.004927219131616682
RP11-146I2.1,0.004927204382814172
MIR2052HG,0.004926595588212173
CTD-2288F12.1,0.0049265336049917514
TRAJ45,0.004926109946843379
FAM186A,0.004926098475302091
RPS19P7,0.004925702540106039
AC068134.10,0.00492553539074086
NOA1,0.004924816400841634
RP11-1081L13.4,0.004924175914513748
RP4-784A16.4,0.004923704042891166
RP11-253M7.3,0.004923428280570767
RP11-10K16.1,0.004923257069879135
ANKRD63,0.0049231622859145915
MT2P1,0.004922513618624718
RAD1P2,0.004921518657333744
AC114730.5,0.004920919647899497
EIF3K,0.00492017872715272
HSP90AA5P,0.004919975100306139
RP3-473L9.4,0.004919657657540204
RPS2P1,0.004919531832357962
RP11-126L15.4,0.00491893253414141
RP11-274E7.2,0.004918689045539646
BTBD2,0.004918585556221632
LINC01506,0.004918186706415607
CTD-2349P21.12,0.004917079365551397
FLYWCH1P1,0.004916893413737902
RPSAP70,0.004916322254344866
RP11-524L6.2,0.004915976426735294
SLC1A4,0.004915638597494234
RP1-35C21.1,0.004913876999847588
RP11-707O23.1,0.0049138382013990374
MNDA,0.004913781436373603
RP11-42F12.1,0.004912922169845794
NPIPB5,0.004912236838676695
DNAJB8,0.004910812171949828
AC015971.2,0.004910581507609412
RAP2B,0.004909881487439275
PDIA4,0.004909680580142325
RP11-646I6.5,0.004909635240889692
RP11-709D24.6,0.004909415061103618
C1GALT1C1L,0.0049081490098258455
RN7SL303P,0.0049072500906569404
RP11-616K6.1,0.00490698289777747
GTSF1,0.00490685630884383
CMTM6,0.004906726375859277
CTC-338M12.1,0.004906454162189721
SAMD12-AS1,0.004906347411091917
KRT90P,0.004906161462463124
RP11-1275H24.3,0.004904852427118599
TRIM39-RPP21,0.00490445237324475
CTD-2553L13.7,0.004903936162294408
SNORA70,0.0049033842223571026
MAST3,0.004903374516298295
RP4-676J13.2,0.004902936996928801
RP1-241P17.7,0.004902840311684462
RP11-399E6.4,0.0049024762651274836
RNA5SP450,0.004902407753503419
RP11-309M7.1,0.004902381355707743
C19orf44,0.004901677480791764
CDC42P5,0.004901522748810594
RP11-567F11.1,0.0049002500985046325
Y_RNA,0.004900142472642415
RP11-463O9.1,0.004898476289638151
UBOX5-AS1,0.0048984551173381526
BCL2L12,0.004898136525335183
RP11-467H10.1,0.004897914781098537
uc_338,0.004896017714619277
SNORD116-2,0.004895709671784829
MPV17L2,0.004895647296724046
CHST13,0.004895482176381296
AC025750.5,0.0048951995901057544
RP11-203I16.7,0.004895167428011065
RP11-139H15.6,0.004894562138622507
HPF1,0.004893842010130952
RP1-68D18.2,0.0048937521310405945
RP11-359H18.2,0.004893120263992623
RP11-153M7.5,0.0048920817077791265
RN7SL250P,0.00489166816714752
CCT6P2,0.004890899398132114
RP11-358D17.2,0.004889884700997798
RP11-93K22.1,0.004889797598434377
HNRNPA1P59,0.004889651761558531
RPF2P1,0.0048895044458364565
HHIPL1,0.004888820871533738
AC068282.3,0.004888728244060883
RP11-1151B14.2,0.004888633005566298
RP11-295I5.4,0.004888497544174448
MCM3AP,0.004888493954229215
CELA2A,0.004888205753223637
BANCR,0.0048865022165093235
RP11-34P1.2,0.00488636608206589
SULT1A3,0.004885673244065705
RP11-118E18.1,0.0048852224753366345
RN7SL774P,0.00488407964670783
RP11-304C12.3,0.004883605379097045
RP11-647O20.1,0.0048829039766496276
RP4-534N18.2,0.004882823976974319
CLDN10,0.004882717972298547
RNF169,0.004882451564902036
CTD-2593A12.4,0.004881772515894715
AC002310.14,0.004881202874870425
PHBP7,0.004880552640986909
RP11-20I23.8,0.004879142763138696
RP11-318K12.2,0.004878477451919053
WSPAR,0.004878328404005944
RP1-20N2.8,0.0048774815575745615
RN7SL396P,0.004876977297967192
RP11-452L6.1,0.004876749276513543
RP11-54A4.2,0.004876719485421617
RP11-266L9.3,0.00487670681578614
RP11-161I2.1,0.0048764499243942345
RP4-655J12.4,0.0048756458733774655
IFIH1,0.004874956898242278
KRT82,0.0048748979509125115
CSF2,0.004874457980016936
KCTD21-AS1,0.004873696264985538
KRT3,0.004873504559915439
RP1-261G23.5,0.00487316665865396
RP11-244H3.4,0.004873127380555236
ZNF658B,0.004873071243179209
RP11-512N21.3,0.004872896048479911
AC083864.4,0.004872488375754421
RP11-554J4.1,0.004872469084302148
RP5-994D16.3,0.004871583094276365
ZKSCAN4,0.004871248093284218
OMP,0.004871187789850419
RP11-87F15.2,0.004870162756860169
CRYZP1,0.004869964028626628
RCVRN,0.004868850687000925
RP11-426C22.6,0.004868611430628209
RP11-579A4.1,0.004866703131978938
AC139887.4,0.004865714133861643
VN1R96P,0.004865228044042201
RP11-319G9.5,0.0048651576391842595
RP11-511H9.3,0.00486420522841909
CTC-535M15.2,0.004863529720071472
SDCBPP3,0.004862305361725844
RP11-324O2.3,0.00486173240449163
FABP5P7,0.0048609020055013046
RP13-1032I1.7,0.0048608438183337845
PCDHGA6,0.004860472664131709
PGM5P2,0.0048602133958500935
RP11-686G8.5,0.00485944320619254
CACNA1C-IT3,0.004859200259757017
EBLN3P,0.004857474603066729
ZMAT3,0.004857210330040028
RP11-521B24.3,0.004854960954667251
RP4-705D16.3,0.004854246335562504
AC091633.3,0.004854236047878836
CMTM2,0.004854233997378982
CTC-756D1.1,0.004853884220565135
CTD-3065B20.2,0.004853663167752156
RANP6,0.004853623872297157
HNRNPA1P9,0.004853474681087581
TUG1,0.004852728317936689
MSX1,0.004852597979363381
AC145343.2,0.004852499657867315
AC007128.1,0.0048520596731178485
AC007562.1,0.004851746592602192
XKR8,0.004851156382452533
TMEM185A,0.004850963137177396
RP11-268P4.6,0.00485059848916881
RP11-21B23.1,0.004850500236360872
RNU6-196P,0.004850316816915238
DUSP3,0.004850037229440188
RP11-848G14.2,0.004849990609680746
CGB7,0.004849548462421229
GDNF-AS1,0.004849340129329376
RP1-102E24.1,0.004848781457128449
AC010525.4,0.004848097162433928
snoU13,0.00484798722301908
LINC01109,0.004847869962302981
SNORD116-27,0.0048473109426569886
RP11-685B14.1,0.004847304348943269
PPIAL4F,0.004847075888626322
RP11-177B4.2,0.004846923204870158
TRIM80P,0.004845407431707012
RP11-806O11.1,0.004842449060430005
HSD17B8,0.004842434621690037
RPS26P34,0.004841275562830754
A2M-AS1,0.004841022966929278
CYCSP51,0.0048408090197190525
RP3-522J7.5,0.004840767651908958
TBCAP3,0.004840313293381271
GTF2IP4,0.004839640897600604
RP11-566K11.2,0.004839248705743783
RPL7P9,0.004838471088671892
RP1-80N2.4,0.004838316326078602
GIPC3,0.00483788554164277
RP11-46A10.2,0.004836811002508801
RP11-87N3.6,0.004836660954032467
RNU6-312P,0.004835348894707723
CTC-367J11.1,0.004834624578121486
RP4-647C14.2,0.004834605606107958
FAM170B,0.004833911747140243
U62631.5,0.004833875030935295
RP11-439C15.4,0.004833820926206902
RP11-88G17.6,0.004833578951349538
PIK3CG,0.004833008198569847
RP11-131M11.2,0.004832889991663118
AC006128.2,0.004832363857310072
BMP8A,0.004832123303890975
CT45A11P,0.004831964899195683
IRS1,0.004831876519109989
LYG2,0.004831540077261729
AC009313.1,0.004830620189572036
RP11-524F11.3,0.004830322829637258
RP11-400K9.3,0.004828601296808271
RP11-76N22.1,0.004828503172762633
PGAM4,0.00482751322378724
RP11-485G7.6,0.004826382516225869
RP11-479F13.1,0.004826024542780609
CYP2G2P,0.004825520474088119
PRSS46,0.004825478488203386
HMGB1P3,0.004825118250321117
RP11-867G23.10,0.004824764869906938
RP11-609L3.1,0.004824369245246658
CTB-79E8.3,0.004824273439388369
MTATP6P16,0.004823438052022394
CPNE6,0.004822640963166053
AC005154.8,0.004822142980822107
CTD-2555A7.3,0.004822047938199248
LLNLR-260G6.1,0.0048219262537060326
PPP1R32,0.00482040496001578
RP1-63P18.2,0.004820206959767339
RP11-463C14.1,0.0048198890735431975
TMEM229B,0.004819515338147406
RP11-861A13.3,0.004819511040693624
RP11-849N15.4,0.00481859838245381
RPL15P2,0.0048185312478539934
LINC01076,0.004818240647642988
LPO,0.004817569839630682
RP11-666A20.4,0.004817092963066611
RP11-10C24.2,0.004816928566351957
NPM1P36,0.004816742444109061
RP11-297D21.4,0.00481666034467572
AGGF1P3,0.004816587145198967
ZNF202,0.004814581579787951
RP11-145A3.4,0.004813737223284334
RP11-68L1.2,0.004813310887376487
RP4-737E23.6,0.004812681100250647
PTS,0.004812652053943552
TNK2-AS1,0.0048124300036534095
TRAV10,0.004812047789319896
MTCO1P40,0.004811097616231863
RPL29P7,0.004810889958534113
ZBTB22,0.004810879483165465
RNU6-1057P,0.004810731040488642
SMAD9-IT1,0.004808879910790368
TEFM,0.004808747189600621
ARL5B,0.004807998923956521
IGKV1-8,0.004807582171139059
GNAS-AS1,0.004807168502744637
uc_338,0.004806580856498961
CYYR1-AS1,0.00480617206812428
CPO,0.004805877835848087
ZNF534,0.004805836687855318
AC131097.4,0.004805074602236987
AP1M1,0.0048047995565430246
HIST1H3PS1,0.0048041438553986585
AC006372.4,0.0048038307462730835
AC006026.9,0.004803466654299237
SLC35G2,0.004803340046290716
NECAB2,0.004802981166351641
CCNYL1,0.004802479144747091
RP11-159D12.2,0.004801766114641985
RP11-793H13.12,0.0048016560308851595
RP11-16L21.7,0.004801298429892685
RFPL3S,0.0048011255035082575
TMEM251,0.004801107186164201
CTBP1-AS2,0.00479964884362774
AL356585.1,0.0047996386093907
NARS2,0.004799170523341873
AC012454.4,0.004798415122236178
ZNHIT3,0.004797811659150402
RP11-290F5.1,0.004797460452724139
HNRNPA3P13,0.00479705435066361
ERVV-1,0.004797028322262786
RHOT1P1,0.004796645778427505
MTDH,0.004796481345882224
MTND4P34,0.004796329137905654
MAGIX,0.004795882245679493
RHOXF1-AS1,0.0047957458434403815
PSME3,0.004795662282616817
ZBED5,0.004795480634208139
CTD-2410N18.1,0.004795449871332438
LL0XNC01-105G4.3,0.004794736610647973
CTD-2649C14.3,0.004793690288394145
RP11-144G6.4,0.004793583385722113
RP11-274H2.5,0.004793214634892205
SAYSD1,0.004792976206795586
KANTR,0.004791525965959825
CTC-250P20.2,0.0047913525851447205
DCP1A,0.004790220912300349
CTD-3065B20.3,0.0047895838020407385
RP11-626P14.2,0.004788960051652647
PTPN4,0.004788719710981613
RP11-732A21.3,0.0047885733957598
RP11-488L18.8,0.004787798147077691
RP4-568F9.3,0.004787600544778189
RNA5SP123,0.004786815267771939
MAFB,0.004785918632605957
RP2,0.0047852615044711245
FOXN3P1,0.0047850717907999265
CTC-499B15.8,0.004785047669193518
AC011343.1,0.00478481603124164
NEAT1,0.0047837134583275966
RP11-69H7.4,0.004782965565629811
AC002472.11,0.004782939547984743
AP001627.1,0.004782935130158653
PPP1R35,0.004782309809734629
Y_RNA,0.004782201461409943
RP11-407G23.4,0.004779648778029744
TMEM42,0.004779514823744502
SLC30A4,0.004779207038290771
RP11-539G18.1,0.0047789800789790875
RPL39P36,0.0047788239565171985
LINC00858,0.004778211440668013
LINC01532,0.004778175334208977
AC007131.2,0.004777980823354835
HMGB1P4,0.004777966266005365
BLOC1S6,0.004777955896010721
BCLAF1P2,0.004777937559983693
PGGT1BP1,0.004777241917808139
CLECL1,0.0047772015919431724
RP11-536O18.1,0.004777121556178968
RAB13,0.00477648717710966
RP11-804A23.1,0.00477638634483806
AC026167.1,0.004776126153452955
RP11-182L21.5,0.004775480186251154
LILRA2,0.004775371881426905
RP11-417L19.4,0.004774029902034294
AC005779.2,0.004773962010896826
XXbac-B135H6.15,0.004773841928628782
RNU6-1004P,0.0047712575518819725
RP11-374M1.7,0.004771106816731434
CTD-2595P9.4,0.004770627869278487
NAT2,0.004769889059482853
KRT18P8,0.004769798945296383
CTD-2020K17.1,0.004769579458465651
MROH4P,0.004768834545870939
RHOXF2B,0.004768687241636478
GPIHBP1,0.004768118091642844
RP11-700H6.4,0.004768064562901758
RPS4XP4,0.004766162109847491
RP1-151B14.6,0.004765894401927942
EAF2,0.004765416603667284
RP11-345N11.1,0.004763446236317514
VPS51,0.004763042867410489
FAM90A20P,0.00476261349119709
RP11-129M16.4,0.004761868000406943
RP11-214J9.1,0.00476150543294494
OR51Q1,0.004761251227732319
NDP-AS1,0.0047611731883713095
NAP1L5,0.004760824351824834
RP11-21L19.1,0.004760795891452974
RP11-210K20.2,0.004760577140430386
RP11-5P18.1,0.0047599360029577775
MPO,0.004759170533377148
SNORD3B-1,0.004758138659694366
RASA4DP,0.004758074148961594
RP11-229P13.19,0.004757599566927036
ARRDC3,0.004757439054407315
DDX11-AS1,0.004757268290628541
AC006129.2,0.00475694242254426
RP11-122K13.15,0.00475659010407243
ZNF638-IT1,0.004756569172218229
RP11-504G3.4,0.004756501414988148
AC080125.1,0.004756176621038746
RP11-57A1.1,0.004754564221935149
RP11-152O14.1,0.004754215434907817
WFIKKN1,0.004752550684552531
RP11-385F5.4,0.004751898269534275
CCDC53,0.0047511737408526405
ABHD11-AS1,0.004751141793610268
SMCO1,0.004750776604873021
RP11-136O12.2,0.00475066063177624
CTD-2083E4.6,0.004750170516014999
COPZ2,0.004749723387426338
RP11-322E11.5,0.0047486313409075
RP11-641C17.2,0.004748457277451865
KB-1836B5.1,0.004748013716499419
RP11-240M16.1,0.004747487238865666
HLA-Z,0.004746902354431289
RP11-198M15.1,0.0047462814272751985
CLC,0.004745995192659466
GFOD1,0.004744849967565084
RP11-351I21.11,0.004743903368282267
RP11-405F3.4,0.004743846549104138
CTB-181H17.1,0.004742674908634013
DHRS3,0.004741077173784377
RP11-696L21.2,0.0047405585072846
GOLGA6L9,0.004740446150852267
SEC24B-AS1,0.004739658325645073
E2F3P2,0.004739450487176517
RP11-576N17.2,0.004738746885785974
BCL2L10,0.004738729916400783
Metazoa_SRP,0.004738381345392839
AC090602.2,0.004738198293774574
RP4-781L3.1,0.004738116231643364
ENPP7,0.004736944589339227
RP11-363N22.2,0.004736907077234526
HSD3BP2,0.004736121925731043
AC008991.1,0.004735701665272397
ZNF436-AS1,0.0047351718718230025
UBE2E2,0.0047351033365018984
RPS12P23,0.00473461678922458
SIGLEC22P,0.004734246517536223
KLHL2P1,0.0047341102160216916
RP11-315I20.1,0.004733017224016442
RP11-98I9.4,0.004732836540687218
RP11-274H2.3,0.004732501158683888
RP11-565P22.2,0.0047322232390200536
AC003088.1,0.004731595725536159
CECR6,0.004731399021569698
CTD-2135J3.3,0.004730746757817965
RP11-229P13.22,0.0047305201603250035
OR2AK2,0.004729991554102912
AP000462.3,0.004729913483725664
DENND6A-AS1,0.004729590956620667
CRK,0.004729362228833376
RP11-286N22.8,0.00472832983240464
RP11-206L10.9,0.0047282938038464605
RP11-7F17.1,0.004727809307542311
MUL1,0.004727617792367286
RP11-1023L17.2,0.004727467985810669
MKRN5P,0.004727455087219021
AC010642.2,0.004727378490775402
AC073343.13,0.004727056125254907
CTD-2012K14.6,0.004725571902908224
CNN2P8,0.004725135417132721
PDRG1,0.004724984540485393
BDNF-AS,0.004724843927077886
RPS15P5,0.004724569816536735
RP13-650J16.1,0.004723548221551132
RP11-386G21.2,0.004722084119467163
RP11-732A19.1,0.004721872667856147
COX5BP6,0.004721222855515306
RP11-416N2.4,0.004721212272838448
RP11-16E18.3,0.004720544522674636
RP3-522D1.2,0.0047203783149065304
AC139712.2,0.00471976843964805
RP3-425C14.6,0.00471911148942806
RP11-680F8.3,0.004717972793534217
ABHD15,0.004717687887682635
KIF1BP,0.0047173944982349955
RP11-55L4.1,0.004716940618516755
OR10D1P,0.004716939748806957
RP11-712B9.5,0.0047166366465018796
Y_RNA,0.0047158472403120875
RP4-541C22.5,0.00471582979192475
RP11-202K23.1,0.004715300864736296
RP11-607P23.1,0.004715207084126635
ANKRD44-IT1,0.004714866603805244
RP11-161I6.2,0.004714149786801343
RP11-433J8.2,0.004714081365429932
AC007787.3,0.0047137752105792345
MRPL40P1,0.004713714546814179
LMTK3,0.004712970101812229
RP11-477J21.2,0.0047128033633049154
GPR4,0.004712548250829478
ARPC3P2,0.004712111190919701
KMT2B,0.0047119622982247835
AC016717.1,0.004711879527307645
RP11-82L18.2,0.004711046630475377
CTD-2339M3.1,0.004709519626847036
DRAXIN,0.004709239589108205
FDCSP,0.004709114797533456
NTNG2,0.004708678134082307
KRTAP5-9,0.004708198634089012
LDHAP3,0.004707895246965462
RP13-539J13.1,0.004707700842256807
MAFA-AS1,0.004707283679598691
RP11-1L9.1,0.004706837571633712
GUCY2C,0.004706730004691942
SMIM11A,0.004706525144559888
ZNF561,0.004706382574629288
RP1-138B7.4,0.0047059668323662564
TMEM184C,0.004705014204580981
RP11-731C17.1,0.004704779620154545
RP3-417G15.1,0.004704432599086748
RASIP1,0.004704058924659616
HLA-DQA2,0.004702872046164561
AMY2B,0.004702293084326581
RP11-612A1.1,0.004701389625357934
COX4I1,0.004700750592107035
NPM1P24,0.004700089515927166
RNU6-880P,0.00469983820669563
PA2G4P2,0.004699607297947275
RP11-476I15.5,0.004699274992881448
RP11-393N4.2,0.0046991173289865126
EIF4EBP2P3,0.004698601617247534
GTF2A1L,0.004698584899449926
XXbac-BPG32J3.22,0.004698441269912299
C16orf95,0.004697351651148851
RPL15P21,0.004696589300817753
AC002467.7,0.0046956819271437395
MIR3176,0.004694831372595908
PAIP2B,0.004693657405556658
LINC01204,0.004693616359903022
IL3RA,0.004692693278849695
RP11-1078H9.2,0.004692478047721165
RP11-394B2.5,0.004692270195675514
CTD-2619J13.13,0.004691944689338868
BCLAF1P1,0.004691646419939376
AC092159.2,0.0046914662776587
HRH1,0.004691208312837872
RP5-943J3.1,0.004691112335627268
RP11-277A4.4,0.004690635021293632
OR7E161P,0.004690160536779408
RNU6-608P,0.004689709069571719
OSMR-AS1,0.0046880277993023136
RP11-299J3.8,0.004687222116889046
RP5-874C20.7,0.004686221498851785
AC060834.2,0.004685257344491246
PTGER4P2,0.004685015738424262
SKI,0.004684976429409381
DUSP14,0.00468488825738198
RPS3AP46,0.004684281007168756
ZSCAN5A,0.004683931839022344
CTD-2540B15.10,0.004683734397217625
RP11-326G21.1,0.004683186402088458
POU5F1B,0.004681995706986302
RP5-1142J19.1,0.004681812084948367
RLN1,0.00468151602121101
ADAM20P1,0.004680683509818782
CTD-2134A5.3,0.004680186475036072
RNU6-821P,0.0046795101252259585
CICP13,0.004679197674399108
RP11-200A13.3,0.004679159991003435
RPS3AP22,0.004678816083809711
ZNF22,0.004678777641733335
PMS2P1,0.004678579605577199
AGMAT,0.004677381072113615
FIRRE,0.004677290091368653
RP5-1028K7.2,0.004675864229786582
ITFG1-AS1,0.0046755430522653196
GNMT,0.004674094074028538
HMGN1P24,0.0046740510443136676
ZNF285B,0.004672686007785064
TYW5,0.004672055004804483
RP11-387M24.5,0.0046715701005663815
RN7SL16P,0.004669777470268646
RP4-725G10.3,0.0046697597504726344
SIPA1L1,0.004668379680436271
TMEM121,0.004668034428678225
RP11-574K11.29,0.00466774561530091
NOP2,0.004666838488826259
RP11-820I16.1,0.004666615119901967
LINC01416,0.004666265638305817
EEF1E1-BLOC1S5,0.004664884329897845
RPL23AP97,0.004664527797085811
RP11-635L1.3,0.0046641515580723375
OR7E7P,0.004662841216336413
MIR6780B,0.004662367748430248
ARL8A,0.004661891479771519
BHLHA9,0.004661525527709363
SEPT7P2,0.004661161183742327
RP11-504P24.5,0.004660319540813835
RPL7L1P12,0.004658205135160186
ZNF543,0.004658184683807166
AC007899.3,0.004657985183903993
RP3-500L14.2,0.0046575732553027875
BMS1P7,0.004657176848324943
GNAQP1,0.004657010327531764
RN7SL113P,0.004656984873374835
AARS2,0.00465580538560944
RP11-701H16.4,0.004655610145175782
VDR,0.00465558322955796
MBL1P,0.0046547904273715884
RP11-122C5.3,0.004654520630387511
RP11-271K11.5,0.004654402373906734
SNORA11,0.004654275328086805
LLNLF-187D8.1,0.004654162462527092
RP11-10L12.2,0.004652679010092219
CASP6,0.004652320980580076
SNORD11B,0.0046522068891357215
CCIN,0.004651644968933933
RP4-604K5.3,0.004651102478829267
LINC00950,0.004651091247669186
RN7SL364P,0.004651059914597583
RP11-97C16.1,0.004648988664130696
CLRN1-AS1,0.004647715599849122
LSG1,0.004647512136123362
RP11-439C15.5,0.00464734795518113
TXNP5,0.004647275067521561
RNA5SP21,0.004647066857866724
SCN2B,0.004646469040534618
GPR55,0.004645257116866785
NEXN-AS1,0.004645130518206029
RP5-1070G24.2,0.004644674439805461
RP11-692P14.1,0.004644201976169733
ZBTB7A,0.004643866995040901
LINC01515,0.004643787548761519
CHST6,0.0046430588949563645
BMPR1APS2,0.004642569093025139
EPS8L3,0.004640788262416636
AC098795.1,0.004640063139319867
RP11-104G3.7,0.004639713905566997
CSNK1G2P1,0.004639306065096765
EIF4EP5,0.004639218613981597
RP11-14I17.2,0.0046385329292673175
RNU2-22P,0.004637996275565001
FAAH2,0.0046375835934503
RP11-110G21.1,0.004637389195161041
RP11-688I9.2,0.0046372452600006815
AC008281.1,0.004637116928574625
SNRPGP2,0.004636623795728501
AP001619.2,0.0046363657587688446
RNU6-178P,0.004636107692159481
RP11-215P8.1,0.0046350913346506345
RP11-621L6.3,0.00463483149095711
RP11-404O13.5,0.004634458761490685
ADAMTSL4-AS1,0.004634027003893422
AZIN1-AS1,0.0046337948012832595
RP5-1073O3.2,0.004633725959721774
RP11-4K3__A.3,0.004633675218490453
RP11-429D19.1,0.004633523685731855
RP11-612B6.1,0.004632993713537047
RNU1-129P,0.00463253887172258
KIAA1210,0.004631820492042948
CTD-2619J13.14,0.00463156770704092
PRAMENP,0.004631394689202181
HSD17B3,0.00463138697797187
MIR130A,0.004631276846150342
RNU6-1160P,0.004630029111404787
UAP1L1,0.004629835176053462
RP11-108L7.15,0.004629253330053919
ISCA1P4,0.004628835527985291
LTB,0.004628195212876561
RP1-71H19.2,0.004627686561330864
PTGDR2,0.0046274714399311394
RNU2-7P,0.0046271085706916125
POMGNT2,0.004626696872157292
OTOR,0.004626511658090301
AC012358.8,0.0046255453242971594
RP11-231N3.1,0.0046254670277190695
RP1-267D11.6,0.004625454848915675
CDA,0.004625117225912464
RP11-81A1.6,0.004625084279196829
RP11-116K4.1,0.004624116272004802
HTR5BP,0.00462328396747984
RP11-296I10.3,0.004623246795280047
RP11-567M16.6,0.0046227297330786975
ARF4P2,0.004622649322507955
RP11-575B7.3,0.004621490351451919
TRAV13-2,0.004621288844571396
C16orf90,0.004621124536295036
STAM2,0.004620665035900045
SSSCA1,0.004620512270882777
HEXDC-IT1,0.00462036373060337
NCEH1,0.004620221095783151
AC006960.5,0.004620186036872573
KARSP1,0.004620029196558295
Metazoa_SRP,0.0046192654205024376
GXYLT1P3,0.004618954086099165
SNX24,0.004618251130115174
DIRAS1,0.0046178177760156204
IFNK,0.004617498101674944
MTATP6P25,0.004617445927002106
MB21D2,0.0046172402724143115
HTR1DP1,0.0046164585094451765
AF127936.7,0.004614029766504237
RASD2,0.004613023170237633
RNU6-26P,0.004612397327662459
ADAMTS19,0.0046122009969126925
UNC5B-AS1,0.00461200469497159
NEURL2,0.0046110213046210375
ZNF862,0.00460990802299198
NPAP1P3,0.004609636136546283
MUSTN1,0.004607227376204621
RP5-1066H13.4,0.004607050352109893
RP11-438L7.1,0.0046065147497589744
CTC-501O10.1,0.004606305027414397
RP11-713H12.2,0.004606291588259959
RP11-480C16.1,0.004606002904050574
CXCL17,0.004605876616367208
RP11-571L19.8,0.004605499074737666
PIGC,0.004604678531842303
CITF22-92A6.1,0.004604022986040467
AC006548.28,0.004603291240208206
GAS8-AS1,0.0046031862601374025
RP11-89C3.3,0.004602888941917955
OPRK1,0.00460191465376745
HNRNPA1P5,0.004601839605248929
SNORA14A,0.004600821745126537
TGIF2P1,0.004599819291084214
HAL,0.00459903739093052
LILRA6,0.00459864015035678
U47924.6,0.004597163273792098
KTI12,0.004597114773721892
RXRA,0.004597059145844104
TRH,0.004596518116815006
VN1R81P,0.004596327226739803
SOX9,0.004596186279175412
GOLGA8M,0.004595927622892088
SNORD38,0.004594396474058262
RP11-415J8.5,0.004594277626803415
RP13-516M14.2,0.0045939495130702356
IMMP2L,0.004592640814886212
RP11-637C24.5,0.004592617865881559
RP11-467D18.2,0.004592480123861265
RPS4XP21,0.004591908075650705
RP5-1100E15.4,0.0045917031214595585
AC007879.5,0.0045909614913381275
WI2-89031B12.1,0.004590758314672417
AC012322.1,0.004590524268843724
ACSM5,0.004589951271067028
SOX30,0.004589762045112191
AF165138.7,0.004589635065279267
BSN-AS2,0.004589560817817312
SNAPIN,0.004589300655703622
ACBD6,0.004588170111835947
RP11-21C17.1,0.004587538796961435
CTA-440B3.1,0.00458740107589264
RP4-646N3.1,0.004587240537021122
DNAJA1P6,0.004586450277688162
RP11-359E8.5,0.004586213613260811
ZNF497,0.004586209259368741
CTB-31N19.2,0.004586114740483644
RP11-378J18.9,0.0045860534751281865
CA5A,0.004585980850234058
LINC00472,0.004585842169788159
MIR6718,0.004585266001556275
CTD-2282P23.2,0.004584896841469278
C2CD4C,0.004584488125082133
RNA5SP82,0.004583678052895588
RP1-309H15.2,0.0045833040281010595
RP3-355L5.3,0.004583059794329983
MRM3,0.004582944728561553
ZNF833P,0.00458278613887152
KRT8P23,0.004582493964960846
C2orf16,0.004581846517833483
TMED1,0.004581513878951264
FABP5P3,0.004581248513003602
RP11-544M22.13,0.004581242250540134
RP11-9G1.3,0.004581214463002441
LINC00691,0.004580880295404565
KRT18P67,0.004580529145639202
HMGB1P23,0.004579679168429488
RP11-862G15.2,0.004579288558774597
C4orf36,0.004579147084785565
RP5-1024N4.4,0.004578839516782341
CETP,0.004577973674472681
STARD10,0.004577018207314715
MIR3192,0.004576310137400177
EPHX3,0.004576238373084376
RP11-29H23.4,0.0045744993012256895
RP11-385F5.5,0.004574110912572854
Y_RNA,0.004573269105698529
LGI3,0.0045729399101017
BTLA,0.004572549811931465
AC007796.1,0.004572222613713706
ACTBP13,0.0045722023777899105
AC004854.5,0.004571632394015181
RP11-654A16.3,0.0045716321111849215
AC010969.1,0.004570764744463124
GS1-309P15.4,0.004570459942775798
RP11-62F24.2,0.004570131033429053
LINC01338,0.004569783440897483
TEX26-AS1,0.004569729829338878
RAD23A,0.004569619364756126
RNU6-833P,0.004569282221713713
PLEKHJ1,0.004569144548892077
Metazoa_SRP,0.00456801334526378
TREHP1,0.004567503794025096
RP11-126F18.2,0.004567406481996473
RP11-108K14.8,0.0045670136482274856
RP11-539L10.2,0.004563649359901425
RP1-228P16.8,0.004563192095311281
TRAPPC5,0.004562371899898852
RP11-76H14.2,0.004562226822955172
S100A2,0.004561453782549109
RP11-104G3.2,0.004560668107812914
SUMO4,0.004559414248444932
C2orf91,0.0045590069518485574
UBLCP1,0.0045577987583299345
OCLM,0.004557624080087266
CTD-2252P21.1,0.0045567816331955465
SNX19,0.004556595813812296
RP1-310O13.7,0.004556585855976733
AKT1S1,0.004556523281716487
LSM3,0.004556254541761076
RP11-131M11.3,0.004555979163750569
BAG3,0.004555886164001664
RPL23AP86,0.0045558353605548016
AC074363.1,0.004555752087086147
AC079354.5,0.00455447540700182
ZAR1,0.004554240046516204
RP4-777L9.3,0.004554165971035191
ELDR,0.00455412238891832
CTD-2561B21.4,0.004554094309425361
TMEM246,0.00455403859320401
SAMD11P1,0.0045540060658833745
RP11-583F2.2,0.004553912566954841
ZCCHC18,0.004553658424906148
SCRT1,0.0045534397561810295
KCTD9P4,0.004553294837535267
RP11-258B16.1,0.0045529105489939894
RP11-16D22.2,0.004552838291577038
RNU6-33P,0.004552532276662186
CYP2B7P,0.004552324103215778
PPP1R14C,0.004551605419987369
LCMT1-AS2,0.004551263924545771
STT3B,0.004550679470839572
MIR302C,0.004550288749571053
RP11-276H1.2,0.0045501968222489775
CTB-33G10.1,0.004550183241306238
TUSC1,0.004550073149613365
RN7SL187P,0.004549977557775378
RP11-402G3.3,0.004549257745051443
CCDC96,0.004549075756451041
RP5-1198O20.4,0.004548821488811762
RP11-545M17.2,0.004548695612096445
NOD1,0.004548337201977489
AC004490.1,0.004548223847279046
RP11-368J21.3,0.0045481291399731335
ZNF766,0.00454783435881259
RP11-861L17.3,0.004547663274828126
PDLIM1P1,0.00454759934961452
RP5-1024C24.1,0.004547563900791228
KIF4B,0.004547544845679471
RP11-166P13.4,0.004547525101620949
RP4-811H24.9,0.004547186433190021
GATSL3,0.004546513804073726
RN7SL246P,0.004546487746377057
RP11-428P16.2,0.004546361972359307
SMIM2-IT1,0.0045462785228184855
RNA5SP440,0.004545976639271813
BRD7P2,0.004544970819399392
CTD-2256P15.4,0.004544357194197273
RP11-609N14.4,0.004544316526440705
RP11-666O2.2,0.004544188824914442
RP11-497G19.1,0.0045436460947225945
ZPBP,0.004542541918548875
HMBS,0.004542002300066098
CTD-2562G15.3,0.004540555295485772
CR848007.2,0.004540300700470646
ADAMTS7P1,0.004539600434361019
RP11-133K1.11,0.004539530075513567
CTD-2335A18.2,0.004539497336063102
AVEN,0.004539216774011679
MUC21,0.004539157662134107
EIF4EBP2,0.004539048403479889
RP11-73M7.6,0.004538857590129499
RHOF,0.00453867051290462
TIGD3,0.004537607049112556
ZNF254,0.004537312713855976
FAM157C,0.004536744129866541
IL17C,0.004536393732306822
NDUFS5P5,0.004536358277246947
FRAT1,0.00453606642401965
RP11-455B2.9,0.004535950023431367
PPIAP16,0.004535336481360479
RNU6-1061P,0.004534321819112953
RP11-2L13.1,0.004533833484713693
TRIM52-AS1,0.0045337452618639616
RP11-1E11.1,0.004533687490621719
CH507-9B2.9,0.004532888599472461
RP11-498J9.2,0.004532776328991363
SLC25A28,0.00453258964973159
RP11-544A12.8,0.004532162514112143
RP11-755E23.3,0.004531953325956125
RP11-459O16.8,0.004531889933148086
CTC-490G23.2,0.004531809263958139
RP11-752G15.8,0.004531653353786875
RP11-378E13.3,0.004531559270309864
GZMK,0.004531363322736947
RP11-560J1.2,0.0045310032214292695
ANGPT4,0.004530790387480598
ATP13A5-AS1,0.004529986454454304
AC006460.2,0.004529915987139325
RP11-537I16.2,0.004529655716519813
RP11-129B9.2,0.004529125262036808
Y_RNA,0.004528318452303391
AC007256.5,0.004527841860905187
RP11-1148L6.8,0.004527644673091419
PTP4A1P7,0.004527455961768864
ARAP1-AS2,0.004525446070196456
PRR18,0.00452308491796408
RP11-370K11.1,0.0045223587407921505
LINC00930,0.004521833339757378
RCE1,0.004521648493069366
FBXL4,0.004521539117034184
C22orf39,0.0045205412347034185
RNU6-780P,0.00451927446286606
SOX2OT_exon4,0.004517829570486767
VPS13A-AS1,0.0045174987620683615
RP11-525G13.2,0.004517353876689667
AC005162.5,0.004517306239302427
RPL10L,0.004516504660737859
RP11-2H3.6,0.00451616873184512
SPCS2P1,0.004516109665205451
NTAN1P2,0.004516048975845146
C3orf20,0.004515831468309393
RP11-597D13.7,0.004515384366824754
RP11-7F17.4,0.00451532060007441
EHMT2-AS1,0.0045152665065084
RP11-227G15.6,0.004514481675725343
TMEM139,0.004514183322236394
MT1F,0.004513801452350587
UBE2SP2,0.004513588036955699
CTB-180A7.6,0.004513306627198796
RP11-236F9.2,0.004512609803136551
AC005546.2,0.0045121462244449686
FAM58DP,0.004512078223482945
SCARNA12,0.004511838249731209
RP11-407P15.1,0.004511155597750458
EAPP,0.004509771848683211
KPNA4,0.0045097610291979055
TLCD2,0.004509737523663531
RP11-677M14.2,0.004509537372926232
RP11-214O14.1,0.004509526785849288
LINC00943,0.004508880825788142
FAM224B,0.00450686982120751
HIST2H3C,0.00450673821300758
MMD,0.004506585615160347
DPY19L1P1,0.004506145235235785
RNU6-181P,0.004506043554140416
RP5-906A24.2,0.004505958938416702
RP11-267M23.1,0.004505308511582955
EMILIN3,0.0045052381927155665
VLDLR-AS1,0.004504971222026515
C2orf49,0.004504837499450093
SNORA64,0.004504775955266786
RAB40A,0.004504727799426354
RP11-154H23.3,0.004504368035987991
GS1-259H13.7,0.004504351411192267
RP11-478B9.3,0.004502989566322862
PHBP3,0.004502079024660661
ATF6,0.004501075670269489
NDUFB4P6,0.0045001775368081745
RP11-629O1.2,0.0044998977197353626
RP11-219B17.3,0.004499758826211888
RP11-51J9.6,0.004499650355927964
MIR4489,0.0044992502772112685
RP11-31H5.3,0.004498793943220525
AC027119.1,0.004498719191995441
IGFBP1,0.004497268114674308
TMEM17,0.004496382854113405
RP11-564A8.8,0.0044961656527859415
KLHL41,0.004495437413827926
ZNF337-AS1,0.004495325380760352
HIST1H4PS1,0.004495168169767225
CTD-2371O3.3,0.004493661198656206
NPPC,0.004492785296014597
ACADS,0.004492731481957347
RP1-144F13.4,0.004492526273610331
PRRG2,0.00449245868198171
TCF7L1-IT1,0.004491298102795956
RP11-402D21.3,0.0044897249056310715
RNU6-564P,0.004489373932022154
ASB14,0.004489242244276717
RP11-672A2.5,0.004489090238554671
RP11-454P7.1,0.004488279508290205
ANGPTL3,0.0044875579035277184
CYP4F24P,0.004487455444236505
RP11-337N6.2,0.004486898321605251
RP11-109N23.6,0.0044853667656788426
RP11-264L1.3,0.004485037542368836
LBX2-AS1,0.004484891481421401
DTX1,0.0044846217927673486
RP11-1035H13.2,0.004484542609099846
RP11-30K9.5,0.004484331702694532
RP11-690G19.4,0.004484074898235023
RP1-281H8.3,0.0044829940119795264
RP11-567E21.3,0.004482956243580596
RP11-417N10.3,0.00448223246309792
RP11-91G21.1,0.004481558038256166
NHS-AS1,0.00448132270327521
LA16c-429E7.1,0.004481310415479808
RP11-710M11.1,0.004480618056323585
ELK2AP,0.004480354533524564
LL0XNC01-131B10.2,0.00447956497000005
HSF1,0.004479403606272541
RP11-17E13.2,0.004479189715526594
FAM66D,0.0044780245304844556
GTF2IP1,0.004477862816864353
GPR37L1,0.004477412823317172
SDHAF3,0.0044770669204583224
FOXCUT,0.0044745632969358465
BCRP8,0.004474452223720982
RP11-77K12.3,0.004474345262564265
B3GALT1,0.004474219238584477
PITX3,0.004474094683279369
HS6ST1,0.004473542868979131
GFRA3,0.004473324832692083
RN7SL670P,0.004473031341495795
RP11-131L23.2,0.0044729540043392906
TMEM92,0.00447288989409824
SRRM5,0.0044725296046080045
CTD-2554C21.1,0.004472044116529236
RP11-67L3.5,0.004471887865443073
AP001437.1,0.004471339995924427
UPK2,0.004471272638112665
PPIAP22,0.004470504801759509
HSFY3P,0.004470367645093165
MIR3149,0.004470305709595879
CTD-3157E16.1,0.00447026746102096
RP11-263C24.1,0.004470205139072638
ZNF784,0.004470005803317386
RP1-20B11.2,0.004469926483506498
PPP2R3C,0.004469683909488406
FAM167B,0.0044693633933911145
LINC00397,0.004469237931036277
AZU1,0.004469107671433867
LIMD2,0.004468474011000994
AFP,0.00446780569255839
ETV6,0.0044675968290542635
TAL2,0.004467315072113304
RP11-746B8.1,0.0044669300732646765
RPS19,0.004466227825618066
RP3-510L9.1,0.004466219687366525
RP11-573D15.9,0.0044659350348983115
MIR4757,0.004465610992773481
RNA5SP162,0.004465460284343952
PDCD6,0.004465252336857658
RP11-385F7.1,0.004465170644895662
RP13-122B23.9,0.004465021891552092
RP11-93G5.1,0.00446468365515985
RP11-245C17.2,0.004464013019519544
RP11-326K13.4,0.004462338731493199
PRELID1P3,0.004462112594333818
MAGI2-AS1,0.004461845328142162
RP3-432I18.1,0.004461755311646323
AC002550.6,0.004461639171076393
RP11-91K8.5,0.004460889518314079
FOXL1,0.004460463703596176
PCBP2P1,0.004460363934491319
SEPT2P1,0.004460324094783501
AC007228.11,0.004460184144387036
RP13-16H11.9,0.004459652465326615
SPATA31C1,0.004459521951511099
RP11-861L17.4,0.004458912939233711
PNN,0.004458726240589448
RP11-628M2.1,0.004458703541053244
ASH1L-AS1,0.0044583769691318425
RP11-977G19.5,0.004457754830747535
AC007237.2,0.004457711209084516
RPL7P22,0.0044561091091995545
TOP3BP1,0.004456056519573364
RP11-552M11.4,0.00445602698896064
ZNF736,0.004455675875331347
CH17-353B19.1,0.004455592053463947
MAGEB17,0.00445513601962038
ALKBH3-AS1,0.004455038812614492
MIR4653,0.004455035198547096
ZNF587B,0.0044550311085576515
ARMC8P1,0.0044546665580851245
RNU6-1136P,0.004453665197770433
HSCB,0.004453365852338794
CTD-2535L24.2,0.004453335831560509
RP11-218E20.5,0.004451715297790434
FAM199X,0.00445076281725519
RPL41P2,0.004450710178752179
L34079.2,0.004450242344266007
EGLN1,0.004450194439319605
RP11-418I22.2,0.004450075563913145
RP11-767N6.7,0.004448573456684514
RP5-919F19.5,0.004448516757715081
RP11-308D16.2,0.004447845674471046
RP11-2I17.1,0.004447581079847977
RP11-84C10.4,0.0044474831320681875
LRP4,0.004447389929110464
ZNF720,0.0044470301606494116
ZNF32-AS1,0.004446925605410684
LY6G6E,0.0044467295303046404
NREP-AS1,0.004446093840030577
RP11-278J6.5,0.004445866386853979
TRAV41,0.004445839617243932
EIF1AXP2,0.004445229156622845
RP11-490G8.1,0.0044450394063289605
CMB9-52H4.1,0.004444786128583906
BMS1P4,0.004444722274175359
RP11-60A24.3,0.004442818464732821
TSR1,0.004442628245959237
ZNF402P,0.004442415432177229
RP11-209M4.1,0.004441687353824981
HSPB2-C11orf52,0.004441637415362646
HAUS6P1,0.004440943069611211
RP11-1398P2.1,0.00444092083987789
AC004901.1,0.004440689862573688
RP11-107I14.5,0.0044405812872453905
RP11-121E16.1,0.004440441574959031
PPP1R3E,0.004440175537885956
RNVU1-7,0.004439975829488011
RP11-82L7.4,0.0044390417205653915
KRT17P3,0.004438500550963462
C4orf48,0.004438052604938797
RPL10P19,0.004437828454904773
TRPV5,0.004437424665781183
RP11-179A10.2,0.004437083413345573
CYSLTR2,0.004437044336493255
RP11-576C12.1,0.004435540296683445
SNORD83A,0.004435388718621097
RP11-98D18.9,0.004434717613174976
MIR762HG,0.004434370853116882
SNHG20,0.004433723446854627
RP11-303E16.9,0.004432349197155926
ZNF460,0.004431889073688225
RP13-36G14.3,0.004431859526218599
FAM53B-AS1,0.004430995541266223
AC093620.5,0.004430706460140044
RP11-317G6.1,0.004430409615433963
LSM1,0.004430048837562117
HMGN2P5,0.004428748045817756
SNORA18,0.004427761494315026
ACTBP7,0.004427726004856252
TMEM41A,0.00442700505156394
GADD45GIP1,0.0044268708543339945
NEURL1-AS1,0.004426123289810623
RP11-767N6.2,0.004425208015291698
RP1-77H15.1,0.004425186596334193
RP4-794H19.1,0.004425051438843685
POU5F1P3,0.004424895092624999
BHLHE40-AS1,0.0044247407153191675
FCF1P5,0.0044246667623442605
SNX18P9,0.004421352051582904
RP11-46A10.5,0.004420316230495175
RARA-AS1,0.004420303955685468
FXNP2,0.00441887642526878
RPL34-AS1,0.00441877009413687
SCARNA11,0.004418247914537365
EPHX4,0.004417969346734059
NSMCE3,0.0044171005133794424
RP11-161D15.3,0.0044163093985125565
CUL7,0.004416167483130244
AC064853.3,0.004415657443642874
DMRTA1,0.004415633574250966
RP3-329A5.8,0.004415102758168365
PVT1,0.00441434474546212
RP11-252A24.3,0.004414250738018845
PGAM1P2,0.004414218050728652
LINC00565,0.004414144596352344
RPSAP3,0.004413661485561867
RP11-434D12.1,0.004413006663590763
SNX33,0.004412642765920995
RP11-588L15.2,0.004412286139781852
RP11-193J6.1,0.004412138519652003
RP11-304L19.11,0.004412132555550482
AL035610.2,0.004412100305682843
RPL29P12,0.00441116179237573
ZNF705A,0.004410761475304572
PMP2,0.004409303636417622
RP11-538C21.2,0.004407934248563702
ZMYND19,0.004407352128975618
FOXF2,0.004407212345808006
TAF13P2,0.004406121918389245
SORD2P,0.004406035008175221
EFCAB1,0.004405208950550526
CTF2P,0.004404449939340671
RP11-617D20.2,0.004404248839088247
RP11-818F20.4,0.0044037525658079
RP11-363E7.4,0.004402523602922247
RP11-91I8.2,0.004401993764569508
EIF4EP2,0.004401678439101847
PCDHA8,0.004401453558821795
HGFAC,0.004400854076738532
RP3-426I6.5,0.004400166240423923
RN7SL591P,0.004399844186965073
SNORA15,0.004399553673237009
CTD-2571L23.8,0.004398954672306308
RP1-120G22.11,0.004398284677474416
MED21,0.004398275680386356
UQCRQ,0.004397774819831109
RP11-556G22.3,0.004397737943213068
SCN4B,0.004397642013827067
Y_RNA,0.004397564405275698
LINC01085,0.004396964775895274
RP11-727A23.10,0.004396779872456186
RP11-542K23.9,0.00439651745754562
RP11-446E9.1,0.004396143400595081
TUSC7,0.004395236644883389
RP11-443F16.1,0.004394404937879084
FAM180B,0.004394365375633942
MANSC4,0.004394266406108958
RP11-47G11.2,0.004394202983240674
RP5-1153D9.5,0.004393761227900832
SERTM1,0.00439336336287861
GIMAP8,0.004393320836300406
TCEA1P4,0.004392886224750066
RP11-586K2.1,0.004392389698858549
NME1,0.0043913989304717556
TCAF2P1,0.004390921442551361
SLC9A9-AS2,0.004390418281834474
RP11-365F18.1,0.004390379104994504
RP11-797H7.1,0.004389013253161127
CYBB,0.004388421349153849
RP11-134K13.4,0.004387929982694556
NDUFA2,0.004387443846526387
FKBP4,0.004387399101786796
NFIL3,0.004387350154435334
HOXC4,0.004387165054198434
RP11-53I6.3,0.004387082626794955
RP11-15B24.3,0.0043867892904770975
TTC41P,0.004386291358618969
BLOC1S2P1,0.00438612939849568
RP11-941H19.1,0.00438600232693268
CTD-2357A8.2,0.004385278360921772
RPL31P57,0.004383301691206358
BRI3BPP1,0.004382591375471016
RP3-393E18.1,0.004382569666547256
SNORD115-20,0.004382520245579325
RP11-514D23.3,0.004382404019973355
HSPB1P2,0.0043816191075005265
RP11-651P23.2,0.004381470701929194
RPSAP55,0.004380997606186796
NOCT,0.0043802624812044055
TUBB2B,0.004379223833357977
AC087163.2,0.004378757444127441
RP11-1G11.2,0.004378554097605841
TTC36,0.004378398020338693
RP11-894P9.2,0.004378353079371203
LINC00163,0.004377514116232043
GAST,0.004377261710838981
RP11-399K21.13,0.004377221198476741
CTD-2054N24.2,0.004377220261470914
RP11-242J7.1,0.004376271025635737
FAM170B-AS1,0.00437498439636907
RP11-347H15.5,0.004374938106138732
ONECUT3,0.004374835906072813
PSME2P6,0.004374806470131451
AC079305.10,0.0043746210393191
IMMP1LP3,0.004374192137019358
TAF7,0.004373936925057947
RNU6-604P,0.004373038449290116
XX-CR54.1,0.004372260592723558
PABPC1P7,0.004371932709645788
SH3GL1P2,0.004371480864355783
RP11-557H15.3,0.004371064890391067
SNORA70,0.004370413694916817
MTCO1P25,0.004370173007994729
AC007392.3,0.004369828217599028
AC073626.2,0.004369403038031905
SPAG5-AS1,0.004369343586867393
IQGAP3,0.0043693373672978614
RP11-253A20.1,0.0043688014394210935
RP5-1159O4.2,0.004368504746731058
CTD-2235C13.1,0.004368465124387665
CTD-3107M8.2,0.0043682457653315045
RN7SKP296,0.004367643635647074
RP11-523L20.2,0.004367093712327342
DLEU7,0.004366950723696161
OSTCP4,0.004366904761199169
YWHAZP3,0.0043659751091774815
ZNF529-AS1,0.004364913496395865
HNRNPA1P6,0.00436487613408501
RP11-397P13.6,0.004364325864140276
RP4-592A1.2,0.00436427238941083
RP3-408N23.4,0.004363712164070238
MTND2P28,0.004363279630363869
LINC01521,0.0043632368476249055
PAPPA-AS2,0.004362657711311422
RNF219-AS1,0.004362296302789925
C14orf178,0.004362271315994165
HNRNPA1P13,0.004362233339097508
RP11-686D22.5,0.0043619327856184754
LINC00921,0.004361278235966367
SYCE2,0.004360925625362686
AC010729.2,0.004360365867781565
ZNF252P,0.0043602980832621605
LRFN2,0.004360259550047706
MAK16,0.004360146347390798
TXNDC17,0.004359422849252393
RNA5SP139,0.004358902030905582
IRX1,0.004358799943020133
CASC17,0.0043586646103184945
RP11-508N22.6,0.004358460090098127
RP3-406P24.3,0.004358091163745031
RAB10,0.004357556328551934
RP11-587D21.1,0.004357344701927465
AC005786.3,0.004357300584758256
RP1-80N2.2,0.004357072448924102
ATP6V1B1-AS1,0.004357071461065338
CNPY4,0.004356176726788242
RP11-43F13.3,0.004355675408098389
GZMA,0.004354575418332216
LINC00879,0.00435306536646816
ALDOAP1,0.00435287642194821
AP000343.1,0.004352250825522488
RP4-651E10.4,0.004351968149593834
TCTE1,0.004351868223568264
RP11-152F13.10,0.0043511390450569135
KRT8P13,0.004351126403628014
PGAM1P9,0.004349866057284603
PLBD1-AS1,0.004349611245188988
EEF1A1P28,0.004348672767309851
SF3A3P2,0.00434840152317436
COX6CP10,0.00434838207074682
RPL32P9,0.004348056316818487
XXyac-YM21GA2.4,0.004347593835226327
TBX6,0.004346229484490374
HLA-T,0.004345863269091401
HSPE1P3,0.004344626067302689
MIR140,0.004344112875911207
FAM221A,0.004343981699948743
CTD-2262B20.1,0.00434383580566407
EPB41L4A-AS2,0.004343835414700283
PXDN,0.004343434065316495
FUT9,0.004342994505701454
LINC01300,0.0043427670525888465
STK24-AS1,0.004342582794457929
LINC01589,0.004342501700307666
RP11-367G6.3,0.004342217861885532
HMGB1P1,0.00434212055080144
POLD4,0.004341948950651239
ANAPC15,0.0043418471999134775
RN7SKP44,0.004341030259338166
RP11-498P14.4,0.004340570628470127
LINC00900,0.0043398589948413025
RPL21P111,0.004338814306930722
RP11-312J18.5,0.004338015847234368
AC004022.8,0.0043376109878735265
RP11-498C9.4,0.004337375069722831
RP11-737O24.3,0.0043357219189635
RP1-257C22.2,0.004335389307251001
SNORA14B,0.004334949025188994
C17orf75,0.004334516474892794
RP11-505K9.3,0.0043343325220464995
AC097662.2,0.004334047762961514
POLR3C,0.0043321670249739505
POLR2KP1,0.004332144290811108
SPCS2P4,0.004332082666230148
HIST1H2AL,0.0043320187564352495
CREBL2,0.004330759308636482
GAL3ST3,0.004330303441871355
FBXL19-AS1,0.004329641271000726
CT62,0.004329434997942885
RND2,0.00432894559266247
ZNF350,0.00432876198283698
Metazoa_SRP,0.0043286245752582175
RP11-656D10.6,0.004328011156229974
RP11-419M24.5,0.00432756551487275
RP11-29B2.6,0.004327322944696591
KDF1,0.004327154273213642
RP11-334C17.3,0.004326974141434338
RP11-255P5.3,0.00432631413259191
SNORD127,0.004326027431398274
CTD-2332E11.2,0.004325959963987346
MRPL46,0.004325306733703886
HIST1H2BG,0.004324672458821874
XXbac-BPG252P9.10,0.0043245496971492095
RP11-210M15.1,0.004323272361208879
CTD-2541J13.1,0.004323059106127212
NEMP1,0.0043226752408245216
SNORD101,0.004322655327905625
OLFML2B,0.004321944867375243
RNU6-97P,0.004321853965161968
FAM207BP,0.0043215733812358055
YWHAQP7,0.004321551419924815
RORA-AS1,0.004321509692733686
PRND,0.004321338855402256
ZNF354A,0.004320910671737232
RPL7P20,0.004320723388008131
GRK1,0.004320625272528593
RP11-822E23.8,0.004320277605458364
FAM212B-AS1,0.004319951123571462
MIR887,0.004319428491513096
RP11-57K17.1,0.004318846292201775
NKAP,0.004318734578289612
RP11-343N15.2,0.004318687400334718
RP11-54O7.16,0.004318464133683857
IGFLR1,0.004318258445464213
CEACAMP11,0.004317425984999972
RP11-305O6.4,0.004317273218994125
RP4-630C24.3,0.004315985818394896
BOLA2P2,0.004315440508049655
MED28P3,0.004314610672861054
CTC-563A5.2,0.004314130318564397
LINC01282,0.004313735351651028
OR2H2,0.004313512222499465
RP11-148K1.12,0.004313277751560039
CTB-31O20.4,0.00431216536287875
CENPQ,0.004311848222917132
ABALON,0.004311584536824479
CLPP,0.004311492965631159
AF131215.4,0.004311451034337901
RP11-805F19.4,0.004311176138477919
SLC39A3,0.004310449382044527
RP11-815J4.7,0.00431035799649434
TDO2,0.004309701312508921
SAMD7,0.004309563054024421
RNA5SP490,0.004309206848452995
RN7SL693P,0.00430916843053349
RP11-972P1.10,0.0043091125660451235
AL365181.1,0.004308202587594187
RP3-388N13.3,0.004307212614980606
RP11-816J8.1,0.004307147501581841
SNHG3,0.00430708840198962
STIM1,0.0043069808332077434
RP11-686D22.7,0.0043065924042049826
SPRY1,0.004306450593391312
STRIP2,0.004304994672926944
XXbac-BPG181M17.5,0.00430372603870534
LINC01182,0.0043036557743249965
RP11-849H4.2,0.004303151097520256
RP11-101O21.1,0.004302324213290374
RP1-273G13.2,0.004302088059343601
CTC-308K20.2,0.004302055051108494
RP11-157J24.2,0.004301570812704132
RN7SKP241,0.004301435798628823
PLEKHA8P1,0.004301359288445283
RP11-571L19.7,0.004301197416680825
CD200R1L,0.004301180906195292
CHSY3,0.004300108327454651
RP1-13D10.2,0.004299854676361984
FEN1P1,0.0042997322763624595
RP11-348M3.2,0.0042996654838059565
MRPL44,0.004298798373583425
RP4-568F9.6,0.004298655595884521
RP11-747H12.3,0.0042985977456178725
C7orf62,0.00429833234647445
C2-AS1,0.004297748894861853
ARHGEF40,0.004297122814354202
RNU6-1011P,0.004297083141709902
TIMM10,0.004295983456316284
RP11-327P2.6,0.004295889379253646
SNORA74B,0.004295664466205616
AC006994.3,0.004295159378696232
GABPB1-AS1,0.004294281426803997
RP3-404F18.5,0.004294258352962091
KB-1639H6.2,0.004294045023975632
FAM66E,0.004293990447728513
RP11-530C5.2,0.004293153709913437
RP5-827C21.4,0.004293059975727097
TRAV1-1,0.004292672829204027
CTB-158D10.3,0.004292638264371697
AC009274.6,0.004290792971808395
FAM69C,0.004290648106252391
TNFAIP6,0.004290057848286052
CTC-313D10.1,0.004289343310268917
RP11-404E16.1,0.004289024651466653
RP11-66D17.5,0.00428813465024206
TTC39A-AS1,0.0042877414694789985
RP11-295D4.7,0.004287598687570953
RP11-528I4.2,0.004287041229564404
RP11-361H10.3,0.004286701714924607
MIR1270,0.0042863810095531505
SCARNA1,0.00428600385182849
RN7SL521P,0.00428523952417982
OMG,0.004285171101482477
CTD-2245E15.3,0.0042847990564473725
HNRNPA1P42,0.004284048041737964
ZNRF2P3,0.004283496154272919
LINC01486,0.004283137231222942
SND1-IT1,0.0042826294042837285
RP11-73M18.2,0.004282513704606676
ZNF859P,0.00428168292031747
DLG5-AS1,0.004280498747585602
TAS2R8,0.004280421946291987
BATF,0.004279113322969888
RBM22P2,0.00427805421136322
RP11-60C6.8,0.00427730696216972
SYNJ2BP-COX16,0.00427729629524413
YARS,0.004276995611565752
CTC-559E9.13,0.004276829658465226
RP11-92K15.3,0.004276803263680691
RP11-569A11.1,0.004276455766825332
RP1-125I3.2,0.004275635603028706
RPL21P33,0.004275508584016951
FP325331.1,0.0042747240122019145
PEBP1P3,0.0042741833514539675
RP11-580I1.1,0.004274134238220505
RP3-467L1.6,0.004274132969787269
TMEM238,0.0042734037506667625
RCOR1,0.00427283998165326
RPS29,0.004272031099115689
NDUFB6,0.004271309601219368
RP11-941H19.2,0.0042708973946064075
SMIM6,0.004270787559753564
CRTC3-AS1,0.0042702017377474226
Metazoa_SRP,0.0042698278892500385
PTP4A1P1,0.004269717674727869
RNVU1-19,0.004268695424756054
CYP1D1P,0.004268461384967969
RP11-259K5.1,0.004268441460189844
RN7SL405P,0.0042674910073142655
RP11-46I8.4,0.004267403159417971
RP11-219F10.1,0.004266907985488971
RP11-661A12.12,0.00426669892707718
GLUD1P7,0.004266612125658254
RP11-476H16.1,0.004266439683098152
RP11-889L3.4,0.004266317010525402
TMPRSS12,0.004264794330229775
RNU11-3P,0.004264039065980801
IGKV1-16,0.004263373346425532
RP11-54O7.17,0.004263162931190943
CTD-2366F13.2,0.004262738694635887
RP11-800A3.4,0.004262242429830538
HTR1F,0.004261859946653479
CAHM,0.00426078593863681
GTF2IP7,0.004260111119410491
HEATR1,0.004259651272351225
RP11-452D12.1,0.00425930229745547
NAF1,0.0042592567727948345
FAM26E,0.0042590081820169535
RP11-219A15.4,0.00425897279466218
RNA5SP218,0.004258786994949037
UBE2T,0.00425841210739237
FLJ37035,0.0042580823595641665
RP11-57H12.5,0.004257907138036692
KIAA1462,0.004257648908666354
CTD-3199J23.6,0.004257034997653793
MYOG,0.004256636194158265
AC091654.7,0.004256491643712551
RNU6-208P,0.004256226021026719
RP11-378G13.2,0.0042559592519740355
GREM2,0.004255923817502329
AASDHPPT,0.004255532077033168
RP11-848P1.9,0.004255248373288488
CYP4F60P,0.004255213878160924
SYT11,0.004255066209749872
RP4-680D5.2,0.004254667868629303
CTC-479C5.10,0.0042543538105406994
RP4-803J11.2,0.004253363210264231
DBH,0.004252991007959606
TSPOAP1-AS1,0.004252537837939431
RP11-563D10.1,0.004251694555379427
TMEM86B,0.0042500709469450206
HTRA4,0.004250056537858156
SNHG25,0.004249932591976861
AC007568.1,0.004249775512068632
RN7SL558P,0.004249315523530179
AC091153.4,0.0042489125424246856
RP11-119F7.5,0.004248733192981989
RP11-596C23.2,0.004248696049831484
SPDYE19P,0.0042483602476922405
LA16c-360H6.1,0.004248210770324245
CFL1P3,0.004247449082749667
LINGO2,0.0042472048964321265
RP11-420N3.3,0.004246616351854349
RP11-149P24.1,0.004246582342444368
RRS1,0.004246161707140396
RP11-82L20.1,0.004246108554903567
AC131263.1,0.004245730679783559
BCAR1P2,0.0042457242275900815
LINC00298,0.0042455961982041405
RP5-915N17.11,0.0042446558915217696
TRHR,0.004244298957130489
RP11-12D24.6,0.004243182062260273
RP11-104N10.2,0.004242492093866416
CTD-2192J16.22,0.004241503239724443
RP11-204C16.4,0.00424087481392503
RP11-876N24.3,0.004240587076581281
AC007879.3,0.004240210948915378
RP11-278A23.1,0.0042399832600626365
ARHGEF7-AS1,0.004239892058721775
RP11-795F19.1,0.004239690680401126
AC090952.5,0.004239289284347128
RP11-21K12.2,0.00423863438679446
IGLVIVOR22-1,0.004237969025500276
BCAS2P2,0.004237879793306119
RP11-54O7.3,0.004237753641498454
RP11-1C8.6,0.0042374701576204845
RNA5SP152,0.0042372845875129446
PSMA2P1,0.004236878362733576
NKPD1,0.0042368029591924065
RP11-114G22.1,0.004236007564994867
AC004549.6,0.0042358144108655205
RP11-144A16.8,0.004235621793455044
SRRM2-AS1,0.004235173067838675
RP11-146N23.1,0.004233961532441748
ZNF876P,0.004233706109703887
RP11-178F10.1,0.004233142843901001
HK2P1,0.00423244510119466
U3,0.004232270210069667
KCTD13,0.0042316831027389675
SLC41A2,0.004231408644682173
RP11-283G6.4,0.004231285322679605
RNVU1-2,0.004230782553529422
TICAM2,0.0042306001900393655
ARHGEF26-AS1,0.004229702963390861
LINC00437,0.004229601609477181
RP11-458D21.1,0.00422942979787906
RN7SL452P,0.004228067343988455
RP11-271M24.2,0.004227791069678097
TAS2R1,0.004227534095214728
DNAJB11,0.004227142956526075
SYCE3,0.004226933256939799
RP11-687F6.5,0.004226920716458147
IL12B,0.0042265003561735934
BIRC2,0.004226412395257217
RP11-390F4.3,0.004225913737524101
RP11-209D14.4,0.0042256880948982126
MIR3911,0.004224526113461946
CCDC74BP1,0.004223284742636757
SLC25A1,0.004223143144225702
MAGOHB,0.004221678611060091
AC034228.3,0.0042215155104846
FRK,0.004221144596260246
RNA5SP237,0.004220455553710916
Vax2os1_3,0.004220272100201809
PRR22,0.004220134115953936
RP11-12G12.7,0.0042191977568031575
CTC-260E6.6,0.004219188760147083
RP3-339A18.6,0.004218714627686052
RPL12P21,0.004218461284597583
LINC01138,0.004217907102326677
RP11-778J16.2,0.004217793244459489
A2MP1,0.004217670590874475
MIF-AS1,0.004217623908014424
AL157902.3,0.004217261126208514
DDX23,0.004216758993799241
HNRNPKP3,0.004216112807573855
MAPKAPK3,0.004215689688598362
PHF13,0.004215264549779031
NIFKP4,0.004215257226374975
WEE2-AS1,0.004215189450808787
EIF3KP2,0.004215127035629946
AC004453.8,0.004214882643584597
RP11-83B20.9,0.0042143688258171556
SNORD14A,0.004214089871698716
HNRNPA1P25,0.004213695253105356
GVINP2,0.004212771023267886
RP11-430H10.2,0.0042124986932809945
RP11-258F1.2,0.004212222939620558
RPL7P32,0.004212167389500952
RP11-536G4.2,0.004212120865490849
FAM209B,0.004212030297476173
AP000487.5,0.004211457586930535
UCKL1-AS1,0.004211275314211093
RPL36AP41,0.004210810443275474
AC107983.4,0.004210027155656279
Metazoa_SRP,0.0042094858554618895
PGM5P3-AS1,0.004209414762596831
RNU6-1174P,0.0042091796680389084
AQP4-AS1,0.0042090256928681334
RP11-536L3.4,0.0042086457765060925
LINC01543,0.004208576706260053
RP11-634B7.4,0.004207804120460282
RPS6KA2-AS1,0.004207706211219418
SMAD7,0.004206925323972387
RP11-71E19.1,0.004206266783187741
DUSP1,0.004205645131798963
RP11-211A18.2,0.00420545140515755
RP11-582J16.4,0.004205266966227353
OR7E22P,0.004204543919359858
RP4-742C19.12,0.004204059524527288
RP11-579O24.1,0.0042039786148019495
RP11-37C7.3,0.00420355557958491
KCTD9P5,0.004203308328872526
RP11-807H22.5,0.004202905113963015
RP11-334G22.1,0.004202757159995566
RP11-580P21.1,0.0042026352910523755
HIST1H3H,0.004202087395245229
RP11-181C3.1,0.004201459179458698
RP11-404F10.2,0.004201012897126045
RP13-638C3.3,0.00420091673391334
AP001625.5,0.004200836476779423
RP11-430B1.1,0.00420043161138396
RP1-41C23.1,0.004199292186812318
TRMT61B,0.004199181508343416
RPL23AP15,0.004198224940893563
RP11-445N20.2,0.004198066652654691
SNORD12C,0.004196746471801246
RP11-24M17.3,0.004196615986484774
RPL26P19,0.004195144617192875
PPP1R8P1,0.004194433531189109
IKBKGP1,0.004193725698211588
ANTXRL,0.004193577249077992
MRPS17P1,0.004193546923150551
AC231657.1,0.004192122851513703
RP1-137D17.1,0.004191711000098635
LINC01516,0.004191173645258883
RP1-145M24.1,0.004191166395416197
HSD17B14,0.004190820766349407
CFL1P8,0.00419055940630246
RP4-536B24.3,0.004190550081017239
TRMT10B,0.00419049226939398
UBE4A,0.004190279883382726
SIRT4,0.004189567576170586
RP5-991G20.6,0.004189219779671349
CTD-2231E14.8,0.004188864179335917
AC007193.6,0.004188179136411911
CTC-232P5.3,0.004188006070991374
KB-1254G8.1,0.004187861670161427
HES4,0.0041873035474734146
LA16c-380H5.6,0.004187295028916808
LINC01222,0.004187149044176884
ZNF747,0.004187021969640403
ZNF790,0.004186965500302157
EMP1,0.0041868592416397735
COLEC10,0.004185784184674606
MIR5582,0.0041856351169968
MSRB1P1,0.004185387624711894
CSTB,0.004184845005722315
RP11-371E8.4,0.004184505705779735
BLM,0.004184393720357736
PLA2G4D,0.004183820834862545
AP000770.1,0.004183218683410612
EXOC5P1,0.004182512275762697
C15orf61,0.0041823740545993224
RP11-55K22.2,0.004181781077956187
NSUN3,0.004181734601929781
Y_RNA,0.00418154007268421
XKRX,0.004181530791820183
PEG10,0.004180530239875264
AC138647.1,0.0041792740544092126
CARD11,0.0041789710888649025
BRICD5,0.004178303804320681
AC104654.2,0.004178298849684829
RP11-212E4.1,0.004178173164526735
ZDHHC20-IT1,0.004177414912623138
HNRNPH1P1,0.00417741139606423
PMVK,0.004176044074337021
RP11-203M5.7,0.004175421856479249
LINC00704,0.004174993247777371
KLF3P1,0.004174570890475692
ABCA9-AS1,0.004174246687503267
TATDN2P3,0.004174235107129806
WDR5,0.0041741678355833095
EEF1A2,0.004174111078690951
RP1-130G2.1,0.004173877639110438
AC026954.6,0.004173863174569022
FPR1,0.004173622891838162
RP11-144G7.2,0.00417313210973461
RP11-182L21.6,0.004172954818622565
ZNF582-AS1,0.00417256501596614
RP11-195M16.3,0.0041725123105545905
RP11-330O11.3,0.004172412598630759
PLPP2,0.004172102687059911
ETAA1,0.004171213295294359
TEKT4,0.004171156791423907
TMEM167A,0.004170202681153479
RP11-1078H9.1,0.004169401876543705
RP13-150K15.1,0.004168842321103468
CTD-2353F22.2,0.004167916206370984
MTMR9LP,0.0041678741424227925
AC027612.4,0.004167612759072879
RP11-273G15.2,0.004167228056380674
CTC-304I17.2,0.0041671135826530075
CTD-2383I20.1,0.004167017124113341
RPP25L,0.004166693140574841
RP11-453E17.4,0.004165958646538152
TMEM263,0.004165883029981237
CICP9,0.00416574866951481
AMN,0.004165569015894737
RP11-281P23.2,0.004165292312918922
RPS3AP40,0.004164163435865052
LRRC37A15P,0.004163991254489153
MIR151B,0.004162214976422713
RP11-68I3.11,0.004161356717741683
RP11-240G22.1,0.004161333450245109
LTA4H,0.004161307643970197
RP11-9M16.2,0.004159995263167842
RP11-440K22.1,0.0041593552333392845
RP11-313M3.1,0.004158492596848483
PTCHD3P2,0.004157910863730096
ADCK2,0.004157886666575554
RP11-235C23.6,0.0041575582800549675
PMF1-BGLAP,0.004156828164195292
RPS13P2,0.004156577057495048
RP11-572F4.1,0.004156426354819445
ISPD,0.004154889911526739
C9orf129,0.004154043515277594
CTA-221G9.7,0.004153711036878514
RPL36AP39,0.004153588121328704
MTATP6P11,0.004153358167920567
AC079612.1,0.004153135811739391
RP11-42O15.3,0.00415281448853968
AC083899.3,0.004152733720819244
RP11-445N20.3,0.004152469528269924
CTD-2027I19.3,0.004152049395299064
RN7SL854P,0.004151433050907855
HTT,0.004151375126954716
RP11-224O19.5,0.004151265680264744
AATBC,0.004151061772099946
CYBA,0.004150973888460433
RP11-468E2.4,0.004150902865326448
RP11-230G5.2,0.004150840858561062
BLVRA,0.004150569056554594
RP11-930P14.1,0.004149958938972029
RP11-197N18.8,0.004149903610267164
RNA5SP442,0.0041497517133936975
SNORD116-12,0.004149232292142845
CYB561A3,0.004148246698675733
RP5-834N19.1,0.004148114647687308
STRCP1,0.004147572779040789
NAP1L1P3,0.004146172262821343
RP11-116O18.3,0.004145287391722288
CTB-12O2.1,0.004145195624271627
FTLP1,0.0041446343805012385
CCDC13,0.004143777545559143
SDHDP6,0.004143351165755527
RP11-516C1.1,0.004142978952930571
CTD-2538A21.1,0.004142852836756169
TMEM120A,0.004142738570204705
MSTO2P,0.004141960259929808
COX6A1P2,0.004141834967467807
FAM127B,0.0041413932204907265
RP11-2C24.3,0.00414135513830248
MORF4,0.004141288659859245
RAD23BP1,0.004141124638089706
RP11-572C15.5,0.004141058737991045
C11orf42,0.0041408302239774285
PTGES3P4,0.004140138688679239
BMS1P22,0.004139853702194318
SPX,0.004139345618709331
RP11-83A24.2,0.004139192165896136
RP11-598P20.3,0.004139088194979131
RP11-15A1.2,0.004138806725989073
ACER2,0.004138512601783226
ACTG1P20,0.004138471254565882
RP11-589F5.4,0.004137907244117868
SUMO2P17,0.004137601926770104
RP11-333O1.1,0.004137505286304066
RP3-412A9.16,0.004136817150205048
HSPA8P5,0.004136719737869022
CTB-43E15.2,0.00413632656909453
HECW2,0.00413630098070531
RP3-337O18.9,0.004135786959023092
RP11-484K9.4,0.00413490701755935
MLLT6,0.004134827785605322
SMARCE1P5,0.004134641799689493
CTD-2562J15.4,0.004134315698163582
AL022393.9,0.004133985868561505
RGS21,0.004133687902628513
AC003075.4,0.004133602188473977
CTA-246H3.12,0.004133062664757816
RP11-17J14.2,0.004132339713637149
FAM81B,0.004132266048567214
RP11-15I11.2,0.004132121204886743
CD4,0.004131960648374301
RN7SL329P,0.004131279648084854
ATF4P4,0.004130842300687507
SPTBN5,0.004130648427424348
RP11-212F11.1,0.004130389614982432
FAM90A10P,0.004129892057141693
RP4-791M13.3,0.004127806448164618
FDPSP3,0.004127513121468908
TCEB1P28,0.004127332576730758
DYNLL1P1,0.00412732391034627
RN7SL45P,0.004127264263581492
CELSR3-AS1,0.004126427559226461
CTD-2528L19.4,0.004125832660577176
RP1-159M24.1,0.004125602349647411
RP11-439E19.7,0.004125309629485003
RP11-434H14.1,0.004125234536080356
RP11-1084E5.1,0.004124501116189614
PCDHGB6,0.004123845717767764
RP11-40E6.1,0.004123660259305935
CTD-2620I22.2,0.004123617095405579
RP11-12M5.4,0.004123600718287864
TRGV4,0.0041234768650024135
RP11-690I21.1,0.00412331192608394
RP11-277J6.2,0.004123239948184685
RP11-677N16.1,0.004123116401100905
RP11-455J20.3,0.0041229678377734304
PLEKHM1P1,0.004122437071403124
LANCL1-AS1,0.004122305126105069
WNT6,0.004122139299820002
IFITM5,0.004122056656230921
AC009312.1,0.004121942474976242
U1,0.004121555636392478
FAM69B,0.0041214519159273495
TRIB1,0.004121246604675348
RP11-849N15.1,0.004121213500557887
RPL10P1,0.004120988751470032
RPL7P14,0.0041208923708331985
STX18-AS1,0.004120813037423784
IPO9-AS1,0.004120478627499251
CTD-2135D7.4,0.004120324055710638
RP11-66B24.7,0.004120309873870719
RP11-367B6.2,0.00412015272982649
RBBP4P2,0.0041199239045791765
RP11-114F10.2,0.004119890155094068
RP11-680F8.1,0.004119584701722137
RPL24P7,0.004119080459883749
AC006116.20,0.004118910498490157
MAP3K8,0.004118621120107802
SNORD67,0.004118312247864477
RPL13AP19,0.00411829732847821
RP11-303G3.6,0.004118180934565418
VTI1BP3,0.004118036036691473
PRRT4,0.004117588373001795
RP11-560A15.3,0.004117466908152892
TIMM50,0.004117254819990458
RP11-155D18.13,0.004115941142102672
LINC01149,0.004115241924334588
RP5-1091N2.9,0.004115070036232456
MIR4645,0.0041146276396812915
RN7SL172P,0.004114484485935576
RPS26P4,0.004113800524100374
MYL4,0.004113722010811387
RPL12P32,0.004113175345746145
AP001331.1,0.004112487441457874
CTD-3203P2.1,0.004111438727728304
RP11-371I20.2,0.004110318725865069
OR9Q1,0.0041096988474281825
RP1-292B18.1,0.004109534481350415
RN7SL121P,0.004108800784005144
CHRAC1,0.004108506547681055
TXNDC12-AS1,0.004108466006034076
CTA-363E19.2,0.004108452523162596
CCAT1,0.004107148650774784
RP11-464F9.1,0.004106839457510214
RN7SL316P,0.0041068131530126875
RP11-93H24.3,0.004105725237015257
FFAR3,0.00410394054464958
RP11-214K3.24,0.004103709779802265
XIRP1,0.004103422171825805
RP11-267M23.4,0.004102891844379456
CTA-392C11.1,0.004101917017216662
AP000997.3,0.004101211629524308
RP11-398H6.1,0.00410049759624947
TAS2R31,0.004100169172894264
CTSF,0.004099989599857312
PAQR7,0.00409998320212752
RP11-867G23.1,0.0040990073814668295
PGAM1P7,0.004098981828793019
DLG3-AS1,0.004097894311473803
PCDHGB2,0.004097741651874291
FAM155B,0.004097663337527769
RP3-395M20.12,0.004097462436110398
RP5-966M1.4,0.0040970673169516275
RP11-428J1.5,0.004096495352604643
ST13P11,0.004096356150359712
COMMD5,0.0040961975632186195
RNU6-534P,0.004095799697366634
TRBV7-1,0.0040953986273521035
CTD-2162K18.3,0.004094511639324041
RP11-59H7.3,0.004093611853917404
IL1RAPL1,0.004093329496645403
OTP,0.004091972623384025
RP5-1029F21.2,0.004091872804676656
GTF2H2B,0.004091702741129248
RP1-161P9.5,0.004091619986044555
RP11-366M4.11,0.0040907713041517186
KIAA1257,0.004089998732384987
AC092384.1,0.004089452543846659
RP11-680H20.2,0.004088211927835546
RP11-406H4.1,0.004086354301409592
RP11-193H5.1,0.004086217596766953
RP11-849F2.9,0.004086122334684288
ST7-AS1,0.0040855396956537785
POLR2J4,0.004085364189260309
ANGPTL6,0.0040853619060329345
DDAH2,0.004084621406963103
AL137860.1,0.004084302808766181
RAC1P5,0.004084082534774224
PPATP1,0.004083985462482359
OR7E13P,0.004083847245658341
EXOC3L4,0.004083367572134678
RP5-933K21.2,0.00408325990936673
RP11-448P19.1,0.004082772335276326
RP11-831A10.1,0.004082619178737625
EEF1A1P21,0.004082276748698726
SDE2,0.004081849484513794
AC092675.3,0.004080450611994004
RP11-510I6.2,0.004080180800489449
SSBP1,0.004079895319726254
RP11-498P14.3,0.004079698892801252
RP11-461F16.3,0.004079321919486315
AC005614.3,0.004078884426782872
RP11-114H24.2,0.004078119863219026
RP11-325L12.5,0.004078036432856703
RNU6-964P,0.004077255292561097
SHANK2-AS2,0.004075913385877993
RP11-713P17.5,0.004075310125118289
RP11-486O13.2,0.004075274992444414
RP11-10N23.5,0.004074992919862767
RP11-807E13.2,0.004074796666903208
PSENEN,0.004074725266582974
RP11-527H14.4,0.004074469941378102
RPL7P1,0.004074051100110393
MIR4270,0.004073292598824816
RP11-298I3.1,0.00407279617891998
ODCP,0.0040722419471688805
NOTCH3,0.004071883023410266
OR9S24P,0.004071245353709765
RP11-212I21.4,0.004071085743686802
RBM17P4,0.004070800264415183
RPL5P30,0.004070652276482315
MIR3653,0.0040706067584278275
RP11-51L5.5,0.004070556731691537
EGFL8,0.004069368100606748
RP11-543P15.3,0.004069304904616935
AC009237.8,0.0040686702862004825
HMGB1P29,0.004068272159668633
CFAP58-AS1,0.004068036558068911
ZNF569,0.004067844145054021
TRBV10-3,0.004067378502549921
U3,0.0040662433668787815
MARCH4,0.004066238800193859
AC005357.1,0.004064029624513205
RP11-562A8.5,0.004063561384903252
RP3-425C14.5,0.004063117639596252
PCDHB1,0.00406298334961582
RN7SL789P,0.004062557927521568
PABPC3,0.004062151434036814
AC144652.1,0.004061488014077658
RP11-328J14.1,0.004061329311595864
CTD-2532K18.2,0.004061144449617429
RP11-145P16.3,0.004061003080859257
RP11-173B14.4,0.0040605207219375225
RP11-410N8.1,0.004059944957054497
UMODL1-AS1,0.0040598118864186294
RP5-940F7.2,0.0040590671053221655
RP11-20G13.5,0.004059028802886873
RPL18P10,0.004058234750252449
NOTCH2NL,0.004058207308173722
MMRN1,0.004057949375548861
RP11-218I7.2,0.00405758291745827
RP11-654D12.2,0.004057474317746464
RP11-10N16.2,0.004057364227890226
ZBTB2,0.004056984877994635
RP11-133M8.3,0.004056610840094938
HP09025,0.004056380012971416
BCRP7,0.004056124469935227
PLEKHF1,0.004056008777372146
RP11-81A22.5,0.004055861694623268
RN7SKP160,0.004054541619021705
VN1R71P,0.0040544083487733746
RPL21P116,0.0040539867436814375
MAPRE1P1,0.004053902825367266
RP11-234O6.2,0.004053543521884356
PMS2P7,0.004053458609744576
CTD-2587H24.10,0.004053270229123297
bP-2189O9.2,0.004053037645635148
NDUFA9P1,0.004052369548111668
C2orf82,0.004052085715580019
RP11-114H24.4,0.004052047056261962
AC064836.3,0.004051560887475229
SRP14,0.0040512741900144205
RPLP1P6,0.004051256066900321
KLRG2,0.004051069471648712
RARRES2P1,0.004050837688209524
RAG1,0.0040505057322844885
BNIP3P40,0.004050490693634383
RP11-403I13.8,0.004050370303516048
RP11-91P24.1,0.004050024527228764
RP11-395N21.2,0.004049333374167066
HNRNPA1P26,0.004049040528282331
ACSS3,0.0040486411421465545
RP13-279N23.2,0.004048575461438647
RP11-690D19.1,0.0040476306818412995
CTD-2033A16.3,0.004047201978823596
NAP1L2,0.004047058605386953
LRRC2-AS1,0.004046908133597094
RP11-613D13.5,0.004046898365243388
RP11-187A9.3,0.004046869307486514
AP000692.10,0.004046787532064957
BAG5,0.004046297867073257
RNU6-595P,0.0040456594497359066
CTD-2349P21.10,0.0040448922009551
RP11-661A12.8,0.004044620857269994
RP11-359D14.3,0.004044493754113233
RP11-224O19.4,0.004044207152954493
CTB-134H23.3,0.004043957455174439
RAB30-AS1,0.004043950785492333
CES5AP1,0.004043214233341824
TRGJP1,0.0040430764881618075
RP11-295K3.1,0.004042970533573628
RP11-30G8.1,0.00404276246266392
RP1-225E12.3,0.0040425748055923855
RNU7-40P,0.004041636369367157
RP11-875O11.3,0.004041347530327977
OXSR1,0.004041299036925421
AC026271.5,0.004039921185325284
AC079790.2,0.004039374066158736
SH3GL1P1,0.004039053016552426
SRSF12,0.004039042804445682
BOD1,0.004038845695782895
PCED1B-AS1,0.004038746854723967
RP11-290M5.4,0.004038590141776894
RP11-296O14.1,0.004038429175510995
RP3-477O4.5,0.0040381410412385355
AC008746.3,0.004037369237481396
RP11-441O15.3,0.004036971853831253
RGMB-AS1,0.0040369642580585716
KB-1742H10.3,0.004036895007194947
SAPCD1,0.0040368828585554215
BMS1P10,0.004036811928658305
CTD-2291D10.4,0.004036789401372836
SNAP23,0.004035938542955212
LL22NC03-80A10.11,0.004035636216633733
RP11-307B6.3,0.004035325116387408
RP11-83B20.4,0.004031807311917117
TRIAP1,0.004031589992756057
CCDC65,0.004031403889202626
RP1-153G14.4,0.004031245451897808
ATP6V1F,0.0040310452821198306
RP11-2E11.9,0.0040309482612007055
SEPT7P3,0.004030643413146469
RP11-382N13.3,0.004030107981334748
RNU6-722P,0.004029571768094921
NAP1L1P1,0.004029478394438316
RP11-1348G14.5,0.0040290472240188556
RP11-256I23.1,0.004028481664912257
RP11-876N24.5,0.004028374684642236
SDAD1P2,0.004028099837791595
CTD-2012B7.1,0.004027971667034146
FAM167A-AS1,0.004027578520646962
CAMLG,0.0040267149966703554
HNRNPCP2,0.004026523081013964
AC008074.4,0.004026235993039674
PCDHB19P,0.004026147151415484
RP5-1063M23.3,0.004025997918168422
AF121897.4,0.004025237064140906
RP11-510M2.1,0.004023888985105947
CDC42P1,0.004023380886637419
CTD-2621I17.6,0.004023214445686159
RP11-447H19.4,0.00402283866365351
AZGP1P2,0.0040222157326636025
RNU7-170P,0.004021087427240639
GAPDHP15,0.004020901659899352
SNORA64,0.004020254463688028
YWHABP1,0.004020069205436595
RNU6ATAC10P,0.004019792211424143
RP11-30L15.4,0.004019552412480872
AC112229.1,0.004019305008837573
NUTF2P2,0.0040192151308170625
RP11-408A13.4,0.00401912822891368
RASL12,0.004018713547808955
RP11-406A9.2,0.004018563380195349
XXcos-LUCA11.5,0.0040174050558291294
RP5-1057J7.1,0.004016862525502853
APOBEC4,0.004016262657227383
U1,0.004016141324110416
RP11-168F9.2,0.004015592675348236
PZP,0.004015253566864249
HNRNPA1P16,0.004015166713037097
RP11-756J15.2,0.004015069321147315
CA3-AS1,0.004014716530861492
RP11-6F2.5,0.004014548258229712
LINC00674,0.0040144189723862606
RP11-267N12.2,0.004014020126364978
RP11-324I22.2,0.004013923551178503
ASS1P12,0.0040135484247466185
PPP1R11P1,0.004012681748888057
MTND2P40,0.004012308379796903
RP11-512F24.1,0.004011695488029034
VIPR1-AS1,0.004010682388062799
RP11-57J16.1,0.00400996973698767
CRCP,0.00400951995079897
RP11-478C6.5,0.004009141988696595
RP11-263K4.5,0.00400910068491741
MIR6797,0.004008251742422758
C1DP1,0.00400806361134125
LINC01555,0.004007877171378554
RP11-359J14.2,0.004007511119061954
SRD5A3,0.004007428412437038
DLGAP2-AS1,0.0040067294360611435
SKOR1,0.0040062542904753225
ADSS,0.004005093839132055
RP4-724E16.2,0.004004880185644268
CLVS1,0.004003915803210397
TBC1D12,0.0040038898794001075
TMEM129,0.004003712536148897
CD1D,0.004003697492245908
RPL36AP51,0.004003265711048896
RP11-503N18.5,0.004003065749430942
AC139099.7,0.004003006538851691
RP11-184M15.1,0.004002925308292513
WARS2-IT1,0.004002804911573774
AC008427.2,0.004002681928318721
C11orf84,0.0040021941851629194
RNU6-834P,0.004001820540254196
INSL5,0.004001317162577873
MRPL51,0.004001087406404522
Metazoa_SRP,0.00400034737414152
KCTD4,0.0040001143356414165
AC079325.6,0.003999719828896476
PUDPP2,0.003999718973901145
RAB7B,0.003998965162540679
VN1R80P,0.003998373019024464
ZNF71,0.003998010210513064
TMCC3,0.003997622864903173
SOS1-IT1,0.003997431914246583
KRT8P30,0.003997368502505349
RP11-123K3.4,0.0039967620112350355
HOXA10,0.003996327687852411
IGLVI-38,0.003996069166914134
RP11-390E23.6,0.003995964266998514
MIR4292,0.003995748771392721
AC016292.3,0.003995484885123587
SOX3,0.003995152865315578
PLD6,0.003995011179219268
RPS27AP19,0.0039949900907247215
OR51B5,0.00399498529622345
DUX4L50,0.003994805726550351
RP11-809H16.3,0.003994788174556729
RP3-395M20.8,0.00399470150132672
RP11-461L13.4,0.003994129798343176
RP11-622C24.2,0.0039934342773825645
RP11-12J10.3,0.003991950061950698
RP11-49I11.1,0.003991302215558971
LINC00379,0.003991076053408492
FAM133CP,0.0039903509351340285
C6orf226,0.003989716989255463
EXOSC6,0.003989118194891765
NRBF2P3,0.003988542479369031
RP4-620E11.4,0.003988534879714764
STX11,0.003988248707851364
LRP10,0.003988183510553416
RP11-463O9.9,0.0039879339217482965
ABHD3,0.003987763572824288
RN7SL76P,0.00398693551858899
RN7SL608P,0.003986882234145466
RP11-517C16.2,0.003986652805610337
RP11-357N13.1,0.003986105174392756
RP11-3G21.1,0.003985817067912108
RPS29P16,0.003985303371246228
GMIP,0.003984425659942579
AC139100.3,0.003982796591620555
RN7SL395P,0.003982612233824046
RP11-739G5.1,0.003982130490296354
RP11-53B2.6,0.003981757168000917
CTD-2666L21.1,0.003981300400879433
AC093627.12,0.003981169935405111
FGD1,0.003980633701894974
LINC00284,0.00398036588414818
COX5AP2,0.003979464145510447
DDX10P2,0.003978955708612642
CTD-2026K11.6,0.003978435435822388
RP11-717K11.2,0.003978426336729318
RP11-544L8__B.4,0.003978413124007072
CTC-366B18.4,0.0039781524065569136
TEX19,0.003978079711600603
SLC25A5P1,0.0039778909088225515
EMG1,0.003977104161042872
TM4SF20,0.00397700541598593
HNRNPA0,0.0039768449026251545
Y_RNA,0.003976797469618656
RP3-326L13.2,0.003976733738974282
KLF16,0.003976123568292483
AP000654.5,0.003975522564742061
RP11-474I11.7,0.003975518104032652
OSTCP1,0.003975323245908738
RPL9P33,0.003974512639225037
RP11-407P18.1,0.0039738404033756065
RP1-292L20.3,0.003972825477790195
RP6-127F18.2,0.0039724877544130704
LDOC1,0.003971804836418895
RP11-567P19.1,0.003971006322087942
ATP5F1,0.003970779562216887
RP11-272L14.2,0.003970127952806549
RPL7P12,0.003969683478041388
CTD-2631K10.1,0.003969523424461186
KB-1460A1.3,0.0039688887195240205
RP11-649A18.5,0.003967864265098175
MTND2P5,0.003967478667152833
AP000593.5,0.003967467286517293
RP11-903H12.3,0.003967356647207307
SHC3,0.003966948693165608
RP11-642A1.1,0.003966864830259087
ACTG1P9,0.003966754525776669
RAMP2-AS1,0.003966661940049246
LINC00961,0.0039656059952065375
RP11-292D4.4,0.003965313126770027
RP11-196G11.1,0.003964620378516227
RFPL4AP6,0.0039641756294090304
MINOS1P3,0.003963846652651372
RP5-1182A14.5,0.003963384105844305
CLEC4F,0.003962632621406352
ADAM21P1,0.003962490724253951
Y_RNA,0.003962443943710919
RP11-629G13.1,0.003962337251827158
MIR6784,0.003961474236151644
RP11-137N23.1,0.0039613514545149145
RP11-486O13.4,0.003960978728241467
HLA-E,0.003960917663557691
CTA-363E6.6,0.003960696415769675
RP11-649E7.8,0.003960590800365511
AC097359.2,0.0039601327453152235
CTD-2231E14.5,0.003959721916722601
CTB-147N14.6,0.0039596453395656225
RP11-395N3.1,0.0039587409150852034
AL450992.2,0.003957394562550678
GAPDHP55,0.003957255057466208
RP11-505K9.4,0.003957234459820117
RPL7P15,0.003957211223794403
PIGCP1,0.003957156646667361
RP11-421F16.3,0.0039561952424890315
CTC-360G5.8,0.003955731476049611
CCSAP,0.003955444265268151
GSTT2B,0.003955234187112164
SOX17,0.003955172924566817
RP11-421L21.2,0.00395513752746557
LINC00390,0.003955051900352827
SNORA4,0.003954773144313146
RP11-480C22.1,0.003954409187666881
RP11-689J19.1,0.0039542653375148696
TAS2R18,0.003954263115019919
RPL7AP50,0.003954153246424599
SNORD121B,0.00395367992211803
RN7SL309P,0.00395353086835891
CTD-2126E3.4,0.003953477025425072
RP11-379K17.4,0.0039530943026961285
FOXI3,0.003952927240043461
ZNF705E,0.00395242746829364
RP11-386G11.8,0.003952415583825611
RP11-399K21.10,0.003952366528743005
MTCO1P15,0.003951904868841625
CTD-2195M15.1,0.0039516507527842665
RPL7P13,0.003951592934239448
NANOGP5,0.003950257351247626
KCTD9P1,0.0039498676717855015
CTD-3035K23.6,0.003948759600988742
RNA5SP467,0.003947266971559843
RN7SL263P,0.003946978887263303
OVCH1-AS1,0.003946892879215408
CTD-2619J13.19,0.003946745750893995
RP11-181K12.2,0.003946151605871512
KPNA2,0.003945816704559807
CTA-292E10.7,0.003945218065737576
RP11-466G12.2,0.0039443070504380584
RP3-368A4.5,0.003944162226785355
LDHAP2,0.003942415254014591
RP11-402J7.2,0.003942090187327627
AC016734.1,0.003941084622816394
RN7SL648P,0.003940765465955291
AC069257.8,0.003940665181891804
RP5-906A24.1,0.003940332826148519
AC098872.3,0.003939854634057596
MPHOSPH6,0.003939488230422548
RP11-520H14.1,0.003939200788451475
AC006116.14,0.003939083078777998
RP11-531F16.3,0.003939041194367385
ACTG1P11,0.003937060256942476
RPL13AP25,0.00393692809364959
CTD-2215E18.1,0.003936336337603389
VSX2,0.003935689935837279
RP11-524P6.1,0.003935263202516891
SLC38A11,0.003935223839577997
LINC01567,0.003934617376500971
MRGBP,0.003934061484899763
RP11-710E1.2,0.0039340217029714885
PSAT1P1,0.003933964666033541
GNL3LP1,0.003933559679201125
RP11-956A19.1,0.003933354877315252
ZNF503-AS1,0.0039317341333462656
C10orf95,0.003931686414711455
ANKRD26P1,0.0039315232887275715
bP-2171C21.5,0.003931501510499025
C9orf62,0.003931356748205183
RPS2P48,0.003930490081150104
NAV2-AS5,0.00393022884201158
TMED10P2,0.003930203385169096
PGAM1,0.003929677740162584
RP11-571F15.3,0.003929603245964893
HCN2,0.003929225004458246
NCOR1P2,0.003929181046962311
CTD-2189E23.1,0.003929045608538123
OR2S1P,0.00392900884839356
RP1-101A2.1,0.0039289784389201325
TRAF3IP2-AS1,0.003928629830694324
RP11-552E20.4,0.003928539446351562
RP11-321N4.4,0.003928155947681835
CCDC102A,0.00392804031691661
AC004112.4,0.003927963891605885
RP11-395L14.3,0.00392753680434706
CHUK,0.0039264506692956655
CCDC61,0.00392637368744027
AP000350.5,0.003925690250325978
GPX5,0.003925558015429048
RP11-543P15.1,0.003925412898130962
RP11-449D8.2,0.003925295763490401
CTD-2649C14.2,0.003925181971349615
UQCRB,0.003924969940466104
GUSBP3,0.0039248574083390435
ABCG2,0.003924601967164373
AC114763.1,0.0039241451565685485
RP11-1140I5.1,0.003923990680063263
FCGR2C,0.003923910096871565
SFT2D2,0.003923282257421196
RP11-312B8.2,0.003922925455332459
RP11-359M6.2,0.003922806414876745
RP11-981P6.1,0.003922219419744651
MIR374B,0.003921128306096911
RP1-111D6.3,0.0039210786643591525
RP11-286E11.1,0.003920909492031399
BTF3P13,0.003919436968993963
MRPL50,0.003919166779668708
RP11-793A3.2,0.003919141340485383
NRBF2P5,0.003918546775647453
RP3-347M6.2,0.003916371762969253
AC090154.1,0.003916261129065866
AC011816.1,0.003916151394718281
RP11-764I5.1,0.00391584135278284
RP11-96D1.7,0.003915831831240935
AC079250.1,0.003915713608087352
RP11-43A14.1,0.003915665979255392
RP11-476D10.1,0.0039156111817294946
CCT8P1,0.003915598707106471
RNU6-610P,0.003914053644166158
AP000442.4,0.003914025104529531
ARMC12,0.003913884012904474
CTC-459M5.1,0.00391388120000569
RPS8P10,0.003913562365354344
RPL26P35,0.003913495532265851
RP11-524D16__A.3,0.003913443162259373
CTD-2568P8.1,0.003913339829676596
FAM166A,0.0039131871650949475
CTD-2286N8.2,0.003912931576400715
CH507-513H4.1,0.003912608553596361
AC009158.1,0.003912474500994357
AC007383.6,0.0039118610129738425
U7,0.003911635559634831
ARFGEF3,0.0039113041877115885
CCNT2-AS1,0.003911238245105309
LAMP3,0.003911225101217028
RP11-565J7.1,0.003911169695928426
CTA-444M12.3,0.003911126114204833
EEF1GP3,0.0039107110611474125
KB-1683C8.1,0.003909900702406657
RPL27AP5,0.003909656798845675
TCEAL4P1,0.003909636823253693
RP11-476B1.1,0.003907496936451277
RPL5P6,0.003907409107316852
RP11-1134I14.8,0.0039073195372390885
AC096921.2,0.003906755212793328
RPL23AP20,0.003905877813470837
FLJ35934,0.003905707499170766
NUTM2HP,0.0039051209075806697
RP11-426C22.7,0.003904918313399223
AP000457.2,0.003904751446948275
RP11-387H17.4,0.0039043008848641094
RP11-295D4.3,0.0039040966823074776
RP13-131K19.6,0.003904081094884905
P2RX6P,0.0039032853355866876
SUMO2P4,0.003903161503324915
RP11-182J23.1,0.0039031069686225636
ANKRD20A2,0.0039029181638405306
PSMB9,0.0039028794816243395
RP5-875O13.7,0.0039024353978829307
AC087350.1,0.00390231567843875
RNU6-1035P,0.0039021241307673946
GPR75-ASB3,0.0039020833719205644
TMEM179,0.0039016773345035833
CCNA2,0.0039005481930424165
RP11-863P13.5,0.0039005106588425563
RP11-408H20.3,0.0039001014071915747
RP11-257O5.2,0.003900070424898774
MIR744,0.003900005791415887
RP11-54O7.10,0.0038998911439293857
CDRT4,0.0038997623010035404
CTC-339F2.2,0.0038994261019039142
RP11-881M11.4,0.003898432719369124
SNORD62B,0.0038983963295169434
CTC-513N18.7,0.0038976365497132917
MORF4L1P1,0.0038968292823796957
Y_RNA,0.0038965231989447143
CTD-2179L22.1,0.0038964287118789668
SLFN12L,0.003895833871418675
PGAM1P11,0.0038957164630411007
SNORA16,0.003895031515477283
CD27-AS1,0.0038949532702199437
CITF22-49D8.1,0.0038946146421727193
AC012358.4,0.003894601847260607
RP11-425L10.1,0.0038944997823993827
FOXD4L5,0.0038942514592624857
ST13P3,0.0038934981124761417
UBE2B,0.003893183038621908
UBE2Q1-AS1,0.003892728209143563
MIR8082,0.003892349422626239
ZNF322P1,0.0038920406182486656
CTD-3184A7.4,0.003891909027950402
TAF6L,0.0038912530131265835
RP11-486B10.3,0.0038911163126166613
RP11-333I13.1,0.0038910195918880042
RP11-419L20.2,0.0038906472884317513
AC010150.1,0.0038903641351080813
Y_RNA,0.003890078257456898
RP1-89D4.1,0.003888411424342281
RP1-111D6.4,0.003888410202362034
RP11-567L7.5,0.003888078353699859
FAM66A,0.0038880420407015
SKA1,0.0038877065252685386
SLC10A5,0.0038874041561768645
RP11-161H23.8,0.003887334796144286
AOC3,0.003887268522646066
AC135050.5,0.003886575975194
HNRNPKP1,0.0038860632551801586
CTB-147C22.8,0.0038860614475458495
CTC-454I21.4,0.0038854753765549957
CTB-51J22.1,0.003885424811565094
KRT18P15,0.003884979438212598
RPS4XP13,0.0038848337074624986
FEM1AP4,0.003884634953059756
RPSAP58,0.0038844430989567872
KANK2,0.003884433632268464
SLCO1C1,0.003883842108035339
MELTF-AS1,0.0038835880431862526
RP11-977G19.11,0.0038832755845566625
CTB-63M22.1,0.0038828307497371954
RP11-333J10.2,0.0038812928493129856
MFAP1P1,0.003881266027218843
RP11-365O16.6,0.0038810712316751507
RP11-568G11.4,0.003880903949136814
RP11-616M22.11,0.0038804399940525493
RP11-310P5.1,0.0038801123655715737
SCOC-AS1,0.0038800635609905682
RP1-140K8.5,0.003879810114549465
AC078899.3,0.0038796856970596772
RP11-10L12.4,0.0038796695799303777
ITLN2,0.0038794738664291806
AP003025.2,0.0038786174821412024
CTB-60B18.10,0.0038784194151696466
KCNE4,0.003878304054063073
RP11-570P14.1,0.0038781327827794553
RDH14,0.0038776921195270105
RP11-175B9.3,0.0038776828212380996
MIR6746,0.003877576345251856
CLDN25,0.0038762014548821347
VN1R38P,0.0038761377668195484
RP11-214O1.1,0.003875849368608914
KEL,0.0038757492774297384
RP11-278C7.3,0.003875315772219599
MAFG-AS1,0.0038752911784467174
AC001226.7,0.0038752799089356517
RP11-775B15.2,0.0038746928722907265
RP11-92C4.3,0.0038742359921334927
AC012363.13,0.0038738198260823364
RP11-81K2.1,0.003873685469037697
FAM118B,0.0038735980764059083
TMEM185B,0.0038723701422841107
CCDC105,0.0038717108669513813
MIR3154,0.00387137348756994
DYX1C1,0.0038708155353096847
DIRAS3,0.00387043289611848
MEX3B,0.003870382529433547
CH507-42P11.7,0.003869316444348855
RP11-74K11.2,0.003869219586098516
AC012513.6,0.0038690753135513754
MIR942,0.0038687758679368653
RP11-68E19.2,0.003868749864523753
RP4-584D14.7,0.0038677343909790996
RP11-96A15.1,0.003867204073851994
DMBX1,0.0038670824053259525
PABPC1P2,0.0038668826045107356
IAPP,0.003866132707155207
KB-1466C5.1,0.0038660754034123557
TXNDC16,0.0038648419450599343
RP11-45L9.1,0.0038638608679011084
EVPL,0.0038635731617661997
RP11-190A12.8,0.0038633646663997065
CTD-2007H13.3,0.0038632169634288355
CTD-2060C23.1,0.0038627867324557735
RP11-80H8.4,0.0038625286545048766
Y_RNA,0.0038620207112159567
RP11-907D1.3,0.003860956291836307
LHX2,0.0038608708626258724
RP11-1149O23.3,0.003860116293937508
MIR6722,0.003860107996038666
CH17-408M7.1,0.003860037298818535
CHD1,0.0038583718261616445
EMP3,0.0038566768710169784
DCAF16,0.0038557240405963614
RP5-1142A6.9,0.003855385618001532
RN7SL546P,0.0038544760503090576
LINC01551,0.003853882519913598
AC105402.3,0.003853422836154802
RN7SL333P,0.003853146760762927
AC093802.1,0.003853077077131617
AP000347.2,0.00385297681615955
GPAA1,0.003852975351933506
HLA-P,0.0038527316409793515
AC010982.2,0.0038525553109962202
TRIM26BP,0.0038523902092161026
SGTA,0.0038521398197356163
RP11-390K5.1,0.0038521243443685577
FAM8A1,0.003852091323072932
RP11-330M2.4,0.003850796890542365
RN7SL480P,0.0038506971239869576
GPR39,0.003850480765563253
Y_RNA,0.0038500958287642144
RN7SL801P,0.0038500645831444358
RP11-428J1.2,0.003850011176985471
AC022153.1,0.003849746898291566
RP11-386I8.4,0.003849590804671698
WBSCR27,0.0038491139113715715
SGF29,0.0038490271543194193
SLC35B3,0.0038490101279088644
HIST1H2BH,0.003848807779233515
CTB-129P6.4,0.0038484736489575494
RP11-17E2.2,0.003848385858179909
RP11-93O14.2,0.0038482832725250725
TMEM47,0.003848098359932747
UCN2,0.0038464215095431334
CTD-3126B10.2,0.003846413634203792
FAM72D,0.003846063871447391
CBX3P5,0.0038459951408144886
RN7SL556P,0.0038459145340272944
CTC-281M20.3,0.0038458909986476973
PCDHAC1,0.0038451851973848286
FSIP1,0.0038450844249200964
RP11-84A14.4,0.0038441999716416755
RP11-368M16.7,0.003843804031891541
RP11-290L1.3,0.0038437111713603513
AL590762.10,0.003843613468568629
CTD-2555O16.4,0.003843383763075318
MTCYBP18,0.003842170937610283
MIR7845,0.0038416289168485994
RP11-508N22.12,0.003841412572061737
ANAPC10P1,0.003841329055773614
RP11-66B24.1,0.003841241352831965
CTA-373H7.7,0.0038412012670639606
ZBED6CL,0.003840579517298949
RP11-71L14.4,0.0038396471837808567
RP11-423C15.3,0.003839532908288791
RP11-392O18.2,0.003839455018345223
OR13J1,0.0038387812070094516
GLIS2,0.00383875793538711
HNRNPA3P11,0.0038383600168299696
RP11-326E22.1,0.003838132697561095
MRAP2,0.003837161114534111
MIR6804,0.0038371032343367177
TMEM212,0.0038371024306878554
XK,0.003836960275885218
LAMC1,0.003836293579967938
GTF2IP14,0.003835298757985055
RP3-368A4.6,0.0038351361384088003
SUMO2P8,0.0038346269287619617
PLPP7,0.0038338255559469217
LINC00475,0.003833820245391503
AC010976.2,0.003833461494448007
CTD-2105E13.16,0.003832530143016408
RP1-111J24.1,0.003831826860926523
RNU1-131P,0.0038315803222602357
VDAC1P8,0.0038314306945325147
CTD-2035E11.4,0.003831257782771843
C19orf67,0.003830522588128606
RP1-40E16.9,0.003830167086636413
ITGA5,0.003830111788687263
AP000797.3,0.003829936511198159
PRPS1L1,0.0038279552054055234
CLCA2,0.0038278910164649045
CTD-2286N8.1,0.0038272681878207615
RP11-353N14.4,0.003826592489728346
MTCO1P7,0.003826335745409709
CCT5P2,0.0038262533809741775
YPEL4,0.0038255766549463786
SIGLEC9,0.0038244015019896797
TFAM,0.003824184662212054
RP11-63E5.1,0.0038238962291762277
CTD-2517O10.5,0.003823828156810581
RP4-781B1.5,0.003823662979064384
RP11-46O21.2,0.003823587643016425
ANKRD28,0.00382342574133191
ITGA2,0.0038232276253708565
RP11-9D8.1,0.0038228226818044675
DNAJC17,0.003821696094020494
CTD-2583A14.8,0.003821432089394473
Y_RNA,0.003821108154392089
RPL6P7,0.0038209628469198995
PYROXD2,0.003820778020406247
AC007395.3,0.0038203837369090335
RP11-331D5.2,0.0038199645980059975
KIAA1549,0.003818915876129427
RPS3AP15,0.0038185619129051454
MYL6B,0.0038181067060097723
RP5-1029K10.4,0.0038179445248657656
CACNA2D3-AS1,0.003817630120433901
AC009506.1,0.0038171644582829156
CTC-497E21.5,0.003817083106853156
CTD-2619J13.5,0.0038165966695131504
RP13-254B10.1,0.003815902457204854
VEGFC,0.0038149195293947944
SNORA11,0.003814776829124604
AC104532.3,0.003814294743684405
RAB9A,0.003814288717796585
CTC-232H10.1,0.0038140098624518995
RPA4,0.003813933815783875
CECR5-AS1,0.003813900141744391
RERG-AS1,0.00381376302924332
LINC00635,0.0038136487009164197
RP11-290F24.3,0.0038134171139972187
KRT18P23,0.003813255106311633
SLAMF9,0.0038131657445525033
ATP5J2-PTCD1,0.0038126817541815996
RP11-543N12.1,0.003812661025787592
TTC25,0.0038125310996743327
RP11-348F1.2,0.003812001345045188
BNIP3P24,0.003811380528714432
CDKN1B,0.003811300519156983
RNU1-38P,0.0038108249151217505
APELA,0.003810533272821805
RP11-267J23.1,0.003810123407670401
RPSAP63,0.0038100929716074977
MTCO1P17,0.0038085664041958385
RNU6-195P,0.0038081852498383765
RP11-894J14.5,0.0038079093575623044
LINC00926,0.00380720182249967
RP11-288H12.3,0.003806353625519435
CTD-2105E13.15,0.0038060730711853485
ACTC1,0.0038058264386607045
AKR1C8P,0.0038055620652628556
RP4-650F12.2,0.003805492477154272
LINC00310,0.003804968917745484
CTC-529L17.2,0.003804945570586821
C9orf50,0.003804654027820062
TIMM8BP2,0.0038033239891760878
LINC00864,0.0038032058909990923
RP11-5G9.5,0.0038031394671486584
MIR6719,0.0038030200227340805
RP11-5P4.1,0.003802812117798705
RP11-47A8.5,0.0038026589991491675
AC006538.8,0.003802154294665299
VPS9D1-AS1,0.0038017012043784423
PATE3,0.0038013559961884184
TTK,0.0038010678747702723
MIR1285-1,0.003800696341804797
AKAP2,0.0038004950505508136
PA2G4P1,0.0037998764003203977
OR5BT1P,0.0037995110428144367
RP4-612B15.2,0.003799424299679303
EZR-AS1,0.0037985961625898166
RP11-497E19.1,0.0037985618097174613
CTC-454I21.3,0.003798536071782579
LINC00997,0.0037981869871671877
RP11-81K2.2,0.0037980853873083873
MIR320B2,0.0037977617939135232
RP11-472B18.1,0.0037974298572817067
C14orf28,0.0037974084494613964
FABP9,0.0037970604173349315
CTB-193M12.5,0.0037966617938140906
LINC00678,0.0037960051259618263
AC002056.3,0.003795079910725194
IFRD2,0.0037944341657031775
RPS2P44,0.0037944079634110884
TRIM50,0.0037938362068419148
RHOD,0.0037937060551431045
PCDHB5,0.0037936940582703436
NINJ1,0.0037929328253856996
THOC7-AS1,0.003792919575111041
ARMC4P1,0.0037925047764391434
KRT17P4,0.0037921292387434456
SBK1,0.0037904968992415627
KRT89P,0.0037900706885440547
RP11-187C18.3,0.003789935593619545
RP11-264K23.1,0.0037897469392021888
NDUFA5P12,0.003789288295573568
AF131216.5,0.00378920626574557
CLCA4,0.0037883749947884467
FAM196B,0.0037879936900469227
C5orf34,0.003787710958032447
SLC26A6,0.0037874780341668086
CRACR2A,0.003787373285765815
LRFN1,0.003787095094427619
GSX2,0.003786914694925334
RPS11,0.0037865332939192014
RP11-565P22.6,0.003786099638509111
DNAJC18,0.003785910753285938
TMEM127,0.0037856052792884084
RP11-504I13.2,0.0037851630595333056
GOLGA7B,0.0037847636315290864
RPL19,0.0037845967907972067
RP11-449P15.2,0.003784582156049262
RP11-643A5.3,0.0037840812230893572
RANBP3L,0.0037840635918350925
ZSWIM5P2,0.003783778701946676
RP11-47I22.2,0.00378377004244518
RP11-138H8.8,0.0037831536212562587
RP5-892G5.2,0.0037828275513045483
RGAG1,0.0037827290865340393
RP11-190D6.2,0.003782350314205063
RP11-16B13.1,0.003781779711303186
RP11-217B1.2,0.003781699835099866
CYCSP12,0.0037815227751817476
OTX1,0.0037814060992270248
TRBV7-5,0.0037802242189751817
AKR1B15,0.0037800041121493592
RP1-40G4P.1,0.003779998913196252
RP11-2B6.2,0.0037799271419142115
RP11-159F24.6,0.0037798524680684024
CEP57,0.0037794372119335775
SUPT4H1P1,0.0037792291540248205
HMGN2P31,0.0037789808730505714
AC005355.3,0.0037787003633647123
RP11-33B1.1,0.00377821170644797
RP11-354I10.1,0.0037780540987445515
AC004485.3,0.0037779622688917667
BATF2,0.003777773017851081
RP11-34P13.16,0.00377762098774459
MIR556,0.003776949039682274
RP4-724E13.2,0.0037759220417113624
RP11-977G19.10,0.0037757389713227317
RPSAP41,0.0037755952701309364
MRPS31P4,0.003775059118571481
IL20,0.0037744470072033904
STX1B,0.0037741701423675165
AC073257.2,0.003773978937511733
AC005086.3,0.0037735801839412927
RP11-120K19.3,0.003773005181688071
AC017083.2,0.0037723068189360657
ZNF77,0.0037721966901068022
CTC-321K16.4,0.0037718474532018836
RP11-438D14.3,0.0037714221185129355
RP11-169K16.4,0.0037713408937264134
C1QL2,0.0037713147437619613
RP11-797A18.6,0.0037708825163352286
HIST1H2BPS2,0.0037704975029556878
FAM122A,0.0037702131501484446
GCM2,0.0037699365264179515
SNRPEP10,0.003769708459545715
TBL1XR1-AS1,0.0037695291637374526
RP11-305B6.1,0.0037694004074754384
LA16c-380A1.2,0.0037687210313962043
XX-C283C717.1,0.0037683932776417677
CTA-246H3.11,0.003768131772232854
NIPSNAP3A,0.0037675808612642326
RP11-181B18.1,0.0037672580056022187
AC027612.1,0.0037670413050578328
TTL,0.003766791129165144
LINC01094,0.0037667607598536055
CRYBA1,0.0037663500326837866
RPS29P6,0.003766179737935381
ARL4AP2,0.003766028056747405
RNU6-1043P,0.00376600351697486
AC079466.1,0.003765484139619461
RP11-575F12.2,0.003764123295124462
RP11-449J1.1,0.0037640923035938446
Y_RNA,0.0037640863841212893
SLC25A5P7,0.0037633342553938503
HCP5B,0.003763001586419668
LINC01132,0.0037625519073713884
RP11-493L12.7,0.003762233511889162
TNFRSF17,0.003762196145462729
RN7SKP275,0.003761891205578788
C16orf82,0.003761646320027771
TMEM141,0.003761348632653719
PA2G4P4,0.003761146085723328
RP11-365O16.1,0.0037611329481614273
STT3A-AS1,0.0037610059398348
CXorf58,0.0037609956003664563
MVD,0.0037609683012338824
RP11-428K3.1,0.003760680138848266
RP11-467H10.2,0.0037604375223266435
RP11-541G9.2,0.003760138803575226
LL22NC03-2H8.4,0.0037598785360966084
RP4-714D9.2,0.003759286767253762
LANCL2,0.0037591680841376437
KCNE2,0.0037578137321820763
RP11-498M14.2,0.003757754196256191
SERTAD1,0.0037574329857200926
AC013267.1,0.0037553269466749366
NLRP2B,0.003754835227088738
PROSER2-AS1,0.0037547832720434904
ARHGAP36,0.003754684575248194
LINC00593,0.00375347811692636
RPS15AP1,0.0037534466120119282
RP11-324J3.1,0.0037533764090622018
TFAMP1,0.0037532288238604347
RP11-2K6.1,0.0037530802788814177
RP11-798G7.6,0.0037524723617362063
RNA5SP462,0.003751561079360012
MIR6775,0.003751523953263271
SOCS5,0.0037514824300821426
RDH10-AS1,0.0037512333397690485
POU5F1P5,0.0037511889339192344
LIPN,0.003751160076305461
LRRC37BP1,0.003750439851630022
C9orf41-AS1,0.0037499779328475295
AC092597.3,0.0037490994721064903
RP13-20L14.4,0.003748877945854276
ADAMTS7P3,0.003748488259372737
RPL12P39,0.0037484330511825766
RP11-1029J19.5,0.0037479593688225076
RP3-428L16.1,0.0037477654798825327
MTND1P3,0.003747430036378693
EIF3IP1,0.003745807407169199
MRPL17,0.003745584323145679
RP4-547N15.3,0.0037438104648316994
MIR3186,0.003743626665830793
CTBP2P5,0.0037430922566045457
RP11-564D11.3,0.0037425209171125674
YY1,0.0037421844900750877
RP11-342I1.2,0.003741115618962507
RP11-556O9.2,0.0037397299476593987
RP11-517H2.6,0.0037394940376537507
RP11-89N17.1,0.003739256078636864
RP11-12M9.3,0.0037391598645646904
CTD-2290P7.1,0.003739150654815913
RP11-420A23.1,0.003738516094659959
KLF2P4,0.003738350046561125
RNU5E-4P,0.003738133228424244
RP11-69E11.8,0.0037377232567026436
AC010974.3,0.003736989846580979
OPN1SW,0.0037369357139136225
ARHGEF15,0.0037367126075452837
RP3-403L10.3,0.0037365024439771134
RP11-567M16.2,0.0037357735769343765
LINC00029,0.0037355933101509585
RP11-143J12.3,0.0037350902848511482
CTD-3088G3.8,0.003734732422670702
RPS4XP22,0.0037343721914151534
RP11-2C24.5,0.0037333610176750504
RP11-685M7.3,0.003733162402241146
RP11-744D14.1,0.0037330866871851027
PHKA1-AS1,0.0037325047737765934
LRRC38,0.0037321816032865264
RP11-202G18.1,0.003731839606314952
FOXS1,0.003731671858410034
HNRNPA1P41,0.0037301322783145872
ST7-AS2,0.0037297677633226956
LINC01122,0.0037292386683798586
RNU6-618P,0.003728314140377345
RP11-459O1.2,0.003728080478211929
COL8A2,0.003728061711832024
RP5-1142A6.10,0.0037278122619167978
TRAV14DV4,0.0037269473794833844
TSHZ3,0.0037263957659736387
RP11-700J17.1,0.003725852307840668
RHOQP2,0.003725827062020177
AC068491.3,0.003724990953919064
C17orf67,0.0037248614432165874
ALG1L13P,0.003723966900221057
RP11-963H4.6,0.003722478662030506
CTD-2561B21.10,0.0037223521092991756
RP11-157L3.6,0.0037223063135166535
RP11-783K16.13,0.0037222449649302034
AP000350.6,0.0037215086945899057
SNORA4,0.003721200677492598
DNAJB9,0.00372086785649244
SNORD1B,0.003720219774862894
CTD-2588J6.2,0.0037190221902229205
RP11-394B2.7,0.0037189816114408083
POU2F3,0.003718848294203703
RP11-613F7.1,0.0037186969429629352
RPL23AP7,0.0037182678057598585
RP11-73G16.1,0.0037181817569832457
AC097721.2,0.003717707683343243
RP1-305G21.1,0.003717314636689353
Y_RNA,0.003717129822186691
DUSP6,0.003717110081222666
CTC-575I10.1,0.0037169740017066167
ACA64,0.0037169721058268367
MTRNR2L4,0.0037168575874631294
AC144831.1,0.0037168117817707397
PPP1R17,0.003716131925134054
CCNB2P1,0.003715879123785803
C22orf29,0.003715598124285003
RP11-96D24.1,0.0037153410658572585
BAG4,0.003714998616466159
RP11-370F5.4,0.003714957167908581
RPL31P63,0.003714644291985992
SETP4,0.0037134321416939864
RP11-50B3.1,0.003713134322317723
RP11-97O12.7,0.0037130902480779103
PRR32,0.003712737752872468
ADARB2-AS1,0.0037123757199961035
AC005306.3,0.003711883399801513
CTD-2616J11.10,0.0037115833300028402
RP11-697K23.3,0.003711513237838471
RP5-1055C14.6,0.0037112368061515914
ATP6V0E1P2,0.0037104834172689877
DUS4L,0.003710444583864591
RP1-150O5.3,0.0037103315460996597
RP11-5N11.2,0.0037098870578029693
FAM35CP,0.0037095202338775176
SYNE1-AS1,0.0037093455797983688
CUEDC2,0.0037085422229444546
LINC00484,0.003708399920881486
MCM6,0.003708344119629029
RP11-429P3.2,0.003708082635021392
DAGLA,0.003707992017502786
GNG11,0.0037063266997358017
SHANK3,0.0037056957401300967
SNORA2,0.0037053409550364394
CRIP1P4,0.0037053339341841796
CPHL1P,0.003705064626342756
RP11-536C12.1,0.0037048188277261566
ACTG1P23,0.003704415585715236
PSD2,0.0037040854493204647
ROM1,0.0037038851439708874
CTD-2201E18.5,0.0037037470696285714
RP11-346C16.2,0.0037037409993385595
RP4-605O3.4,0.003703186026874547
ZNF431,0.003703137445918304
SYNPR,0.0037027501483665594
RP11-451H23.2,0.003702405479784316
C2orf61,0.003701138753456407
IRF2BP1,0.00370071636830844
GS1-541M1.2,0.003700444016428143
GEMIN7,0.0036996939520521814
CH17-262A2.1,0.0036996527061819245
RP11-417O18.1,0.003699397046176765
LINC01273,0.003699136711702118
RPS3AP2,0.003698211807837951
DPP3,0.0036981978015521656
AC131056.3,0.0036972358043831435
MANEA-AS1,0.0036958609970544625
RP11-158I9.5,0.003695848984871496
ATAD5,0.0036950456297107437
RP11-95P13.2,0.0036949368958194614
RP11-759A24.1,0.0036947786646319815
SLC31A1P1,0.003692786082808418
RP11-461O14.3,0.0036927344463883694
ALKBH1,0.003692567493831922
TTC1,0.0036922915575910236
RP11-176D17.3,0.0036921207297573345
DCTN6,0.003691861136769825
H1F0,0.0036913911517330034
RP11-500G22.4,0.003690297038846159
UBE2MP1,0.0036902776887666037
RP11-818O24.3,0.0036902049249568857
RP11-700A24.1,0.003690125482483279
RN7SL145P,0.003689044624096963
GTSE1-AS1,0.003688703823471591
RP11-661D19.3,0.0036882812513359285
LEMD3,0.003687715107177934
ACY3,0.003687183491795976
RP11-1100L3.7,0.0036857275575071205
KIAA1147,0.0036856399421072226
KCNA10,0.003685433646257183
AKR1B1P1,0.003685332024107965
RP11-867G23.12,0.003685090529994319
HIST2H2BC,0.0036849653298984494
RP11-631M21.1,0.0036841732091545836
ZNF578,0.0036838418685046057
SFTPD-AS1,0.003683761453794386
ATP6V0CP2,0.003683553614209432
IFNA13,0.0036818763836161455
NCS1,0.003681837112752095
RPL21P136,0.0036813642254430925
TBCAP2,0.003681199026302909
RN7SL416P,0.003680871174733587
RP11-45P15.4,0.0036805929074055273
TDGF1P6,0.003680491801806295
RP11-89C3.4,0.003680406746996715
CTB-37A13.1,0.003680250563487249
RP11-320M16.2,0.003680151472420347
AC008982.2,0.003680016508819996
AC004383.3,0.003679781480261982
RP11-452L6.7,0.003679551624598178
POU5F1P6,0.0036794099010954277
RPS27P12,0.0036792108145275435
TDGF1P7,0.0036786961904666355
MIRLET7F1,0.0036785377639886943
EIF1P7,0.003678471138049377
PFN1P4,0.00367770255968976
WNT3,0.003677380215594003
RPL13P12,0.003676295601053299
SLC25A5-AS1,0.003676150814252101
RP11-113C12.2,0.003675784357936159
PRDX2P4,0.003675781393557836
BCL2L12P1,0.003675646734429649
C17orf47,0.0036755979958909175
LINC01510,0.0036753515894242315
RP11-17A4.2,0.0036749552629660753
AC004540.5,0.003674639600618095
RP11-886P16.6,0.003674345354230396
CCDC81,0.0036741680356897326
RP11-430E17.1,0.0036736428618964426
USF3,0.0036728637890535193
TMEM14EP,0.0036725139942866704
CTC-250P20.1,0.0036719045106051586
EVI2B,0.0036717373448055153
RPSAP74,0.0036714442281735806
CTA-984G1.5,0.0036713417236404074
LIFR,0.003671162495194749
KBTBD2,0.0036707123206563886
CTD-2576D5.4,0.0036701464945182085
RP11-506H21.5,0.0036701229385083705
AC064874.1,0.0036698544600819206
CTD-2530H12.8,0.00366873989421265
AJ003147.11,0.0036686192951130925
RP11-283G6.3,0.003668233197293648
PITRM1-AS1,0.003667906781260303
RP5-907D15.4,0.0036677871085835172
RP1-249H1.3,0.0036677839491106377
AC004019.13,0.003667329703516376
SYNDIG1L,0.0036669280437419856
AC073283.7,0.0036663218344721265
RP3-507I15.2,0.0036663212076438793
CHAD,0.003666180439971947
CTD-2026G6.3,0.003665431288109088
MIR4666A,0.0036648482909155886
CTD-2240J17.1,0.003663930155140788
AC079780.3,0.003663608877552066
FAHD2A,0.003663001697379945
ATP1B2,0.0036625456137693007
CXCR4,0.003662126264599069
RP4-621B10.8,0.003661938746021071
RP11-120K18.2,0.0036614525657800434
IL9,0.003660892147812094
AC000068.5,0.0036599848859444105
CTAGE16P,0.0036592975423788217
RP11-412B14.1,0.0036590043232460224
RN7SL446P,0.0036589107313595563
AP001469.9,0.003658884231205904
RP11-356B19.11,0.003658816826890117
AP001062.9,0.0036587277206876828
CTA-384D8.36,0.003658412847387421
MTND4P12,0.003658209071169339
ZNF264,0.003657953613997685
RP11-463J10.4,0.003657909033854557
ARHGAP5-AS1,0.003657208748492704
FP325317.1,0.003656365001233346
AC007036.4,0.0036561533589472505
RP5-1119A7.14,0.0036560541704386646
RP11-435F17.3,0.0036551319045808233
RP1-118J21.5,0.0036547588050797357
ZSWIM7,0.003654602758869105
AC009120.4,0.0036539501790337305
RP1-140J1.4,0.0036533844268588447
OTC,0.0036529832771749256
RP11-216L13.17,0.0036528797143017626
TUB-AS1,0.0036524408898124094
CTD-3037G24.5,0.003651753966695679
GPX6,0.0036510984273624447
TANGO6,0.0036510149378329313
OLFM4,0.0036509746228399176
PPP1R16A,0.0036506067491886775
RP6-74O6.6,0.003649999379475539
RNU6-1005P,0.003649941047871099
RFPL1,0.003649840241483617
MTCO2P11,0.0036490902113298215
RP11-673F18.1,0.0036486331699504587
RP4-796I17.5,0.003648162115395309
C1orf167,0.0036477725004197764
IFIT1,0.003647688310514306
CYP2T1P,0.0036470919790459067
RNF5P1,0.0036466596027827417
AC093375.1,0.00364655253429706
ATP5F1P5,0.0036463054548958236
IGHV2-70,0.0036462379119677
DTX4,0.0036461174287149333
CSNK1A1P1,0.0036447653875797243
AC005076.5,0.003644384795212234
CTA-331F8.1,0.0036443391591838995
RP11-1079K10.3,0.003644088735797255
EIF5AP2,0.0036440279430172036
RP11-270M14.1,0.00364319799464389
RP11-411B10.2,0.0036430352348228883
AF196972.4,0.0036428437182686106
HNRNPKP4,0.003642624402012968
PCDH20,0.0036412128060641603
AC005237.2,0.0036410822407411053
RP4-800J21.3,0.003640452116993704
RP11-120E11.2,0.003640298813387729
RP11-46H11.3,0.0036399958394988927
RP11-473O4.5,0.0036397748551809093
FCRL4,0.0036397516176136045
Y_RNA,0.0036396235643124043
CTC-296K1.3,0.003638698208201655
HMGN5,0.0036386909757703304
RP3-325F22.3,0.0036375204128541315
RN7SL441P,0.00363696765692396
RP13-766D20.4,0.0036369505636644375
ZNF699,0.0036359415818485036
RP11-490N5.3,0.003635620550051111
RP6-24A23.6,0.0036352534418067368
ZNF625,0.0036350856844823013
C1QTNF3-AMACR,0.0036344215989049366
CTD-2234N14.2,0.003634280682675874
RP13-516M14.8,0.0036342260633224024
RP11-478C1.8,0.0036338628185556606
RP11-375A5.1,0.003633822159843692
RP11-666A8.7,0.0036337249924169772
AC068535.3,0.003633690332977167
GTF2E2,0.003633604664433204
IGHV1-68,0.003633343457701379
RAB12,0.00363333389897188
Y_RNA,0.003632395615287625
RP11-318K15.2,0.003632110511264538
RBMS3-AS1,0.003631916105227955
PLLP,0.0036318212800752502
AC018804.6,0.003631490587306713
RP11-632K5.3,0.0036308547351346756
U47924.32,0.0036306411592475205
AC073325.2,0.0036305458836301606
EID2B,0.0036302442764557692
TMX2-CTNND1,0.003629732020311491
AC114814.2,0.003629722083588061
CH507-42P11.8,0.0036295599303711283
AC018755.17,0.003628830561584888
RP11-225H22.7,0.0036287630611278694
PTP4A2P1,0.003628737222406347
RP11-384O8.1,0.003628202216516442
NPIPB2,0.0036271502199694316
RNF152P1,0.003625848981632414
SC5D,0.003625435659953982
RP11-734J24.1,0.003625232222442803
SLC35F6,0.0036242423455074275
LINC01324,0.003624046078323174
RP11-58A11.2,0.003623886779374573
NPM1P41,0.0036236964554452627
SNHG19,0.0036236453910882317
FCF1P2,0.0036234449624119856
BMI1P1,0.0036232831508450445
TNPO1P1,0.003623004272108494
CTD-2044J15.1,0.0036228563705998124
CTD-2410N18.3,0.0036216874025971455
ANKRD20A8P,0.0036208630385298414
PROP1,0.0036208060721545114
LINC00605,0.003620011070619575
MIR8080,0.003619800865481602
RP11-253I19.3,0.003619476590061709
NDUFB4P12,0.0036186070858631393
RPS2P4,0.0036177886364544363
AQP7P2,0.0036171432042103194
RP5-1065J22.4,0.0036168630196978554
RP11-258F22.1,0.003616834446455344
RP11-441F2.2,0.0036166021215484736
EXOC3L2,0.0036161866032571803
BMS1P20,0.003616180584248858
HOXC10,0.0036161593528633894
PCDHGB4,0.003615616356929816
OR5AO1P,0.0036154150138738186
TADA1,0.0036152113998736803
Y_RNA,0.0036143910226104476
RP11-488L18.10,0.003613774863840578
PLXNA3,0.0036136249084113823
RP11-390D11.1,0.0036132510921843067
LDLRAD4-AS1,0.0036127023603276407
SAMSN1-AS1,0.003612699412020997
RP11-296E7.1,0.0036125661181879913
RP11-577N1.1,0.00361245481200496
RP11-686D22.10,0.0036124119471395064
MBOAT4,0.0036109838924417792
RP11-91J19.2,0.0036109420984475177
FAM47E-STBD1,0.0036105253618428142
RP11-19O2.1,0.003609006727959492
RP1-244F24.1,0.00360838053880139
CGA,0.0036083482593025334
RP11-333A23.1,0.003607998563458049
GIMAP1,0.0036074594966929783
RNU6-1306P,0.0036071070618784486
ZSCAN16,0.003606881017181259
AOX3P,0.0036067415077112117
RP11-119F19.5,0.003606611030140768
MTND4LP9,0.0036063502146454827
AGAP14,0.003604982730115149
CD1B,0.0036046800467740177
RNU4-8P,0.0036045508773182994
MIR92B,0.0036045271377121925
KLHDC2,0.0036043837409223925
RBM20,0.0036043484952647674
RP11-12L8.1,0.0036043307773040195
RP11-204L24.2,0.0036041657988776414
BHLHA15,0.003604152594524617
MIR497HG,0.0036037965106899697
SLC16A8,0.00360253652140653
RNU6-1019P,0.00360217146946631
TCEA1P2,0.0036021189046348233
RP11-843P14.1,0.003602030062368954
ATP5LP2,0.0036017976940234545
PGP,0.003601280966320036
RP11-349A22.2,0.0036008252063909046
RPS7P14,0.0036000346675326474
AC002069.5,0.003599934803745324
AC018865.5,0.003599908002231186
HNRNPLP2,0.0035997944883794653
C2orf27AP3,0.0035995450758928463
SUMO2P13,0.003599515352816821
SMIM10L1,0.0035994638416720934
RP11-875H7.5,0.0035990624433953422
RP11-218M11.1,0.003599048334680155
FOXN3-AS1,0.003598626272418304
KRT8P31,0.0035975335146118674
RP11-173D3.4,0.0035972999536268524
SENP5,0.003597105541224816
RP11-30L15.6,0.0035961759161061476
SH3GL2,0.0035957781002328663
RN7SL531P,0.0035954922219222827
RP11-9H20.2,0.003595179539128633
KCTD11,0.003594972423924662
RP11-759F5.1,0.003594731954658391
RP11-390F4.10,0.0035944638605847033
ZNF432,0.0035941683650633255
CH17-140K24.2,0.0035928016969478554
RP11-107E5.3,0.0035922885203634953
RP11-328J14.2,0.0035918994785396046
C1orf147,0.0035911227391940614
CTD-2182N23.1,0.0035910855600889907
GAPLINC,0.003590949132409361
AL359314.1,0.0035905575187810406
OR8R1P,0.003589963480108593
RP11-175D17.3,0.003589941648118664
CTA-384D8.33,0.0035897880932019453
RP11-20J15.3,0.0035890363006841727
OTUD6B,0.003588976760169761
AC068831.3,0.0035889365113672966
KCNK13,0.0035885298138875234
RPS2P28,0.003588166738332849
RNU2-33P,0.0035880154090205158
HIST1H2BE,0.003587950116176052
RP11-761B3.1,0.0035871259036341927
HNRNPA3P5,0.0035871086130027023
RNU1-70P,0.003586758819858264
CTD-2325M2.1,0.0035866395356775045
OFD1P17,0.0035866364788883997
SNORA26,0.0035864706869620515
RP11-267M23.3,0.0035861989135236947
RP11-264E20.1,0.003585150498826053
KRTAP7-1,0.0035848833717849783
RP11-167H9.5,0.0035847179416315846
SNRPGP17,0.003584182038428303
NUDT19P3,0.0035840759958066363
Y_RNA,0.0035839696665546958
PRKAG2-AS1,0.003583503055011574
VEZF1,0.0035834668791693385
RNU6-1164P,0.0035829465707900806
RP11-638I2.10,0.003582827314496275
XXyac-YX155B6.5,0.0035825214455769434
CTA-243E7.1,0.003581812440007188
Y_RNA,0.0035811789873244934
RP11-77K12.10,0.003580437418378144
CDC42EP4,0.0035803596764033994
RP11-714L20.1,0.003580324369009164
LINC01228,0.003580070928186286
RP11-136G2.1,0.003579524173105885
RP11-386M24.6,0.003579340350049307
SPACA6P-AS,0.003579290319642013
RP13-188A5.1,0.003578957174738728
RPL23AP18,0.00357879397957621
RP11-406H23.2,0.0035773841719807338
SMPD1,0.0035765530141567458
SLC35B4,0.003576503043601413
RP11-791G15.2,0.0035763200243202338
RP11-361C13.1,0.0035762991295405612
RNU6-1156P,0.0035760431784005327
AC079150.2,0.003576009451881029
RP11-598F7.3,0.0035758016193846204
GRIN2D,0.0035751624147659887
UBXN10,0.0035750085767645434
CTB-35F21.3,0.0035746960687744527
RP11-66N11.8,0.0035744864582665137
AC024937.2,0.0035740137722280944
RP11-504P24.3,0.00357357171300796
SYS1,0.0035723893922325408
RP11-356N1.2,0.0035722416410642675
MAGEH1,0.003571874909626412
CTC-308K20.4,0.0035714143678534684
GABARAP,0.003571285195306183
CTC-329D1.3,0.003570960630184406
RANP2,0.003570846218931036
IFNA22P,0.0035704197344337356
SBF1P1,0.0035702821781845675
HNRNPA1P22,0.003570202298201733
TMEM249,0.0035699368835524947
B3GNT7,0.0035698501214699607
EXTL1,0.0035697936821227406
MTCYBP35,0.003569286540211802
SNORD114-11,0.0035691806201822726
CTB-14A14.2,0.003569168674190808
RP11-253E3.1,0.0035687443692369292
GLTP,0.003568564105178662
RP11-73G16.2,0.0035681957159725236
RP11-79L9.2,0.003568157925624812
KCNG3,0.0035680189802446897
GS1-165B14.2,0.003567685973750296
RPL6P12,0.0035675752936355364
RP11-212E8.1,0.00356676444250392
PGLYRP1,0.0035662295366660278
NT5C,0.0035660919662294155
AC018647.3,0.0035659654645816934
DNAH5,0.00356576957775571
RP11-834C11.6,0.0035657502053062138
RP11-822E23.3,0.0035653498270679326
CA13,0.0035646925748103815
EIF5AL1,0.003564605812309468
RP11-123J14.1,0.003564251162200346
RP11-382J24.2,0.0035641483480462217
RP11-348N5.9,0.003564144167202758
AC000068.10,0.0035639457568104795
RP11-560I19.1,0.00356392607373143
GALNT2,0.0035637599059051514
MLLT10P1,0.0035632132897844746
RP11-675F6.3,0.0035630983993727833
PRELP,0.0035630691774025582
COX6CP4,0.0035630181914501425
AC009945.4,0.0035623141359916242
UNGP1,0.003561629390743095
RP11-536C5.2,0.0035615499245450124
RP11-568A7.3,0.0035614691729256138
RNU6-1337P,0.0035612479306158977
RP11-1055B8.10,0.0035610572043656336
RP11-83C7.1,0.0035610136302670252
SLC25A5P3,0.0035607342046753213
THBD,0.003560577871790874
RN7SKP214,0.0035601685728604035
CTB-55O6.13,0.00355986404759066
LINC00504,0.003559822868914729
RP4-753D10.5,0.0035595450308064658
RP4-756H11.3,0.0035595111649145933
LINC00487,0.0035590717015615498
RP4-718N17.2,0.0035584538693182828
NMNAT2,0.0035579592662204466
ATP2A1-AS1,0.003556696655905735
RP11-632P5.1,0.0035563305935710594
CFAP99,0.0035559355064000452
GIGYF1,0.003555333779306648
RP5-1116H23.3,0.0035551194678771487
ZBED8,0.00355511186108862
RP11-576C2.1,0.0035549981077577933
RFT1,0.0035547441351156325
RP11-33E12.2,0.0035545443019747124
AC121251.1,0.003554340956872263
C1orf185,0.003554314143490995
MKRN4P,0.003554172991710583
AC079630.2,0.0035534310635452486
RP11-293A21.1,0.0035534077826372265
S100A6,0.0035531342677365763
RP11-444J21.2,0.0035529259353423133
SMG1P2,0.0035529183232547385
MIR4284,0.0035528616395234967
RP5-1071N3.1,0.0035528187287323988
SNORA7,0.0035527833811173303
IL3,0.0035525892357247866
FNTAL1,0.0035519288099146893
RNU2-57P,0.0035517103860397063
AC104135.2,0.0035514644085891944
RP11-90H3.1,0.003551440663811977
RP11-327J17.8,0.0035505601498213198
CDC26,0.003550290752800126
CSDAP1,0.0035502292555618215
IMPACT,0.0035500539503764248
RNU6-132P,0.0035487097884974637
OR7E29P,0.0035485606575501338
RP11-1094M14.7,0.0035484697677968147
CTB-108O6.2,0.0035482928873800993
CTC-444N24.11,0.0035481388939913833
CSPG4P13,0.0035477266891516196
LRRC46,0.003547489188625184
AC092066.1,0.003546957932241322
RP11-800A3.2,0.0035466129601918967
LINC00523,0.0035466010858504157
RP11-120K18.3,0.0035464786070282307
GRK6,0.0035457063850220295
SAGE1,0.0035456909310854576
ACTBP6,0.003544737184230997
LINC00337,0.003544709882620203
AC133785.1,0.0035445828690263905
HS3ST5,0.0035444400304366374
HMGN1P36,0.003544435349788363
RP11-561O4.1,0.0035438755108915905
SEPT7-AS1,0.0035432460884759656
FIBIN,0.0035425366596528035
SPATS1,0.0035420892822910213
RP11-132A1.6,0.0035418702256699323
CTC-421K24.1,0.003541865732662188
SNRPGP4,0.00354181101939119
GALR2,0.003541078188717895
RP11-73M18.10,0.0035408433454807327
ANKRD9,0.003540415029910235
RP3-509I19.6,0.0035401376034675607
ENPP7P7,0.003539747925475632
BANF1P2,0.003538009632132238
ZNF84,0.0035379755193035
TFB1M,0.0035379563357853215
AC116614.1,0.003536879337310227
MZT1,0.0035364656037904945
MIR550A3,0.003536452559923267
PDCD2L,0.0035359325146521285
RP11-588K22.2,0.003535798796981269
RP11-561C5.7,0.003535742577477219
RP4-591N18.2,0.003535683225165758
RP11-566K11.4,0.0035354222552042075
IFI44,0.0035347718034477275
RP11-77I22.4,0.0035346492448057624
RP4-539M6.22,0.003534544932460201
DBNDD2,0.003534014617175509
RP11-627G23.1,0.0035337631871587088
AP000251.3,0.003533734927256551
CTC-455F18.1,0.0035336178236042492
RP4-738P11.3,0.0035335307683132112
SNX6P1,0.0035333905675772317
CACNG7,0.0035330889876112595
AP000962.1,0.0035321745758642234
LINC00598,0.0035316629631705738
RP11-325L7.1,0.00353133605168778
LINC00629,0.0035311441301795884
LINC00543,0.0035309647244878353
CTA-398F10.1,0.0035306553810258434
GDF9,0.0035301998031026355
MRPL12,0.0035298624469643526
UBALD2,0.0035298125652367214
RNU6-1278P,0.0035296343752326963
RP11-44F14.7,0.003529505512692608
CYCSP6,0.0035293872448893585
HNRNPA1P61,0.003529115350616348
LINC01497,0.003529088562796504
WDR38,0.0035288648022008097
RP11-634H22.1,0.003528203612465596
AC105760.2,0.0035277568994536075
SNORA33,0.003527489760280404
DLEU1-AS1,0.003527147026586299
GPRC5A,0.0035265611184478857
RN7SKP287,0.0035265429464103803
RP11-38C17.1,0.0035261021885255274
KCNH8,0.003525823177941844
RP11-469L4.1,0.003525325667100607
STK25P1,0.003525324354065437
IFNWP19,0.003524690071197302
AC007163.6,0.0035245638152727396
NAV2-IT1,0.003524012232860115
NCF1C,0.003523480394967773
SLC25A5P8,0.0035234592431155256
RP11-337N6.3,0.003523217183651644
AL021546.6,0.003522797321780257
LINC01213,0.003522223400541839
RP11-496B10.3,0.0035219868811691897
ANAPC2,0.00352118256695922
RP11-74J13.8,0.0035210379840820024
TM4SF1,0.0035206471178875305
RP11-49O14.2,0.0035205378974652282
CTC-278L1.1,0.0035204454990294515
RP11-467I17.1,0.003520344683783544
BACH1-IT1,0.003519884881536686
RP11-127L20.3,0.0035198610151459427
HSPD1P8,0.0035187657732792203
HSPA8P1,0.003518546597809306
SIPA1L2,0.0035181742369948784
AC005255.3,0.0035181308894845294
CTA-415G2.2,0.0035178757418359166
LRRC14,0.003516427604789868
COL5A1-AS1,0.003515908453442559
PRR34-AS1,0.003515632171245749
TRIM52,0.0035155779053887
RP11-69L16.5,0.0035149552569847514
RNA5SP283,0.0035147035200487012
ENPP6,0.0035142788204399265
AP001171.1,0.003513655213363207
RPL5P4,0.00351323193534689
AMMECR1,0.003513169273708834
IDH1-AS1,0.003512953078609071
RPS3AP49,0.003512900737752107
RP11-121A14.3,0.003512740550331269
RNU1-30P,0.003512601245123885
MTND5P15,0.0035125408408011225
DUX4L26,0.003512368774649249
PINK1,0.0035122282384300965
RP11-335G20.7,0.0035121763625684207
ACSM1,0.0035121576681894895
RP11-292E2.1,0.003511894625553514
RP11-436K8.1,0.0035115760537716284
RP5-1159O4.1,0.0035113599079150968
AP000437.3,0.003511226456919198
PTGFRN,0.0035111416419207598
RP11-618N24.1,0.0035110434796378157
ANKRD37,0.0035102831311188045
DKK1,0.0035099933389283154
RNU6-130P,0.003509702315657596
ATP6V1A,0.0035087710683495937
SASH3,0.0035084686465517616
AC007228.9,0.0035082743674727645
PP7080,0.0035078829879293164
TSC22D1-AS1,0.0035078655850148055
MEA1,0.003507840687878568
RP11-70D24.2,0.003507718225325577
Y_RNA,0.0035062103410275734
TM4SF5,0.0035059477250946646
KCNJ2,0.0035053828579220607
JMJD1C-AS1,0.003505369277096163
DAP3P2,0.0035043802399121215
RP11-484O2.1,0.0035041384900110716
P2RY4,0.003503610407270861
SERBP1P3,0.0035033965150304287
RP11-377D9.3,0.00350334492118081
RP11-795F19.5,0.003502944611721769
FAM205A,0.0035027150923812094
MLEC,0.003502637187238693
ACOT13,0.0035023533526338077
RPS29P17,0.0035022682836120824
Y_RNA,0.0035022496193217283
CTD-2158P22.1,0.003502049864274852
ABCC6P1,0.003501921886866887
RP3-340N1.2,0.0035018160678653553
LMLN-AS1,0.0035016659434431783
AC108039.1,0.0035016201537575176
NPM1P5,0.003500939725463697
RPL21P10,0.0035008920798900505
INTS6P1,0.0035001503256006155
AC009120.10,0.0035000593024833177
RP11-840I19.5,0.0034998300783125424
AC007131.1,0.003499297591507272
RPS3AP53,0.0034992810173186902
RP11-496N12.6,0.003498832332228581
RAP2A,0.0034985235801108855
SBDS,0.0034982337692292713
RPL15P13,0.0034979911539908997
MIR24-2,0.0034977819403029633
RP11-336N8.4,0.003497535950575881
CTD-3032J10.4,0.003497329894543891
RP11-686D22.8,0.0034971651300148027
LRRC37A13P,0.0034967828690763863
RP11-12A16.3,0.003495720626281301
LINC01605,0.0034955349141067575
AC002486.3,0.0034953372689783234
RP11-383I23.2,0.0034950704733625066
AC007463.2,0.003495064921255871
RP11-111K18.2,0.003494979567276229
FOXL2,0.0034948799284157833
WNT7A,0.00349485610995773
PTX4,0.0034943500325511794
HSPE1P16,0.003494074904604725
RP11-537A6.9,0.0034935477569656087
SPA17P1,0.0034935361138379926
AJ011931.1,0.0034934697204949297
RP11-426L16.9,0.0034932090416501796
RPL7P16,0.003493202893523632
ISM1,0.0034931958122728
LRFN3,0.003493081250249
NCMAP,0.0034929548239721205
CTC-453G23.8,0.003492655808442043
GRHL2,0.003491916426627936
AP002381.2,0.0034917222793850165
KRT18P32,0.003491524512907616
RP11-99J16__A.2,0.003491464794757868
AC097467.2,0.0034914177281249728
RP11-439I14.1,0.003490856461223969
SAPCD2,0.003490790072898873
AHSA1,0.0034897155650392424
RNF166,0.0034896394762798043
SUMO2P10,0.0034894102479685048
ADAMTSL5,0.0034893612590998265
RNVU1-15,0.0034891062528074994
RP11-445O16.3,0.0034890847047249246
RP11-423G4.10,0.003489042371241203
LINC01344,0.0034887417406717
RAB11B-AS1,0.0034885666917080596
RPL21P127,0.0034883890484983197
LINC00311,0.0034874782330980778
SLC26A4-AS1,0.0034869498167465615
RP11-417L19.5,0.0034868852687756128
RP11-507K2.6,0.0034866531981136797
RP11-1152H14.1,0.00348609600533372
RP1-22N22.1,0.0034859384094822914
ANKRD20A1,0.003485900026598597
RP11-527H14.1,0.003485800919989037
PHBP12,0.0034856871871667082
USP13,0.003485470707304236
KB-1460A1.5,0.003485029467408049
CYCSP2,0.003484968388117852
RP11-25I15.1,0.0034845935272495502
BTNL3,0.0034844775400895388
CLDN19,0.0034844233862029077
C1orf146,0.0034844007834624498
AC012493.1,0.0034843363640158103
RP11-304F15.5,0.0034842691393239624
KB-1458E12.1,0.0034841710286614216
HNRNPCP3,0.0034836800261757064
RP11-520P18.1,0.003483513404475461
CTD-2550O8.5,0.0034831139771884846
AC124944.5,0.0034829430567748405
SDHD,0.003482741798516631
AP006621.9,0.0034824453935216318
FAM215B,0.0034823691678258226
uc_338,0.0034823615752225152
RP11-331K15.1,0.00348223823882946
ST13P10,0.0034821048551374532
SPTY2D1-AS1,0.0034819624047986233
RP4-803A2.2,0.003481788727729653
EIF3LP3,0.003481293817146093
ZFP28,0.0034812634677780802
RP11-295D4.5,0.003480952918657997
MRRFP1,0.00348093544993664
CTD-3099C6.9,0.0034808337300092952
RP11-613H2.2,0.0034806324569914716
RPSAP8,0.0034805981643969905
RP11-141J13.3,0.0034802847430531825
AMD1P4,0.003480228713252113
RP3-337H4.6,0.0034798702113442766
AC005042.2,0.003479523385624693
RP11-1060G2.2,0.0034789367084092954
RP3-415N12.1,0.003478742987039985
CHMP1B,0.0034780358675977796
VN1R28P,0.0034778721688913873
TPT1P12,0.003477814428959136
RP11-96C21.2,0.0034768976182723054
RP3-414A15.12,0.003476883634528186
RAB20,0.0034768256879203047
RPS10P2,0.003476810657870799
LINC00486,0.0034760626239323344
RP11-216B9.6,0.003475982259483193
PHF5CP,0.003475953003666967
RP3-522P13.2,0.003475685032558265
AC015969.3,0.0034755869802295734
RP11-141B14.1,0.0034753626303607493
RP13-608F4.5,0.003474945565998964
FNDC10,0.003474886013113014
TLR9,0.003474541304353036
AP000223.42,0.003474371702936392
RP11-325F22.2,0.003473058414236987
PALB2,0.0034726994058380378
RP11-142A22.4,0.0034726371791346617
TRNAU1AP,0.0034725754456830294
RP11-61L23.2,0.0034718210769400233
RP11-272P10.2,0.0034717107126280376
RN7SL68P,0.0034715521094807675
PRICKLE2-AS2,0.0034714808123840653
LINC00544,0.0034711841558067048
RP11-76I14.1,0.0034707668792626502
NAIF1,0.0034705836005773896
RP11-467K18.2,0.003470245582858566
RP11-326C3.2,0.003468807623149366
RPS8P6,0.0034685955150991145
ZNF492,0.0034684849179490948
ARPIN,0.003468452307338471
SLX1B-SULT1A4,0.003468412938856883
LYZL2,0.003467903489103629
PIGBOS1,0.0034673091829111055
CTC-400I9.1,0.003467297685623147
HSD11B2,0.003466612868254509
RP11-466G12.3,0.0034659726299094396
VPREB3,0.003465844321093763
MTMR9,0.0034655608689036633
CDKN2AIP,0.003465049091280083
TATDN1P1,0.0034646788427300846
FYTTD1P1,0.003464388300898086
IL10RB-AS1,0.003464246501870209
GS1-124K5.12,0.0034641930620899794
RP1-224A6.8,0.003463548670806542
RP11-52I18.1,0.0034635024708930323
RP1-146I3.1,0.00346349508576533
DISC1-IT1,0.0034634908765109407
RP11-138I17.1,0.0034632339331732162
GMCL1P1,0.003462982571671829
KB-1471A8.1,0.0034629343109232446
LYL1,0.0034628886956696776
LPAL2,0.0034622951764155837
SNORA38,0.0034621522919768624
CCDC116,0.0034605441055074308
GOLGA8VP,0.003459394177613654
RP11-125O18.1,0.0034592153017652797
ABI3,0.0034589439097706385
XXyac-YM21GA2.1,0.0034588729967767076
C5,0.0034588317826819977
AC006116.15,0.003457725992514406
RP11-366L5.1,0.0034570408275778675
CRIP1,0.0034567456374099254
SMIM22,0.003456559045010891
RP11-768F21.1,0.0034564290357785663
PCDHB12,0.0034562808083706035
RP11-334A14.8,0.0034562807328923258
ADRA2A,0.0034560671520117393
C17orf78,0.003456037862818495
AC067945.3,0.003455584652870085
KB-1027C11.4,0.003455446477695141
LINC01167,0.0034553820641735943
CTD-2256P15.5,0.0034553055229604914
RP4-539M6.21,0.0034552766353719293
RP13-585F24.1,0.003454699091152432
OR7E128P,0.003453688892285036
RP4-555D20.1,0.003453556875083999
APOM,0.0034533730606088374
RP11-725G5.2,0.0034531095476144657
AC004129.9,0.0034527933531232056
JSRP1,0.0034525051272649176
CTD-2024F21.1,0.0034521892179259503
FO538757.1,0.0034520257000596544
CCL5,0.0034518926877845297
RP11-164P12.4,0.0034504479343742977
CFL1P1,0.0034503751888888237
AC006466.5,0.0034497482793150267
PPDPF,0.0034492831231342776
NUP37,0.003449093164907563
UBQLN2,0.0034490140706719993
HDAC1P2,0.0034489048829332465
ADRA1D,0.0034487437196215514
RP11-169D4.4,0.0034480766433254476
PKP4P1,0.0034480165860984752
RPSAP61,0.003447569579965708
IPP,0.0034474465530764478
RP11-278L15.6,0.0034464741161664707
ALG10,0.003446444221010843
RP4-751H13.5,0.00344605235778409
RP11-75A9.3,0.003445885114561141
OSTCP2,0.0034454107631910727
C7orf55-LUC7L2,0.003445194570695832
VPS4B,0.003444707403333786
SNAP47-AS1,0.0034442371393891866
HYDIN2,0.0034441963155212884
RP5-984P4.4,0.003443973156690456
PAPSS1,0.0034437153782897766
LPCAT2BP,0.003443421383074263
ZC3H3,0.003443355083328428
RPL26P28,0.003442978459852733
RP11-932O9.7,0.0034429689135821234
CTD-2223O18.1,0.0034429644182321
RP1-35C21.2,0.0034427577719273552
ZFX-AS1,0.0034426330899558918
CTD-2313D3.1,0.0034423028504681715
ABCB10P4,0.0034418229360315003
NDUFB4P10,0.003440854444784263
RP11-15E1.6,0.003440485604479346
MIR4734,0.0034401092090337987
AC093627.8,0.0034400833450069345
RP11-186N15.3,0.0034390841953747583
AC018696.4,0.003438984337179949
CSTF3-AS1,0.0034389414722647933
HSPE1P5,0.0034383361356138346
AC023469.1,0.0034377068595554004
RP11-502F1.2,0.003437386123453953
RP11-67L14.1,0.0034369849435076333
DKFZP434H168,0.003436682170866565
RP11-16L9.2,0.003436674815699807
PTH2R,0.0034366450800162214
RN7SKP272,0.003436521644346803
GHET1,0.00343602885694852
RP11-33O4.2,0.0034352928595279965
C7orf69,0.003434960757207195
IDI1,0.003434955600833158
RP11-354P11.4,0.003434159205999071
TMEM74,0.003433721238550396
CTD-2319I12.10,0.003433350114189222
ARF4P1,0.003432871972332281
RP4-621N11.2,0.0034327306570248036
CDC37,0.0034325826459868786
TAAR3,0.0034324729218708607
CTC-444N24.7,0.0034322943641104434
RPL7AP4,0.003432203818697416
DYX1C1-CCPG1,0.0034314708671855224
RP11-142A5.1,0.0034314378531458013
HIGD1AP16,0.0034311230291827668
PNKP,0.003430692381177982
AC074389.6,0.0034301078167411655
RP11-234B24.2,0.003430039267687424
RP11-425A23.1,0.0034298782647329503
FAM32BP,0.0034298427792210768
MTNR1A,0.0034294499620590524
ANKRD22,0.003429144634721533
RP11-209K10.2,0.003429078093458212
RP11-420K14.6,0.0034278509354450275
MROH6,0.0034274130560744687
KIFC1,0.003427388931672502
ABCB10P1,0.0034272982514483574
RP11-57B24.2,0.003426943827659488
PARGP1,0.0034267653473270903
RPL23AP28,0.0034266426603959655
COL18A1-AS2,0.0034263253976843404
RP1-266L20.4,0.0034261570283614456
RPL7AP6,0.0034260178503475605
RP4-781K5.5,0.0034259508141876323
CTD-2245F17.6,0.0034259325186064443
CXCR5,0.003425698759707797
CEP76,0.003425692600835
ASS1P2,0.0034248556521283622
COX19,0.0034248206289947715
LINC01563,0.003424692378882045
RPL7P52,0.003424053890422793
PTK6,0.003423427063749281
RP11-680F20.9,0.0034229403842283876
SIK2,0.0034227727575205807
Y_RNA,0.0034225145811060233
NCAPG,0.003422350041549329
TOX,0.0034220356151521605
RP11-73M18.11,0.0034219518782595314
RP11-749H20.2,0.003421647450835241
RP11-450H6.3,0.0034213461996523073
RPL29P14,0.003420966586157252
AP000687.1,0.0034205742849361346
ABHD17AP5,0.003420439983611299
RN7SL749P,0.003419294336291085
RPS10-NUDT3,0.003419148022864791
SNORD59A,0.003418701589156071
HNRNPA1P35,0.003417522979398174
ALG1L7P,0.0034174041576014234
RP5-837J1.6,0.0034171613108217656
RP11-471J7.1,0.0034170217407505587
CACNA1C-AS1,0.0034169693858068463
RP11-631M21.7,0.0034168564579312353
RP1-90J4.1,0.003416781439126646
RDH12,0.003416388773015959
UNC5CL,0.00341636244450221
CYCSP43,0.0034160068350086985
RP11-529H20.3,0.0034154372233253867
SNAI3-AS1,0.0034154251405288535
RP11-271C24.2,0.0034149405466057515
LDOC1L,0.00341437356945326
SPIN2A,0.0034143437928806524
DYNC1H1,0.0034142884358050285
SCG3,0.0034141531484721027
ZNF625-ZNF20,0.0034129628643192285
RP4-803A2.1,0.003412817390667602
RP11-517B11.4,0.0034118545756259082
SMIM17,0.0034114823623625653
EMC2,0.0034111622472685578
RP11-269F19.2,0.003410303583762193
RP11-707P17.1,0.003409408505962405
LINC00706,0.0034092953833289217
ISY1-RAB43,0.0034085606195957546
RP1-154K9.2,0.003408348466614821
ZNF561-AS1,0.0034083474701986937
RP4-671O14.7,0.0034083127395072195
PSMG3-AS1,0.0034077273435358683
TMEM150B,0.0034076885810086894
LINC01436,0.003407590817497446
RP11-303E16.5,0.0034073545262607837
PHB2,0.003407139541995936
CTB-47B11.3,0.0034064430521727677
OR51E1,0.003406361855554668
CTD-2544H17.2,0.0034061393201299255
HLA-DPA3,0.0034060812565618204
SLC25A25-AS1,0.003405973610731668
RP11-556O9.4,0.00340580191458852
RNU4-62P,0.003405406717758136
ITPRIPL2,0.0034054013032113746
TAS2R14,0.0034047512754513615
AC005514.2,0.0034038802211092357
CTD-2251F13.1,0.003403775066814093
AC006026.1,0.003403144439788939
UNC93B2,0.0034029843357730885
DOC2B,0.003401777333421495
BHLHE41,0.003401124885222577
PSAT1P3,0.0034009217979539224
GLTSCR1,0.0034008226646954952
ZNF680P1,0.0034003812486797075
SRCIN1,0.0034000836218449878
CTC-448D22.1,0.0033998387748418388
R3HDM4,0.0033994601046269087
C11orf72,0.0033993650870518632
LENG8-AS1,0.0033991679908827355
DDOST,0.0033989078215947354
RP11-488L18.1,0.0033986478121118898
CTD-2270N23.1,0.0033986282312705265
RP1-142L7.5,0.0033982294429502164
AC084219.2,0.0033974505751825637
HRAT92,0.0033972494783998477
LINC01315,0.0033969298229410993
CTB-105N12.2,0.0033968366129167337
C10orf62,0.0033967688283133277
RP11-567M21.3,0.0033966865287792876
AC104534.3,0.003396679051573817
NRBF2P2,0.0033962153372766274
SNORA84,0.0033958162716701116
RP5-1021I20.7,0.0033956970187482612
PTEN,0.003395609650534866
MPHOSPH10,0.0033950691138611377
RP11-57H14.5,0.0033945989216221098
EIF1B-AS1,0.0033943230933709324
RP11-79H23.3,0.0033942170224521722
ZMYND19P1,0.0033938685098521566
AF121898.3,0.00339366372495314
AC012354.6,0.003393278730273496
TCP11X2,0.0033929988873493315
CLDN3,0.003392965809159118
RP11-79P5.3,0.0033925599107340627
PCDH9-AS3,0.0033895455401207523
AC007349.4,0.0033891951994310587
TMEM150C,0.003389144425225849
MTCO3P17,0.0033891376220079278
RP11-231G3.1,0.00338901865280507
MIR5191,0.0033886277524761265
TERB1,0.003388627639840241
TCEA3,0.003388254413243971
UBBP5,0.0033880027961599246
RP1-167O22.1,0.0033878871070079364
COX14,0.003386765395809408
RP5-1181K21.4,0.0033866017378585147
RP11-291L22.4,0.003386014881167178
NDUFS5,0.0033853415111256354
RN7SL845P,0.003383926254444059
RP11-126K1.6,0.0033831036884352577
AC004623.3,0.0033829802031009578
RPL12P14,0.0033829681349626948
RNU6-979P,0.003382966753821631
FGF7P3,0.003381384402203997
TCONS_00029157,0.003381015491206219
LINC01539,0.003380599375659878
RP11-583F2.6,0.0033805955613823175
AC241585.1,0.003380261625888916
CTC-543D15.3,0.00338011999417164
RPL22P19,0.0033798758228065395
AC104809.4,0.0033795481964594967
LIF,0.003379379174064444
WDFY3-AS1,0.0033793459712128647
MTRNR2L3,0.00337921292821378
AL161668.5,0.0033788648854741034
RPL23AP63,0.0033784810293760003
RP11-730G20.2,0.0033781475100361233
SLC12A3,0.00337814149044403
NEGR1-IT1,0.0033777023234164965
PDCD6IPP2,0.003376998176510109
RP11-80H5.9,0.0033763791346621665
MTUS2-AS1,0.0033760347582096634
RP11-10L12.1,0.003375637982588445
PPBPP2,0.0033750882137405245
C16orf91,0.0033750777753251814
IP6K3,0.003374802106360617
ANKFN1,0.0033745449689973643
ZNF830,0.003373997187840131
AC009961.2,0.0033737529807933114
CPEB1,0.0033733981192689624
FAM83H,0.003372210290403751
DUSP8P3,0.003371667867280455
CTD-2090I13.1,0.0033694714476443497
RP11-284J1.1,0.0033693196584410694
AC129492.6,0.003368933501009546
Y_RNA,0.003368889504166866
MIR4453,0.0033685378490961072
AC107218.3,0.0033684832404357284
CCND2,0.0033683041797446457
RN7SKP21,0.0033682897412316286
RP11-239C9.1,0.0033682584139847166
SERF1B,0.0033682317075864753
NEK2P4,0.0033678679507472904
CACYBPP2,0.003367861888321119
EIF6,0.0033677756231107023
SNORD116-4,0.00336757598403931
UCP1,0.0033674537483367128
RP11-173A16.1,0.0033670195896688924
PPIAP29,0.0033667276337246044
JRK,0.0033665812067257697
CTC-467M3.3,0.003366410452438773
RPL13AP20,0.003366370346483651
AC093899.3,0.0033660346764822777
RP11-735A19.3,0.003365665092485591
SLC9A4,0.003365531001380102
MALAT1,0.0033653889477803425
MIR4714,0.003364103817672426
RN7SL152P,0.003363466860695481
RP11-33N14.3,0.003363447725724789
C1orf216,0.00336333174352608
CTD-3094K11.1,0.0033628063649494082
GS1-21A4.1,0.003362338466028653
RP11-897M7.4,0.003361934243210861
HM13-AS1,0.0033619300116649858
GCSHP5,0.0033619055335438333
ISCA1P6,0.003360949265651941
RP11-62J1.4,0.003360603581472207
RP11-477E3.2,0.0033595804267294704
RN7SL25P,0.0033595604281996005
FZD3,0.0033592799339424054
RP11-295D4.4,0.003359105250510638
POLA2,0.0033573282167569307
RP11-362K14.5,0.003357210009612038
RP11-399J13.2,0.0033571698221718195
CLEC4E,0.003357088523925446
RP11-192H23.5,0.0033568981490464515
RP11-342D14.1,0.003356814587216412
L34079.3,0.0033566938137846343
MIR31HG,0.0033564804913149555
KLF2,0.0033563741545817403
EIF4A1P6,0.00335633389135645
MT-CYB,0.0033562475467477544
RP11-297C4.1,0.003355405047600073
RP11-795J1.1,0.0033551478668192
SNRPCP19,0.0033550901537559353
RP11-382A20.6,0.0033550371332502125
RP11-214O1.3,0.0033542320591571305
TWISTNB,0.0033538910992334317
RP11-855A2.2,0.0033535268893269982
RP1-229K20.5,0.0033529394904033816
C9orf172,0.003352753936330501
RP11-331G2.6,0.00335183584422842
RP11-406O16.1,0.003351430589759988
RP11-462G2.2,0.003351259042522537
GACAT2,0.0033512342815704677
RP11-707M3.3,0.0033511120672571498
RP11-3D4.4,0.0033510263421891616
RP11-546M21.6,0.003349831134663498
PPP1R12BP1,0.003349474992315426
RP11-646E18.4,0.0033488104757573166
RP11-1006G14.2,0.003348793385985064
RNU6-853P,0.003348772079784331
HOXA5,0.003348504644967275
RNU6-1176P,0.0033484297596791555
TMPRSS11GP,0.003348332890657851
COX6CP2,0.00334726347200669
KB-1410C5.5,0.0033471230387471067
RP11-109N23.5,0.0033458568920180483
EMC8,0.0033458412436993394
TP53RK,0.0033457689908164266
RP4-564F22.5,0.003345678816962011
MAP3K14-AS1,0.0033451641673755044
RPL10P15,0.0033444156373895386
RPL21P23,0.0033439226183163044
RP11-298J23.5,0.003343798246322777
CTC-338M12.5,0.0033435988991971127
GAPDHP45,0.003343397665127016
ZNF774,0.0033431379490738112
AC144831.3,0.0033431287429951597
LAG3,0.0033430694315367817
C16orf47,0.003342841265897924
TOB2,0.00334229588362317
RP11-532F6.5,0.003342263497599266
RP11-168P13.1,0.003342251062117612
RP11-214K3.25,0.0033422052536848644
OR7E12P,0.003342104970154745
AC009095.4,0.003341408948893283
PPP2CA,0.0033414042619040606
MT-TY,0.003340937623949196
DGUOK-AS1,0.0033407437364470416
STK19B,0.003340610046718193
RP11-268P4.4,0.0033400513698134625
AC009414.1,0.0033395615730622418
TCEB1P18,0.0033394784137784246
RNU6-325P,0.003339371873114598
KANSL1-AS1,0.0033389900176277855
SNORA68,0.003338480253647053
TRAPPC3L,0.003338417964280776
RPE65,0.0033383627246170535
RP11-173E2.1,0.0033375962149566284
RP11-203H19.2,0.0033375529966363816
OGFRP1,0.00333734893561091
DDX52,0.003336950838745221
SNORD14E,0.0033365914666929684
POU3F3,0.003335705153233619
RAB40AL,0.003335036550468613
USH1G,0.0033348453606287113
CELA2B,0.0033336779978881976
RP11-439E19.10,0.0033336298106358656
RP11-739N20.2,0.003333042577123135
RP11-183G22.1,0.0033329969345882744
AC006369.3,0.003332785085456019
BCAP31P2,0.003331758379870532
CTD-2026D20.3,0.003331616304881607
LINC01484,0.003331537439195972
RP11-348P10.2,0.0033312938155715295
LACTB2,0.003331031845042751
HTT-AS1_1,0.003330676990831988
RP11-672L10.6,0.003329519016799792
RNASE13,0.003329290068155329
DKFZP434L187,0.0033289364128802467
RP11-117D22.2,0.0033288754204545946
POTEJ,0.003327825689492244
RP11-265N7.2,0.00332748801836299
MT1A,0.0033272556504971907
RP11-497H16.9,0.003327144545963962
RP11-112N23.1,0.0033268058213729488
RP11-796G6.1,0.0033266101514501
CTD-2574D22.4,0.0033262727342267743
FAM90A24P,0.0033254438399923296
SLC15A4,0.003324860482903768
AC007679.4,0.0033241520021337714
LINC01596,0.0033241335404552183
ZSWIM6,0.0033240802405913655
RNU6-116P,0.0033239723926038493
CBX3P3,0.0033235807208071427
CYP2A13,0.0033234955852846264
CRYGN,0.003323196108793101
ZNF90P2,0.0033230128616558575
LINC01272,0.003322774179933022
HNRNPKP2,0.003321702481819868
ABCC6P2,0.003321511194194159
RP11-89B16.2,0.0033213699289610676
LINC00398,0.0033210268243452474
RP11-428G5.5,0.003320564814798213
NRN1,0.0033197698551642248
AC006947.1,0.0033196803661862152
RP5-966M1.6,0.0033195250509843047
RNU6-1189P,0.0033194568756014786
RNU7-59P,0.003319333781393547
PLBD1,0.0033192718347327074
RP11-422P22.1,0.0033190228540176648
GGTLC4P,0.0033183472486000226
ZNF321P,0.0033181266155147275
AC018463.5,0.0033178510046906378
DENND5B-AS1,0.00331740852306785
MIR219A1,0.003317345106156864
AC087499.10,0.0033170752698421595
SOCS5P2,0.003316972121304395
EID1,0.003316529939203409
GS1-166A23.2,0.003316463495198925
CACNG8,0.003316431093828596
GK-IT1,0.003315334706052581
RP11-791G16.4,0.0033152637909350177
SLC17A8,0.003315068268893217
RP4-665N4.4,0.003314883176954799
HSPA2,0.003314339018974836
AC011239.2,0.0033142583363839464
RP11-722E23.2,0.0033141818044179383
BBS12,0.0033141623995527904
HCG17,0.0033139889609936214
RP5-1074L1.4,0.003313553807413204
RP11-222G7.2,0.0033131468451213417
HMGN2P47,0.0033131387498255083
LINC00891,0.0033131039024701945
LINC01013,0.0033128833887290303
ATP5A1P3,0.0033126900473310584
TMEM147-AS1,0.003312681064122472
LRRC74B,0.0033121217850946116
HLA-K,0.0033121001662376162
PPP1R15A,0.0033116986220143095
RP11-665C16.8,0.0033115498052271857
RP11-552F3.10,0.003310074676138008
RP11-318A15.8,0.0033100306948803645
BDKRB1,0.003309959755216328
ABCC9,0.003309833129372972
RP11-113I24.1,0.003309586133028239
EEF1B2P4,0.003309482071133064
AC093732.1,0.0033089882325574027
DNM1P35,0.003308849819181234
NDUFB9,0.0033087575592958044
RP1-288L1.4,0.0033082894883093824
TVP23C-CDRT4,0.003308196840739182
RP3-394A18.1,0.003308178796428404
CTC-308K20.3,0.0033076281211974826
RP11-23F23.2,0.003307111107801141
RNY4P37,0.0033070760590862927
MIR5581,0.0033063168411171843
ESCO1,0.0033061749577655876
AC005539.2,0.0033054978715070854
E2F2,0.0033052448300682855
FAM53C,0.003305151600386376
AC004837.4,0.00330492363706118
ABCG4,0.003304825166711306
RP11-777J24.1,0.0033043627718416357
MIR4664,0.003304339898328761
RP11-28A22.2,0.0033041989120817018
AC007881.4,0.003304063619059201
PHLDA3,0.003303774020887701
RP11-115N4.1,0.003303488682641718
DMC1,0.0033032064278297243
RP11-13J10.1,0.0033032013287183524
RP11-359M6.1,0.0033029335508944773
RP11-177B4.1,0.0033025785100184745
CENPO,0.0033023381218886174
RP11-120J1.1,0.003302329074565025
PPP1R1C,0.003301726492701168
C17orf49,0.0033016465928597328
B3GNT4,0.003301577450807069
RN7SL233P,0.0033004007423682396
RP11-1134I14.2,0.003300139322824687
RP11-1275H24.1,0.003299672807618728
RP11-446J8.1,0.0032993998252924643
RP11-347I19.7,0.0032991279212977297
CTD-2589M5.4,0.0032987371929634347
RP11-203H2.2,0.0032985734566417665
SUPT20HL2,0.003298235776427036
XRCC6P1,0.003297967949885031
KRASP1,0.003297669380881679
PSMB8-AS1,0.003297645668292722
RP1-293L8.2,0.0032966046048118276
CTB-113I20.2,0.0032962178903021945
RP11-700N1.1,0.0032959368770321524
CYB5D2,0.0032957504324389354
UBL5,0.0032955956254144547
TXNDC5,0.0032955331302241733
RNU6-1123P,0.003295145963482889
RP11-1167A19.6,0.0032948697599075563
COX6CP8,0.003294842465272094
LINC01249,0.003294431225943501
ASB16-AS1,0.0032942720086136796
GPS2P2,0.0032936765324588016
RP11-231I16.1,0.003293489628512531
BPIFC,0.0032931489454387027
RBM33,0.0032931031228377768
LINC01363,0.0032930970973653797
RNA5SP515,0.0032926298347706936
RP11-469H8.6,0.00329179133794646
RAC1P7,0.003291708658180235
RP11-115D7.3,0.0032916135039256626
RP4-791C19.1,0.0032911549998316967
OSGIN2,0.003291097690943221
TNKS2-AS1,0.003290724826936132
RP11-736K20.5,0.00329055047103945
RP5-1000K24.2,0.0032905428601282026
MTCO3P13,0.003290101812970018
MBL3P,0.003289699094966587
FAM71E1,0.0032887634393060044
CTD-2530H12.4,0.0032876391989630394
UPK3A,0.003286989280073277
LINC00927,0.0032867818366498
RP11-609D21.3,0.0032865639470981696
LINGO4,0.0032858272519768156
LINC01046,0.0032856829597294438
GJC1,0.0032846187187045234
LINC01254,0.003283898488598139
RP11-388M20.6,0.0032834945801711096
DCUN1D3,0.0032827397813035993
RP11-739N10.1,0.0032826326536795998
GSDMA,0.0032823385173777558
CTC-239J10.1,0.0032819266162576
RPL10AP2,0.003281621408241201
RP11-599B13.9,0.0032814559262005815
CTD-2647E9.1,0.003281257535718014
RP11-296A18.6,0.0032811573354762317
RP11-575L7.2,0.0032809707470606605
SLC14A2-AS1,0.0032806448157698368
SDCCAG3P2,0.0032801508457351103
IQUB,0.0032797868375789964
HMGB1P11,0.003279476290145543
AC097468.7,0.0032792283258576
PSMD7,0.003279210287751042
AC016722.4,0.0032778498049504936
RP11-366M4.1,0.003277847729550536
CTB-32O4.3,0.0032777833590681487
RP11-168P8.5,0.0032775794169066577
RP11-363J17.1,0.0032772496944669374
CTD-2503O16.4,0.003277199640997333
ZNF426,0.003275614930487575
MRGPRE,0.0032755821526105084
RPS15AP3,0.00327523514736185
AL022476.2,0.0032751145949283206
RP11-617B3.2,0.003274913897256306
MIR1289-1,0.0032748534207724805
ANKRD40,0.0032747132591341766
KIAA1161,0.0032745146993815298
RP11-254F7.2,0.003274234892069646
MGP,0.0032735180822707067
KB-1592A4.15,0.003273386706323751
RP11-1148L6.5,0.003272764151384731
DDX3X,0.0032727431710291082
BBS7,0.00327272070281766
AC108004.2,0.0032714252703228536
RP4-714D9.4,0.0032712764443723424
LINC01297,0.0032708549884510694
RP11-45A17.4,0.003270619713538339
RP11-384K6.8,0.003269130459533884
RP11-296P7.4,0.0032690618510835636
RP11-69G7.1,0.003268973336421093
ZNF688,0.0032687279333090125
BZW1P2,0.003268532353872563
AC010883.5,0.0032685284669928976
TSHZ1,0.003268527752733622
CETN2,0.003268465658851387
DIO2-AS1,0.0032680588138333786
RP11-141M1.3,0.0032676599103272515
IGSF11-AS1,0.0032671124226868716
BNIP3P37,0.0032663308923449705
RP11-495K9.2,0.0032660406932986104
RP1-69D17.3,0.003265837824203296
RNU4-22P,0.003265802399477214
PSPN,0.003265320064310264
MFSD8,0.0032652782325078874
RP11-548H18.2,0.0032652256448092577
CTD-2036P10.6,0.003265135439496616
TAT,0.003264977788325685
KCTD2,0.0032634757964516963
RP11-91H12.1,0.003263366993222347
RPS2P45,0.0032631762114999703
OR7A5,0.0032631082684504383
EEF1A1P10,0.0032629074267347493
UGT8,0.003262736995566269
RP11-713P17.3,0.0032626656888172837
HNRNPA1P44,0.0032624249605530276
RP11-976B16.1,0.003262305652871419
SLC25A39P1,0.003261955855928025
RP11-632K20.6,0.003261719302049974
BTF3L4P2,0.0032616541466404026
RP11-467L24.1,0.003261653748094293
CTC-429P9.5,0.0032612546455499892
RP11-46I8.3,0.0032611124662413086
DPRX,0.0032608215159863558
RP11-288C17.1,0.003260054142506478
CDC42BPG,0.0032590276952108596
MAGEE1,0.003258712550052784
NOVA2,0.003258090330709968
RP11-120M18.2,0.0032578503125573234
RP4-665J23.2,0.003257616320325276
RP11-56B16.2,0.003257590557872959
RP1-66C13.4,0.0032569859606905627
CTC-232P5.4,0.0032569290989920927
TMEM136,0.003256678245074443
MIR553,0.0032562729661051257
SMG1P6,0.0032562358956478936
RP11-18H21.3,0.0032561767326381836
RP5-1139B12.4,0.0032560780917099854
SRP68P3,0.003255572711085318
D21S2088E,0.003254623915256977
ITGB8,0.0032541515338987245
BMPR1B-AS1,0.0032539950199845665
HSD11B1,0.003253770750082669
Y_RNA,0.0032537390018577265
RP5-1056L3.1,0.003253487372182515
RP11-399K21.5,0.003253423853774477
RP11-887P2.5,0.003253329747208266
RP11-54O7.11,0.003253326131831193
RP3-460G2.2,0.0032528515805216513
PYY,0.0032528006455319882
SBF2-AS1,0.0032526003195816945
C16orf87,0.003252261907199036
MIR103A2,0.003252174734936972
ATP6V1G1P2,0.003252015489163784
RP11-252A24.8,0.0032514877722236318
RP11-29H23.5,0.003251479955795076
RN7SKP124,0.003251108717836869
RP11-857B24.3,0.0032510480262041403
STAT6,0.003250747216572554
MED15P5,0.003250409585115215
ARHGAP23P1,0.003250089480220848
RPS3P1,0.00324983248939496
PCDHB7,0.0032495991524754022
MFSD1P1,0.003249345667632462
RP11-735G4.1,0.003249275119293824
RP11-290F5.2,0.0032491001531597752
GAPDHP69,0.0032490507487575168
RP4-740C4.5,0.003247720647591313
SHMT2,0.0032477019535013633
RNU6-506P,0.0032472369214192427
TSPAN2,0.003247102701010393
OR8T1P,0.003246483511657618
STAP1,0.0032464797074347445
RP11-490K7.4,0.0032463430410856545
PPARGC1A,0.0032452850390570828
MARCKSL1P1,0.0032452562084211616
CTC-412M14.5,0.003244982312860798
RP1-29C18.8,0.0032448895526794672
RP11-690D19.3,0.003244837811758847
LINC00449,0.0032448063204734956
CDK6,0.003244081085865328
MPZL2,0.0032438376411332553
TMEM179B,0.0032430343896115627
RP1-167G20.2,0.003243021493179188
QTRT1,0.0032423845793462243
RP11-350J20.12,0.0032422995129635494
CTD-2358C21.5,0.003241850197306539
HAS2,0.0032417493114212832
ANKMY2,0.0032417455886233734
CTB-25B13.5,0.003241652025961777
RP11-146F11.4,0.0032414815040667983
UGCG,0.003241463813382889
RP11-900F13.2,0.003241430027442226
RNF152,0.0032409905596629007
CTA-204B4.2,0.0032409338533589834
RNF11,0.003240918501148699
RPS26P28,0.00324087535541783
TAF9P3,0.003240653581702822
PEBP1,0.003240504347826624
LYRM9,0.003240417889525685
RP3-423B22.5,0.003239976889782906
AC103564.6,0.003239947185276279
SOX12,0.0032395801908858277
LRRC9,0.0032395235105984886
LINC00460,0.003239202464314894
KRT18P40,0.003239178475243378
CTD-2152M20.2,0.003238814867229726
RP11-107G24.3,0.0032388068712389706
RNU6-487P,0.0032383133355215247
MIR642A,0.0032382593441916026
GJA5,0.003238110587485746
CTD-2537I9.13,0.0032380707751352112
Z95704.3,0.0032378495030246698
RP11-85G20.1,0.003237016775081695
RP11-322L20.1,0.00323680506447015
Y_RNA,0.0032360676614263846
TRIML1,0.003235683596934365
PSAT1P4,0.003235422962641496
AC016716.1,0.0032350173670635616
RP11-663P9.1,0.003235008976264316
RP11-684B21.1,0.0032349930061394147
STX18,0.0032349389966289713
GPRIN1,0.003234817196519624
FAM173A,0.003234594203135608
PIK3CD-AS2,0.0032335143537641766
ZBED3,0.0032334987662706507
LINC00648,0.0032333959268909095
RP5-827C21.6,0.0032332204337234783
RPL29P2,0.003231725013078412
COMMD1,0.0032312568238312216
PKD1L1,0.003231246204014125
RP11-375O18.2,0.0032310780056102398
ELMOD2,0.0032306410534803935
SPATA31E1,0.0032306327872933835
XIAPP3,0.003230569249906524
NTRK3-AS1,0.003229847340014924
TNXA,0.003229426027261228
NOC2LP1,0.0032294082649474212
RP11-275I4.1,0.0032291044052388195
RPL26P37,0.003229041407939443
Y_RNA,0.003228929393702338
RP3-337H4.10,0.0032284392656551516
LINC01101,0.0032282597169169583
AC073342.12,0.0032278387286717868
AP000345.4,0.003226565625713104
LINC01016,0.0032263913262555394
NTS,0.0032260358592257348
RP11-275I14.4,0.003225881603460007
AGGF1P2,0.003225641664510804
RP11-1113L8.1,0.003225589038623603
B4GALNT2,0.0032255054822699007
RP11-449H3.1,0.0032253611303408093
CTD-2323K18.1,0.0032252671518203622
FLT1P1,0.0032248666909597914
RN7SL815P,0.003224435030970916
CTD-3193O13.1,0.0032239062165424232
AC114752.3,0.0032231807188652034
Y_RNA,0.003222894301157443
RP11-437J2.4,0.0032221652873526537
RP11-113C12.4,0.00322205001335726
RP11-262H14.5,0.0032215081722675202
MTDHP3,0.003221263408025946
CTD-2023N9.3,0.0032207513655286386
RP11-474L23.3,0.003220738850633287
CTD-2589H19.6,0.0032201227513492833
OSR2,0.0032197194690720293
DUTP6,0.00321918111160137
CSNK1E,0.0032186900551195545
RP11-130F10.1,0.003218662046847742
RP5-966M1.5,0.003218508906678074
CTD-2192J16.26,0.0032182800511073944
GLIPR1,0.0032181122015795347
TIPIN,0.003217935443248728
ZDHHC1,0.003216846984934356
BEX4,0.0032159981353406964
AC007750.5,0.003215810255340321
RP11-332H14.1,0.0032157837157827276
RP1-50J22.4,0.00321538409178567
AC005786.6,0.0032150655253241345
Y_RNA,0.0032148752537038746
ZNF667-AS1,0.0032145742463943715
ERICH4,0.003214550975306129
AL022344.7,0.003214546068147595
RHPN2,0.00321329158424516
SMIM1,0.0032130226010454056
AC005796.2,0.0032128639581005688
ANGPTL2,0.003212395248305627
OVOL1-AS1,0.003212124674345151
WNT9B,0.003212014022009227
SIGLEC14,0.00321191309475766
TRAV5,0.0032117005397150787
GABBR1,0.003211388114259053
RP11-589P10.5,0.003211259762239211
APRT,0.0032110267533963653
EAF1-AS1,0.0032102165795243193
RP11-109E12.1,0.003210089367511127
RP11-761N21.2,0.0032098453269377753
CTD-2349B8.1,0.0032097870990918068
CTA-313A17.3,0.0032091425582333644
CD302,0.003208476038113593
RP5-878I13.1,0.0032075829593067426
MTCH2,0.0032074770558945414
SMARCA5-AS1,0.003207244282833871
CYCSP22,0.0032070461411923294
LINC01022,0.0032060097171511866
RP11-536P16.4,0.003205916746017644
SNORA13,0.0032057052597715876
RP4-635E18.7,0.0032055518627062403
RP11-383G10.5,0.0032051369386684237
RP11-168L7.1,0.003204691132754915
SRD5A3-AS1,0.0032042675662838278
RP4-545K15.5,0.0032040705352940745
AC068657.2,0.003203516279040731
LENG9,0.003203070246849482
TMEM203,0.0032027244553326974
RP5-998N21.7,0.0032027236977313607
RP5-1021I20.1,0.003202679937016566
AC073321.4,0.0032026630809441777
NEURL3,0.0032025334032942483
LINC01468,0.0032024656589517662
RP3-324O17.8,0.0032023940297611427
NAP1L4P1,0.0032023112644617847
RP11-308B5.2,0.003202212598390226
RP11-301M17.2,0.0032020763497543404
NPM3,0.003201765513675621
NPM1P9,0.003201195282063552
RP11-159H10.1,0.003200937838577563
ZBTB12,0.00320086702509472
RP11-791G16.2,0.003200739640992166
RP11-18C24.8,0.003200592445363238
LINC00159,0.003200178576368246
GSC2,0.003200174563138491
RN7SL481P,0.003200125173542807
HNRNPA3P9,0.003200088086802571
STMN3,0.0031998007360960526
RP11-30P6.1,0.003199192151742216
C1GALT1,0.003198891851623458
HLA-L,0.003198096572447994
EIF5A2P1,0.0031975552691528557
RPS25,0.0031974059273664666
RP11-319G9.1,0.0031973933661789923
KCNH3,0.003197224545726922
RPL5P27,0.0031971233635052676
CTB-47B11.1,0.0031967034690708195
MIR23C,0.0031966838938167837
MIR3065,0.0031966579207165185
CTD-2013N17.4,0.003196612971202657
HSPE1P8,0.003196487235638776
RP11-497H16.7,0.0031964642123636627
CTU1,0.003196304434210026
RP11-524L6.4,0.003196295382746959
CTD-2375G15.1,0.0031962329225755978
ATP5HP3,0.003196054272812238
DUX4L27,0.0031957633409075196
MTRNR2L1,0.0031954895612212957
AC074117.10,0.0031953432036372874
SETP22,0.003195275388141124
LINC00461,0.003194644449281259
RP11-172C16.4,0.0031944921552545706
U2,0.003194427783084432
OR2T2,0.0031937555137944297
RP5-1029K10.2,0.003193547819720981
ERP29,0.003193056210837036
RP4-675C20.4,0.003193011639497409
RP11-85I17.2,0.00319294119563604
OPTC,0.0031929231688245267
RN7SL538P,0.003192861147302395
C9orf139,0.0031926976268610197
LRRC37A2,0.0031922010584756783
OR2T32P,0.0031917398274260204
SMCO3,0.0031915576045406595
CCDC184,0.003191424150884939
LINC01293,0.0031912648683590276
PAK1IP1,0.0031910880690133913
RP3-527G5.1,0.0031902763082042344
RP11-175B9.2,0.0031902321276688467
RNU6-1079P,0.003190106115439683
SEPSECS-AS1,0.003189964195823592
RP11-165J3.6,0.0031892262757428217
RP11-17G12.2,0.003188878429958415
RP11-430B1.2,0.0031882074321978797
GATAD1,0.0031880278222887366
RPSAP50,0.0031877886000332162
FAM96AP2,0.0031872323056367606
MTND6P21,0.003187074739313328
ACSL5,0.0031869632897577943
RPL7P11,0.0031868141130227553
RP11-397E7.4,0.0031866363055842143
PEX5L-AS1,0.003186463781901642
RPSAP53,0.0031862847268902465
ARL14,0.003186183258848442
FKBP3,0.0031859356656911016
ARL5AP4,0.0031859020530413122
ISG15,0.003185442810165675
RPL5P18,0.003185277431516627
ZNF33BP1,0.003184948175121252
RP11-463C8.7,0.003184908495988383
SOCS5P3,0.0031846182448031614
RP11-575F12.3,0.0031836769741592514
TRBV2,0.003183660963649405
RP4-535B20.1,0.0031833853200253165
RN7SL23P,0.0031832553536276535
CTD-2028E8.1,0.0031830660656868787
LCMT1-AS1,0.003182835573365544
AC226119.5,0.0031823822134299535
RFC2,0.003181361413028699
GRPEL2-AS1,0.0031811647167079788
LURAP1L,0.003180934536501376
FAR2P1,0.0031807250369510426
RNU6-638P,0.00318058030957012
ID4,0.0031801006722852005
FKBP15,0.003180033336921234
RP1-172N19.5,0.003180001926681943
RP13-43E11.1,0.0031799060495956394
PTPN2P1,0.003178823208878684
RP11-74C13.3,0.0031787014527489992
DND1P1,0.003177916147858823
MIR4768,0.0031775691675507444
CTD-2124B8.2,0.003176894673745006
RNU6-593P,0.003176816548657091
PPP1R14BP5,0.0031761081686734974
ENOX1-AS2,0.0031754233016730296
RPS4Y2,0.0031754148411040697
LRRC37A12P,0.0031753566538283103
LINC01500,0.0031752140795253763
CCDC75P1,0.0031751210815681623
RNU6-919P,0.003174626882902986
TMEM252,0.0031740182991990577
BNIP3P18,0.0031739388757376376
RP11-548H3.1,0.003173863311393792
ZNF469,0.0031738323363272596
GZMM,0.0031736157910155034
CTD-2192J16.21,0.00317352998038723
GUCY2F,0.003173125156573829
LL0XNC01-36H8.1,0.003173004040906026
RP11-406H23.5,0.0031724183004015988
CTD-3148I10.15,0.003172040631076763
RPSAP44,0.0031719847412462684
C20orf202,0.003171863018755014
MIR378B,0.0031714103892074323
ATG4D,0.003170398143495552
RP11-452J6.2,0.003169941504587172
HIST1H2AE,0.003169667049144011
LINC00519,0.003169376311217695
RP11-1280N14.3,0.0031693419138119645
RP1-71H24.1,0.0031692085634447953
PIP5K1P2,0.0031690747891644513
FGD5,0.003169003672142765
CTD-2195B23.3,0.003168930035586359
DERL1,0.003168744399530905
RNU6-304P,0.0031686891594204037
RP11-122G18.9,0.003168682308569088
CYP2A7,0.0031682647848716326
SMCO2,0.003166971481356843
RP11-227H15.4,0.0031668527698825687
NAT14,0.0031664538341952195
C15orf48,0.0031662406887205375
RP11-169K16.8,0.0031652454995210913
RP5-978I12.1,0.0031648850316790276
ACTG1P17,0.0031647239798614072
AC008440.10,0.003164677459071548
LAP3P2,0.0031645743520729882
LRRC37A4P,0.0031641535851821678
EFNA2,0.003164052966988972
SLC52A2,0.003163402236918122
RP1-241P17.4,0.0031633406512304257
RP4-575N6.5,0.003163059713181499
DNAJC15,0.0031627577710483597
MIR3180-4,0.003162622247646913
AMY2A,0.003162175255799179
RP11-118K6.3,0.0031616966227640537
SLC6A14,0.003161390160631734
RP11-962G15.1,0.0031603627916130784
CTD-2256P15.2,0.003160230848687856
CTD-2538C1.2,0.003160092418156095
AC073464.4,0.0031598670501258182
FUCA1P1,0.0031592043911477527
RP11-264L1.4,0.003158862228558863
CDV3P1,0.0031583015665117963
AC016907.3,0.003158190659496368
PIN1P1,0.0031581169818136663
DRG2,0.0031578912234302586
RP6-65G23.5,0.0031576765826493813
CTD-3193K9.1,0.003157333996178507
RP11-520B13.8,0.0031571880864766865
HLA-DPA1,0.003157163270573554
KRT81,0.0031568306158221556
SPC25,0.003156588071728296
ABC7-42404400C24.1,0.0031561703572606033
snoU13,0.003155767380272695
TMEM52B,0.0031555701100348652
RP11-288G3.3,0.0031551508700639833
RP11-206M11.7,0.0031544334649398526
RP11-733O18.1,0.0031538850305219512
PNOC,0.003153408074750116
RP11-63G10.3,0.003153376472011875
RN7SL192P,0.0031526689977593456
RP11-730K11.1,0.003152666977161477
SULT1B1,0.003151996182954442
RP11-506O24.1,0.00315172305844012
RP11-749H17.1,0.003151285339627101
RP11-76E17.4,0.0031512419056442427
C1orf234,0.0031512239031182697
RP11-930P14.2,0.0031512170505312645
RNU2-60P,0.0031509464638233065
RRAS,0.003150639108993627
RP11-147L13.14,0.0031504528997625867
PFN4,0.0031501828687112376
RP11-301O19.1,0.0031496381183115274
IQCA1L,0.0031495085638483375
RP11-61E11.2,0.0031494070506946476
PSMG3,0.0031490033161621213
TRBV21-1,0.003148851943148032
RP11-564A8.4,0.0031487705098685774
RP11-297A16.2,0.003148538586348543
FUT7,0.003148324918517061
RP11-80H5.6,0.0031479983494213876
RP11-554F20.1,0.0031478469439930852
PF4,0.003147413427208557
CTAGE6,0.003147089882121976
JUNB,0.0031466583235252327
RBMS3-AS2,0.00314626262420577
RP11-728E14.3,0.0031458513074600057
C1DP5,0.0031457859567505953
TAS2R20,0.003145698863036793
MIR602,0.0031454606209565484
SCARNA11,0.0031448221061648484
RP11-487E1.2,0.0031440795858975355
RP11-958J22.2,0.0031440109935676713
HSP90AB6P,0.003143927799265852
RP11-615I2.3,0.0031421508254030057
LSM3P5,0.0031418453684851446
COMMD2,0.003141671656898689
Y_RNA,0.0031408858622966975
AC020571.3,0.0031406936618529153
RP11-431N15.2,0.0031403689285132417
RP11-615I2.6,0.003140258712565533
RP11-254F19.4,0.0031399672625575833
PTMAP3,0.003138979379919423
AC024361.1,0.0031389470081731037
ACRBP,0.0031386896177163816
C17orf102,0.003138247887766412
MIR339,0.0031381629632727076
PRKD3,0.003137954518048149
BTBD1,0.003137838635103724
AC123023.1,0.00313781083711
LINC01582,0.003137595310830437
SLC25A2,0.003137268846095334
CTD-2542C24.14,0.0031372200656148617
RP11-457M11.7,0.003137132033212841
HHATL-AS1,0.003136932418981731
CTD-2299N12.1,0.00313679334899145
SNX25P1,0.0031367343127475986
RNU12,0.0031364657637450357
RP3-333H23.9,0.003136432185017793
AL132709.1,0.0031363661712046427
RP11-1074O12.1,0.003135904254351705
TRIM58,0.003135745760336151
RP11-247A12.2,0.003135685775255372
AGAP11,0.003134936520890443
CTD-2600O9.2,0.0031349010296862594
CTD-2647E9.3,0.0031346127421759263
RP11-59O2.1,0.0031345127448223946
RP11-296L22.8,0.003134347965050526
PCDHGA10,0.003134276594132309
RP11-126K1.2,0.0031342624617392172
RP11-815J4.6,0.0031339000531837424
RPL10AP1,0.0031338162012261085
GPR158-AS1,0.0031336566988941256
RP11-40E6.2,0.003133523054471163
IGLV1-51,0.00313336796124179
RP11-760D2.7,0.003133313427018765
RP11-540K16.1,0.003132597530106724
RP11-136K14.1,0.003132412330778354
FRG2FP,0.0031320469093978815
FSCN1P1,0.0031318488162190125
CTD-2210P15.3,0.0031315851480701196
RBM27,0.003131343819444621
MAN1A1,0.00313122811792374
RP3-368B9.2,0.0031307574660869144
RP11-106M3.2,0.003130311787282589
MRPL34,0.0031301999584772994
CTBP1-AS,0.003130179188497692
RN7SKP243,0.0031297548907890504
Y_RNA,0.003129540328280115
RP11-380N8.7,0.0031295051351032128
RP11-299H21.1,0.0031291795820849893
AC098820.4,0.003129110132640868
HNRNPA3P6,0.003128802403215041
KB-1460A1.2,0.0031287986522270123
ACTR6,0.003128561094260945
RPL12P12,0.0031284159798960886
CTD-2270F17.1,0.0031284006408235387
AMD1P1,0.0031282670828806525
RP11-1099M24.6,0.003128137037488131
RP5-1097F14.1,0.003128078558170249
RP11-380I10.2,0.0031275796986487054
WDR5B,0.003126789394071211
RP11-927P21.2,0.0031266620076589565
RP11-25D10.2,0.0031263160701767486
LDHAP4,0.003124926378325735
NUDT19P5,0.0031247880959801343
RP1-168L15.6,0.0031246932761700135
ENOX1-AS1,0.0031240642343509516
MIR186,0.0031239525766142994
RAP1AP,0.003123716850266367
RNU6-1014P,0.0031233117417744792
SSC4D,0.0031233019942838716
RP11-148O21.3,0.0031230020043410923
EIF4A1P4,0.003122933769839452
RNU6-37P,0.0031227988553222483
RN7SL650P,0.003122660492462489
GATM-AS1,0.003122594331155926
SLC9A3,0.0031224237053821525
RP11-385M4.3,0.0031221560504695435
RP11-173G21.1,0.00312204774335293
RP11-756H20.1,0.003121714931503049
E2F4,0.003121598292104283
TNRC18P1,0.0031213818416515366
RPS12,0.003121255774238478
RP5-994D16.9,0.0031210805667109902
RP11-277P12.20,0.003120809808460356
WDR7-OT1,0.0031207818173615526
RP11-560A15.6,0.0031199276378110117
CTNNA1P1,0.0031196780424221043
PINX1,0.0031188082547287475
RP6-218J18.2,0.003118635753362574
U47924.31,0.003118571804429254
NOL7,0.0031178934179444356
RP11-108L7.4,0.0031174395983719974
RPS29P22,0.0031171575220497183
HSPA8P18,0.0031170694268505346
VAT1L,0.0031168531523044847
CACNG3,0.003116696423228324
MEAF6P1,0.0031165573267466187
RP1-278C19.8,0.003116450493291676
KRT16P3,0.003115649972517959
RSPO4,0.003115450079821879
AC006273.5,0.003115018524094608
RP11-1029J19.2,0.0031146061138402053
TPRG1LP1,0.0031134055547796424
RP11-85O21.2,0.0031131231373356487
RP11-556O15.1,0.0031129990183214455
AC024704.2,0.003112831540632165
EIF2S2P5,0.0031123404902919207
MICAL3,0.0031120304901983884
FAM78B,0.003111821706628036
CH17-333M13.1,0.0031116272627796423
MIR5587,0.0031115632685195303
RP11-46B11.2,0.0031108921754636303
OR4A16,0.0031108725153946967
RBMXL2,0.0031108142033192147
RP11-388P9.2,0.0031096369631633813
RP11-15E18.5,0.003109615192364713
FAM27E4,0.003109415915644585
NCBP2-AS2,0.003109147047538989
UQCRFS1P3,0.00310903227723271
AP001136.2,0.0031087504076883167
RP11-184E9.2,0.0031086273687736406
OR2L6P,0.0031085926292055074
PCDH12,0.003108459359277641
CTB-83J4.1,0.0031084364921723363
RP11-490B18.5,0.003108084294444888
AC008992.1,0.0031073520239887123
IGKC,0.003106995739383869
RBPMS2,0.0031066552197233986
AMD1P2,0.0031063908583917692
RP11-25E2.1,0.0031059577988631123
RP11-1277A3.3,0.0031057287884526464
SUZ12,0.0031057063801031115
AC109815.2,0.003105417691342181
CTD-2522E6.4,0.003105068440736492
GSTTP1,0.0031049502882207597
RP11-573D15.2,0.003104938426504735
RNU7-154P,0.0031045780827406054
AL121657.4,0.0031039863457526257
POLR2L,0.003103863893317482
KB-431C1.5,0.003103672613829394
AC007405.6,0.0031035218807174314
RP11-16L14.2,0.003103376940412161
ZFP2,0.0031033621901236045
RP4-665J23.1,0.0031021307699871034
RP13-383K5.4,0.003101935277180632
CTD-2104P17.1,0.0031016853487066715
C8orf44,0.0031011625979366717
RPL39P18,0.003101054777066711
RP5-1049G16.4,0.003100795050968055
C7orf73,0.003099949715428656
RP11-410E4.1,0.003099120721455653
AC114730.2,0.0030990822321622325
RP11-64K12.8,0.0030990145505425705
RP6-191P20.4,0.003098861033467517
ATP5G1P7,0.0030981361602161715
ZPR1,0.003097844109221786
RP1-27O5.3,0.003097784477996176
GJB1,0.003097632671562183
AC138517.4,0.003097486602279746
CEP72,0.0030967900597578093
RP11-563N6.6,0.003096512100644948
RP11-218F4.1,0.0030964591020897865
RP11-184I16.4,0.003095926443659582
ELOVL6,0.0030956991369442467
CTD-2193P3.1,0.003094633528661776
DNAJC9,0.003094486852901821
RMI2,0.003093869579175186
AC004012.1,0.003093757783171032
MARK2P8,0.0030933374066950668
DAPK1-IT1,0.0030933187138093617
AC008063.3,0.0030929769808132434
RP11-428O18.6,0.0030929196655416283
RP5-1142J19.2,0.0030927083616176868
RP11-466C23.5,0.0030919620692236517
ZNF605,0.0030919317213050175
AB015752.3,0.0030916851284919695
RPL19P21,0.0030915055148849064
RP11-474I16.8,0.0030914454960390882
OR2BH1P,0.0030913582281809574
CCL16,0.00309132502769808
RP11-285J16.1,0.0030912450809713722
ATP6V1G1,0.003090069647884673
RP5-984P4.1,0.0030896933552165685
CTD-2509G16.5,0.0030896699072401525
FDPSP7,0.0030894776854800783
CLEC2L,0.0030894180278336733
RP11-402C9.1,0.0030891061640978172
ETF1P3,0.0030886206406713595
RP11-222K16.1,0.0030880314370455735
RP11-272D12.1,0.003087977962694258
SEC11B,0.0030874914204024294
RP11-164N3.3,0.0030873887010950817
RP11-387D10.4,0.0030865920257566112
HCLS1,0.003086579724919664
RP11-680G24.6,0.0030865084439408073
RP11-364B14.1,0.003086478283625473
RP11-982M15.8,0.003086273150556446
MIR101-1,0.0030858880900267974
TXNP1,0.003085827762332348
CYP7B1,0.0030857412681066345
AC007292.3,0.003085516175802703
AC006486.10,0.003085438619226613
YRDCP2,0.0030853688686538236
WASF3-AS1,0.0030852789045626035
CLDN23,0.0030848727656346856
RP11-168E17.1,0.0030848585762349025
MED28P1,0.003084626892925666
OACYLP,0.0030844206972116205
RP11-108E14.1,0.003084106984537803
RP11-328J6.1,0.0030838232981295075
ZC3HAV1L,0.0030834552251715265
RPL21P122,0.003083265277823944
RP11-90E9.1,0.003083046555281789
RP11-589C21.6,0.0030829816379510035
RP11-573D15.8,0.0030820134878926744
RP3-522J7.7,0.0030818219601182937
RP11-2E11.5,0.003081718696658074
SUMO2P14,0.003081515598319139
NPY2R,0.0030813087467327083
BDH2P1,0.0030808672459484627
PCAT1,0.0030808381133689447
GALNT8,0.0030804107627985977
RP11-192H23.7,0.0030802875729953575
RP11-179B15.6,0.003080045218558234
MEIKIN,0.003078778623195249
RP11-185E12.2,0.003078705884894045
RP11-328K15.1,0.0030783851291458
IFNWP2,0.003078372129631002
RP11-426L16.3,0.003078232319285808
IMMP1LP1,0.0030780828669020833
RPL39P3,0.0030780661713059876
GTSF1L,0.0030774815058305983
EDAR,0.003077458251930143
MT1X,0.003075959838866877
RBM48P1,0.003075263331194969
Y_RNA,0.0030743283545444974
CTD-3118D7.1,0.0030739902589593383
RP11-136H19.1,0.0030736916158070767
RP11-573N10.1,0.0030730335976324394
DYNLL1,0.0030724383348786706
AL138751.1,0.0030724338863140836
RNU2-51P,0.003072306981703926
RP11-613M5.2,0.003072176510848895
TRBJ2-3,0.0030717444404158366
RP11-497G19.2,0.0030704182333442715
MEOX2,0.0030704152100249397
RP5-963E22.4,0.0030703989364886677
RP11-630D6.5,0.0030703426335988004
RNU6-653P,0.0030700526447178223
C1QTNF1-AS1,0.003069816258294193
HRH2,0.0030688507199160093
AC008810.1,0.0030687455094710703
RPL21P28,0.003068699974273002
LINC01277,0.003068538825701127
RP11-112N19.2,0.00306822588637702
PRR29-AS1,0.0030682053801607445
RP11-268P4.5,0.003068017827188127
HIST1H4F,0.0030677581106616186
LINC00540,0.0030677478073942244
PFN1P11,0.0030672086722120253
Y_RNA,0.0030670382672572686
RP5-1050D4.5,0.003066537997949674
IMPDH1P11,0.003066096922083899
RP11-231C18.1,0.0030657819150262536
RP11-96H17.1,0.0030657807254940153
GPR79,0.003065523560605353
S100B,0.003065491695842162
NKIRAS1,0.003065191338092783
RRM2P2,0.0030649808059203826
MIOXP1,0.0030649359301080483
TCTEX1D2,0.0030649049845241443
SYT3,0.0030635449542728934
DGAT1,0.003062341209166679
SLC10A6,0.003061771584036808
LINC01080,0.0030612816589020986
MAGEE2,0.003061264257230457
RP11-152K4.2,0.0030609802160456723
RP11-400F19.18,0.003060845440720406
RP4-791M13.4,0.003060070705111148
RP5-887A10.1,0.0030599088367191593
RP4-710M16.2,0.0030598342260349004
EHHADH,0.0030595413337797268
PPIAP15,0.003059520706268093
SDCBPP1,0.003059313269468195
ZNF542P,0.0030592698636419226
AC008264.4,0.003058940709147678
RP11-111H3.3,0.003058245018088307
RP11-321E2.3,0.003058049032769586
RP11-484P15.1,0.003057679808761813
CNIH2,0.0030572441503441653
HSPE1P26,0.00305711014092743
RPS3A,0.003056670657217721
CTD-2007L18.5,0.003056432828818802
PSG1,0.003056258681498957
LLNLR-307A6.1,0.0030557978198241754
5S_rRNA,0.0030551986818010014
RP11-79P5.9,0.003055161232086011
RP11-45K10.2,0.003055128898952163
RNU6-696P,0.003054947480805165
RP11-552D4.1,0.003054897705376409
RP11-240L7.4,0.003054773922562106
RP11-334E15.1,0.003053405113583005
RP11-873E20.1,0.00305334686186697
SSU72P8,0.0030533173906440595
ENO1-AS1,0.0030523494001906764
RPL26P30,0.003051720873382136
BOLA3P4,0.0030516905254099683
RNF138P1,0.0030514727735746943
KIZ-AS1,0.0030513291292801185
VAMP5,0.0030513171180182592
FAAP24,0.003051286760654504
RP11-266K4.9,0.0030510720998846827
MIR4496,0.003050139703275471
AC072061.2,0.0030501100006658315
RP5-821D11.7,0.0030493528388466718
JPH1,0.0030493190217185896
RPL23AP32,0.003048424603243418
BX255923.3,0.0030483126104432377
RPSAP15,0.0030483004059169644
PLEK,0.003048180833216981
TSTD1,0.0030481529217051976
NCKIPSD,0.0030481346589969244
AKR1B1P2,0.0030480006347859906
RP11-554A11.5,0.0030479014211748957
RP11-706O15.7,0.0030477560051958893
SLC34A3,0.0030475940987744615
RP11-346I3.2,0.0030475640923746114
ARHGAP31-AS1,0.0030468290084416107
RP11-1113L8.6,0.0030467559126262788
RP11-46A10.6,0.0030466795508294012
SETD8P1,0.0030466479170385215
LINC00662,0.0030464921235448857
COQ3,0.0030464560264439823
AP004782.1,0.0030455647548539356
HMP19,0.0030451496732302012
CTD-2651B20.5,0.00304506716126394
CTC-543D15.1,0.0030450478107519763
HSPA5,0.0030449298222877596
MRPS36P1,0.003044893173311182
EFCAB10,0.0030442800786964295
MPP5,0.003044124903751963
TMEM65,0.0030439991236658713
MTND5P8,0.0030437922109945387
APOBEC2,0.0030437788347458753
TARDBPP2,0.003043706143845354
OR5K2,0.0030436994965344502
AC068522.4,0.0030433743472416805
RP11-667M19.2,0.003043351369051369
RP11-1021N1.1,0.003043027942401365
DCPS,0.003042848577462251
RP11-697E2.9,0.0030425529690556188
DDX55P1,0.003042305792107893
HERC2P9,0.0030418512475205257
NKILA,0.00304162224870083
RP11-283G6.5,0.003041544592736957
CTA-268H5.12,0.003041262298016165
RP11-89K21.1,0.003041193659041635
KB-1589B1.4,0.0030408652907172816
SNORD15B,0.003040232254426678
RP11-7F17.5,0.003040167712176674
RP11-322E11.2,0.0030398109175092053
YTHDF2P1,0.003039779913815756
RP11-379F4.7,0.003038491311578538
FLG2,0.003038277262230527
RPL23AP26,0.00303794008895976
KRTAP10-6,0.0030379091431797746
PNMA3,0.003037408987734309
RP11-90O23.1,0.0030373936552993007
SHPK,0.003037027210613199
OR7E126P,0.003036426100978854
AC009227.2,0.003036176336621307
RP11-350N15.3,0.003036007158503039
RELL1,0.0030359874151960737
CTD-2547L24.4,0.0030343267902108156
LINC01348,0.0030338711813403746
RP11-373E16.4,0.0030337733316612805
CHKB-AS1,0.0030333545998257492
MYL6P5,0.003033200250560582
RP11-13K12.5,0.003033185538468422
AC083843.2,0.0030329904857462646
SPRY2,0.0030327504356705694
RPEL1,0.003032535540399887
RP11-618M23.5,0.0030325261661310154
ORC5,0.0030322349925855454
PPIAP31,0.0030320128974069918
ZNF630-AS1,0.003031813045027074
ZNF90P1,0.003031526593747128
RP13-88F20.1,0.00303149208405588
CYCSP10,0.003029934351896808
IGHV3-52,0.0030298328662347884
CIAPIN1P,0.003029832145552489
GAPDHP21,0.003029811031931494
AC005776.1,0.003028989193227139
RPL7L1P9,0.0030287478500292723
KDM4D,0.0030287108645905697
LIMD1-AS1,0.0030281136230392606
RP11-632L2.2,0.003027955068103885
KNOP1P2,0.003027760727477472
PGBD4,0.0030277187158266362
RP11-1D12.1,0.0030276440026874326
RNU7-140P,0.0030271954411078884
FGF6,0.003026881707006587
RP11-303E16.2,0.003026877997189178
TUBB4B,0.003026506947520241
CTD-3116E22.7,0.0030264859802616607
CTD-2232E5.2,0.003026338800319398
RP13-465B17.4,0.003024934023002051
ARMT1,0.00302483461646321
RP13-516M14.10,0.003024138194656954
MTCO1P20,0.003023519109754709
ISL2,0.003023428853897104
RAP2C-AS1,0.003023409113505172
RP11-813P10.2,0.003023086427382271
OR10AC1,0.003023067186067324
WDR12,0.0030230543601682284
CTD-2196E14.3,0.0030228230375857834
RP11-49K24.3,0.0030225997439804995
RP11-242C24.2,0.003021780759556365
RP11-212D3.2,0.003021708699290811
NAT8B,0.0030212849400816665
MIR4305,0.0030208815184559917
RP11-286N22.16,0.003020814013276374
UPF3AP1,0.003020810985136093
ACTL7A,0.003020467500450807
RP11-347C12.10,0.003020105542227996
ACSBG1,0.0030200005940853596
AP000295.9,0.0030193261905791724
PFKFB1,0.0030186177019013386
TVP23CP2,0.003017805677087101
RP5-857K21.2,0.0030176906510334593
RP11-214N15.5,0.0030175610373130387
AC018442.1,0.0030167899540723517
RP11-434I12.5,0.003016525238795542
FAM8A6P,0.0030161467788809007
ABCF2,0.003015839211534788
KCNH4,0.003015773921843893
RP11-154H17.1,0.0030155046736360523
NUDT12,0.003014844879049331
THA1P,0.00301476970870294
EXOSC3P1,0.0030146572244993943
SMIM4,0.003014430969101204
UBE2J1,0.0030133626360129926
RP11-472N13.3,0.003013347777740653
RNA5SP251,0.0030130601182511525
LIPK,0.0030130209024731383
TMEM57,0.003012890542314423
RP11-104L21.3,0.003012871889637615
RNU1-23P,0.0030121594277203903
SLC36A2,0.003012114325427044
RP3-449H6.1,0.003012024756627951
TCAF1,0.003011492182457598
RPS6P16,0.003011489826950837
RP11-403P17.4,0.003011288876589235
GINS1,0.0030104657687495475
FTH1P7,0.003010169523542712
AL157871.2,0.0030101066876056706
ABCD2,0.0030096110401044668
RP11-114G11.4,0.0030093869507227073
RP11-87H9.5,0.0030093489748866027
AC007556.3,0.0030091737460254077
LINC01267,0.0030091530832129128
RP11-677O4.6,0.0030090936479210176
CBR3,0.0030088373217000133
RP11-289H16.1,0.0030085088509085403
GIMAP2,0.0030084781230591043
AC124944.3,0.003008270004570656
RP11-334J6.6,0.003007586384046878
CENPH,0.0030072017557849977
RP11-38G5.2,0.003007117101034425
CYP4F34P,0.0030061712513851546
FMR1NB,0.0030060431005654756
RP11-1000B6.5,0.0030056145194616943
IGSF10,0.0030055615753349016
KLHL15,0.0030053168772480447
BOK,0.0030053133860304397
AC025165.8,0.0030050589929584465
LINC01185,0.003004691811044515
MIR580,0.0030042488068919102
TMIE,0.0030041698722764057
RP11-138I18.2,0.003004158722730254
RPL5P28,0.0030035891477740895
TRAV4,0.00300343543308996
RP11-775C24.4,0.003003229127984426
MTND2P12,0.0030031750066552266
MORF4L2-AS1,0.0030031619406458753
TRAF6P1,0.0030030492464507693
AC017079.4,0.0030028845123906385
CTD-2015G9.2,0.0030026436012202426
TRIM61,0.003002616137359622
RNU6-529P,0.003002393386698487
MIR1250,0.003002331727615742
STARD7-AS1,0.0030016394812323747
RP11-64P14.7,0.0030014986460680255
AC116366.6,0.003001409852710543
RP11-88I21.1,0.00300111410680212
CDHR2,0.0030009605556548255
RP11-382A20.3,0.003000514778515392
RP11-465B22.3,0.003000328251267965
RWDD2A,0.002999920329911667
AP4M1,0.0029990992692679034
CTB-92J24.3,0.002998851400162741
RP11-70D24.3,0.0029986936817046803
LTC4S,0.0029986361223098192
CTB-32O4.4,0.002998610451102779
ATP6V0E2-AS1,0.002998191129363511
RP11-464D20.2,0.002998178320661313
RNU6-379P,0.0029980891791650476
RP11-932O9.9,0.0029979874744327705
CTB-22K14.1,0.00299768161442857
AC097495.3,0.002997639050534483
LINC01270,0.0029976142744714777
RN7SL491P,0.0029966716173337833
ARIH2P1,0.0029965203106974286
HMGB1P40,0.002996494166441112
RP11-647K16.1,0.0029962474436898362
LRRD1,0.0029960429676742888
CCDC117,0.0029957281651992514
RP11-446H18.6,0.00299487346278409
SRP9P1,0.002994843870315916
RP1-198K11.5,0.002994701256712796
SNORD113-4,0.0029944860251592273
HNRNPA1P40,0.002993928363228703
SERPINA6,0.0029936587518429123
LRRC70,0.0029936021317453
PDLIM1,0.002993342694059164
C1QTNF9B,0.0029932762234425978
YIPF4,0.0029930919968951296
XXbac-BPG154L12.4,0.002992527308826731
CTA-215D11.4,0.0029924100428923477
CLDN6,0.002992363255587773
THAP12P3,0.002992093100052557
RP11-646I6.6,0.0029918534932413376
LCMT2,0.002991529236713366
MC1R,0.0029912581523536836
RP11-447H19.3,0.0029910585611703706
RP11-24C14.1,0.0029907736637653933
EIF4A1P8,0.0029906687886906824
MTND4P4,0.002990239434006082
NRIP3,0.0029899995462637032
RP11-629B11.4,0.002989791958193642
RP11-650K20.3,0.002989696836784937
RP11-284F21.8,0.0029895313514095973
RP11-338K17.8,0.00298934200830244
RP11-115C21.2,0.0029887079833386784
ALG1L,0.0029885195715295483
RP11-256I23.2,0.0029884842897306015
RPL5P35,0.002988369490505132
CISD2,0.002988214557928802
RPS27AP9,0.0029878180624035742
RP11-363J20.1,0.0029875684864358303
AC138035.2,0.0029875621671359297
TMEM161B-AS1,0.0029873608692474554
SLFNL1-AS1,0.0029869845672980235
SH2B3,0.0029866096748740745
RP11-519G16.3,0.002986348742722373
RP11-178L8.7,0.002986081835617093
LOXL4,0.002985920319219179
RPL31P49,0.0029855852882976273
RP11-196G18.22,0.0029852613586602347
IMP4,0.0029852331408321163
C8orf88,0.0029851465877346254
PRR13P7,0.0029851310178581206
MTATP8P2,0.0029849976016777424
CHST14,0.002984421167587904
RP1-181J22.1,0.0029842947879886316
CTC-320C6.1,0.0029836936910602003
RP11-6O2.2,0.0029833962817080698
LIN28AP2,0.0029830739450102234
RPL12P8,0.002982983365034471
VANGL2,0.0029829291542182047
COQ4,0.0029827322209029696
LINC00374,0.002982655386038066
CEP95,0.002982450739015423
ILF3-AS1,0.002981941295812742
PCDHA13,0.002981804754748004
CKS1BP1,0.0029813832672767
RP1-102E24.9,0.002981298872369213
RP11-680A11.5,0.002981264590372168
RP11-342K6.1,0.002981181377404826
RP3-325F22.5,0.00298071817951583
AC006272.2,0.002980409354483312
Y_RNA,0.0029803282759151063
RP11-432I5.8,0.002980023417158351
SLC39A4,0.0029798520753913545
HSPA8P8,0.0029797430879683244
KB-1000E4.2,0.0029796122210902203
LGALS9DP,0.002979525153662986
AC008746.10,0.0029790490188333907
RPL7P24,0.00297898828751062
RP11-414C16.1,0.0029789479935911807
RNA5SP383,0.0029783761166371856
CCDC163,0.002978208231632199
RN7SL711P,0.0029780456968481928
RP11-313D6.3,0.0029773583907104174
FAM90A25P,0.0029771224702361313
ARMCX5-GPRASP2,0.0029770099496815683
TMEM114,0.0029761570077573543
DNASE2,0.0029759936871384994
RNU6-141P,0.0029749795841476547
RP11-192H6.2,0.0029748657822438363
SNORA66,0.0029746023139829414
RP11-337C18.8,0.002974588932817103
RP11-709D24.5,0.002974318803442224
ITGB6,0.0029742464667239055
RP11-690I21.2,0.0029740395658662397
PLET1,0.002973531737442611
RP11-63A1.1,0.0029732021250141473
ASCL3,0.002972985161446178
PHBP9,0.002972846112917508
LYZL4,0.0029727949502588763
PPIAP13,0.002972418237668466
FANK1,0.002972176327458027
AC110926.4,0.0029715328402685533
RP11-306K13.1,0.0029708584636670915
RP11-739P1.2,0.0029708304518767307
RP11-3B12.4,0.002970443249462582
CST2,0.0029703720388622227
RP11-77H9.6,0.0029697521346651527
RP11-363D14.1,0.0029692373514422776
DLGAP1-AS5,0.002968763405987074
RPS8P3,0.0029683025799585446
KCNQ5-IT1,0.002968250163438315
AK7,0.0029675290110926598
CLRN3,0.00296751160995691
PRSS51,0.002967323121954154
LLPH,0.002967058841624932
UHRF1,0.0029668746677200914
Y_RNA,0.0029666109962089744
Y_RNA,0.0029657351955348424
MYL9,0.0029657025738919936
RP5-1074L1.1,0.0029652577704887243
POM121L2,0.0029650712035919494
SMG1P1,0.002965042815391761
SNRPGP10,0.002964628319867938
RP11-370I10.6,0.0029644853579194365
CTD-2562J17.4,0.002964420441541745
AC114765.2,0.0029642924554257417
RP11-392A14.9,0.002964068669340147
SAA1,0.0029632757051592453
BRWD1-AS2,0.0029631719726357065
RP5-1101C3.1,0.0029629566486653386
IPPK,0.0029627638076796413
SHB,0.00296270280459934
CTD-3022L24.1,0.0029625063583396077
CXCR1,0.00296234928825123
RP11-325L12.3,0.00296211007189245
AC016995.3,0.0029617424402664655
CICP5,0.002961707245649075
RP11-3J10.7,0.0029615939456760507
RN7SL615P,0.002961533864285007
RPL23AP2,0.002961358799424457
RP11-278J6.4,0.0029611872149534115
RP11-56B16.5,0.002960742358407298
MIR877,0.0029603050694001205
SMO,0.0029601580896435925
RPL21P17,0.0029596883705033388
RPL31P2,0.002958765730459747
AP003068.9,0.002958557511926255
EIF1P3,0.0029579160064093922
SAMD9,0.002957659090374794
CCND2P1,0.002957525623524733
RP11-177A2.5,0.0029571316991206897
AC105342.1,0.0029564857691997425
RP11-1105O14.1,0.0029558689710045094
AP000344.4,0.002955864423416141
UBTD1,0.002955126800994736
HNRNPLP1,0.0029549707283433304
PIM3,0.002954613848143722
SLC39A12-AS1,0.0029545739071213323
OR7M1P,0.0029545172703961454
LINC00561,0.0029544491227990284
RP11-563M4.1,0.002954408971829643
TGFBR3,0.002954353540070728
RP11-17P16.2,0.0029542191917245305
NPTX1,0.00295363043393578
CYP26C1,0.0029533555626560285
AC145676.2,0.0029531712510111096
RP11-887P2.6,0.00295315962862554
PON3,0.002952987053822477
RP11-80H18.4,0.0029527642958963795
RP11-62I21.1,0.0029524460985328473
SETP15,0.0029521645516050123
MED17,0.00295145613104141
GAPDHP65,0.002951289330245974
TMEM181,0.002950987472598159
RP11-108K14.12,0.0029509856545635216
STEAP2-AS1,0.0029504061372975206
RP3-365I19.2,0.002950393183253798
RP3-441A12.1,0.002950247469824117
CTD-2114J12.1,0.0029501962451651065
RPS20P20,0.0029500305249807175
NRADDP,0.0029497075808552677
FAM45BP,0.0029496284314460028
SMG1P7,0.0029486303839934107
RNA5SP137,0.0029485962081720126
CTD-3220F14.3,0.002947925725068793
RP4-550H1.4,0.002947628335880916
RP11-86A5.1,0.002947534591798743
UBE2CP4,0.0029475179483769674
BACH1-IT2,0.002947295861198614
ZIM2,0.002947120969458649
RP11-336A10.2,0.002947046450328459
RP11-130C19.3,0.0029469123598252094
HMGA1P1,0.002946896950762747
RALGAPA1P1,0.0029468819050368703
AGPAT4-IT1,0.0029466278413507567
LINC01278,0.002946533393620302
DBIP1,0.0029464488148557696
OR2B8P,0.0029463112651671054
RP11-420C9.1,0.0029457781844521506
HPCA,0.002945587291724358
DEFB125,0.0029454897866871563
AL590762.6,0.002945419723241567
C2orf69,0.002945299283658363
ZNF559-ZNF177,0.0029446569316907297
Y_RNA,0.0029440410082583524
CTA-992D9.7,0.002942393681273695
BOLA3P3,0.002942240916532821
AF131215.2,0.002942239679827946
AC092687.3,0.0029421889732588616
KRT8P1,0.002942014578197994
RP11-680G24.7,0.002941926250042787
VN1R1,0.0029419114012956735
NPR1,0.0029414216179082823
KBTBD11,0.002941081935894334
GS1-21A4.2,0.002941047490265202
NOP56P1,0.0029406923525930307
GLYATL3,0.002940672106660985
SCRG1,0.002940494949597328
NOS2P2,0.002940340560968885
HSP90B3P,0.002940317459299934
RP3-342P20.2,0.002940215330891174
MGC32805,0.0029401984579211574
RP11-81H14.2,0.0029396493426064414
LPCAT1,0.002939609322099091
MEOX2-AS1,0.0029392428429348937
RNU6-1110P,0.0029391455639783044
RP11-480A16.1,0.0029390061484040934
RPSAP59,0.002938615439169148
RP11-45M22.2,0.002937735363596605
PRC1-AS1,0.002937563384503748
AQP2,0.002937050132305294
TMEM43,0.00293699079102393
Y_RNA,0.0029364883566439202
RNU6-514P,0.002936466753031131
PEX11B,0.0029364400525216847
AC008753.6,0.0029358361842071524
HECA,0.0029354644760625245
TRBJ2-2,0.0029351669714637553
RP5-850E9.3,0.0029351650570290334
RP11-1094H24.4,0.002934786814811795
RP11-640N20.4,0.0029346383987525976
KPNA7,0.002933841970773262
SRGAP2,0.002933261515532787
ZMYM1,0.002932986831767672
SNURF,0.002932105128826345
RPL35P6,0.002931628452176469
CTD-2562J17.2,0.0029316168109862306
RP11-49K24.5,0.0029315935839235806
HOXA10-AS,0.0029310080169582344
OIP5-AS1,0.0029305236899883655
RFKP1,0.002930010354387212
HIGD1AP1,0.002930000542932118
RPL7AP60,0.002929958907736656
Y_RNA,0.0029298602611065104
ZNF521,0.0029296221765400957
NETO2,0.0029295289685649993
TRBJ2-1,0.0029292524459638477
RP3-375P9.2,0.002928660063827112
RP11-541M12.3,0.002927480976752572
RP11-425D10.10,0.002927439653792812
RP11-15E1.5,0.0029271120312704874
EBF2,0.0029269715954670776
DNER,0.002926942632496287
NPIPB8,0.00292669580160904
SCARNA24,0.002926626274713596
RN7SL277P,0.0029265993199767623
TMEM119,0.0029258691892595045
SPATA17,0.0029258274745141664
RP11-23J9.5,0.0029255891380542253
U2AF1L5,0.002924770996302817
RP11-698N11.2,0.0029244465400923366
RP11-449H3.3,0.002924323718261595
AC142472.6,0.002923959125425886
RP11-455F5.3,0.002923910534345528
BAP1,0.002923343504918876
RP11-598O12.1,0.0029230845015732108
RPSAP43,0.0029228433025313416
RNF7P1,0.0029228117533644667
FRMPD1,0.0029225428585905656
RP11-57C13.6,0.0029221264472297477
RPL34P34,0.0029221191416479307
LEF1,0.0029218864008021374
AP001046.6,0.0029218565331028787
KCNMB2-AS1,0.002921839333379277
CTD-3126B10.5,0.0029215482909275324
MTND1P10,0.002921333767183087
RERG-IT1,0.0029212923473236623
MTATP6P2,0.00292121201883638
ODF4,0.0029206077258444366
RP11-995C19.2,0.0029196192396031893
RP11-159H22.2,0.002919567983279135
RP11-22N12.2,0.0029191468098805503
CTB-147C13.1,0.0029187678845776647
RPS5,0.0029185090820375943
AC012358.7,0.0029182841196776356
MIR4685,0.0029179988185946823
AC011239.1,0.0029177369930251562
TRAPPC4,0.002917526453169263
RP11-863K10.4,0.0029172312299077462
RNU6-1048P,0.0029170757297400465
RP1-167G20.1,0.0029170302486897387
RP11-863K10.2,0.002916682708117035
PAUPAR,0.002915707634926561
RP11-69H7.2,0.002914299849880572
LAMTOR5-AS1,0.002913951970856599
RP11-97C18.1,0.002913938174727012
TSSK5P,0.0029135007366093368
ETNPPL,0.0029134293925428315
RP11-276H7.3,0.002913048020924569
SPP2,0.0029128241454154055
MED13L,0.0029127662774883906
RP11-266K4.1,0.002912726191045058
RP11-266K4.14,0.002912341584477267
RP11-540K16.2,0.002911334202915557
CYP17A1,0.0029107768628728312
RP11-284N8.3,0.0029107138089731147
RP11-280K24.4,0.0029105621456541235
NKX2-2,0.002910419228707503
RP11-537E18.1,0.0029100777041882898
CTC-287O8.1,0.0029096309504251824
KRT27,0.0029095434416385106
RP11-548K12.6,0.002909223334337513
RP11-304L19.12,0.002909082966653423
CXCR6,0.002908632213009955
RP11-449H15.2,0.0029084441334510914
ATP5C1P1,0.0029082326113902095
RP11-571I18.4,0.0029077999124002005
IGHV3-73,0.002907575700594717
MTRNR2L13,0.002907353256758198
ENTPD3,0.0029073219867454987
MIR3942,0.002906481494763234
RP11-685M7.5,0.002906379761578362
RP11-311F12.1,0.0029056110981732957
RELL2,0.002905191511548341
DEFB124,0.002905046551565945
RNU6-318P,0.002905027536556563
STARD13-IT1,0.0029044288804081025
ID2-AS1,0.0029040976659349847
TUBA3GP,0.0029040203362907103
SUPT16HP1,0.002903824138057807
RP11-158D2.2,0.0029034050525951504
HSD3B1,0.0029029290912789374
RPL36AP10,0.002902702579290558
DGAT2L6,0.002902638068053793
KRT10,0.002902576758434962
MYH15,0.0029024393590788527
RP11-274B21.1,0.0029024313988443686
PRELID1P4,0.0029020788243832234
SLC31A2,0.0029019945242594585
DSTNP4,0.0029017789195920633
RP11-720N19.2,0.0029015297521602654
CTD-2012K14.8,0.0029013983316824774
RP1-223B1.1,0.002901181142676325
COL6A4P1,0.002900793238579035
RP11-381P6.1,0.00290037271426703
RP11-463C8.5,0.0029002349329166825
LINC01290,0.002899992822847634
KRT18P4,0.0028999908980612073
RP11-325P15.2,0.002899589273523979
PPP1R14D,0.002899483707971158
SLN,0.002899203957591076
AC073636.1,0.0028990491287400476
CTD-2293H3.2,0.002898886486320383
RHOA-IT1,0.0028987574018129302
RNU6-915P,0.002898522442303836
RN7SKP16,0.0028984977367519696
IGLV1-47,0.0028983810323988464
RP11-159F24.2,0.0028983181744892403
CTB-13F3.1,0.0028983031394502
AC016716.2,0.00289822641301216
RP1-228H13.1,0.0028981497655794215
HMGB3P6,0.0028979384542792827
SNRPCP1,0.0028977226278984396
UPK1A-AS1,0.002897580507712312
FAM86HP,0.0028971133396625795
CTD-2245F17.3,0.002897046740498108
PGBD1,0.0028966934581988605
AC008834.2,0.0028963794073768524
TUBAP2,0.002895723283675132
SNORA9,0.002895633346364127
MAPK6PS2,0.0028952245853107374
LINC00174,0.0028951741487758887
PGBD3,0.0028944666686362107
SNORD48,0.0028939492909488594
CTB-92J24.2,0.0028938754143780455
RP11-2B6.3,0.0028938044434013675
CTC-756D1.3,0.0028937220678949263
RP11-234K24.6,0.002893600569081805
RP11-344N10.4,0.0028928731005841363
RP11-568A7.2,0.002892852227441614
RPS26P21,0.002892461671741765
SLC25A6P2,0.002892447385037816
RP11-1396O13.1,0.0028924137357964176
MIR766,0.0028924106730348733
RP11-567J20.3,0.002892368729212136
MIR1302-10,0.002891754701824166
AC005162.4,0.002890493323165073
PHBP4,0.002890478317038057
RP1-225E12.2,0.002890217353571967
RP11-60A8.1,0.002890216696938924
ZBTB7C,0.00289019961739923
RP11-238K6.1,0.0028896084926080152
GPR25,0.002889151875659808
RP11-881L2.1,0.00288897031612714
FOXC2,0.0028880643936556975
ASXL3,0.002887954146496705
RP11-514P8.2,0.0028876000149995105
GAPDHP73,0.002887534339886568
RP11-548N1.1,0.0028874498496706934
RP11-359E10.1,0.0028873655177564547
RABL3,0.002887306707967001
RP11-566K19.8,0.0028870220462099212
RP11-361M10.3,0.002886853880864539
RPL7P19,0.0028856592333157904
GNG5P2,0.002885287611228188
AC079781.5,0.002884151591644622
THTPA,0.0028835953048863025
ANKRD18EP,0.0028834897678828545
RPL22P11,0.002883345515711957
RNU1-120P,0.002882464788050172
UBE2D3P1,0.0028822832325926277
RP11-255H23.2,0.0028810847286599183
RPSAP75,0.0028810251173046236
NPBWR2,0.002880701555568517
KCND1,0.002880539770797993
SLC35E1P1,0.002880411689473611
CXCL6,0.0028801203388860914
RPL10A,0.002879680034472468
RP11-111M22.2,0.0028796774794929408
LYRM4,0.002879583834189246
TMEM87B,0.0028791228623966064
BMS1P1,0.0028790130978982695
CTD-2666L21.2,0.0028789507662207794
PKN2-AS1,0.0028788255854249258
MIR369,0.002878646341570912
SLC5A7,0.0028784046193592798
MIR6739,0.002878017115816834
OR52B5P,0.0028779297702139295
SPCS2P3,0.002877654247364998
LPP-AS2,0.002877572904376786
RP11-420L9.5,0.002877197910169135
LINC01343,0.0028771380152627746
UQCC3,0.0028769761770799296
RP11-439A17.4,0.0028767718327075177
RP11-64K7.1,0.0028767605133952086
RP11-535A19.2,0.0028765925047539976
ZBTB26,0.002876297770764442
AP000473.8,0.002876004079497403
KAAG1,0.0028759800243363183
TUBB8,0.002875810788249284
RP3-333A15.1,0.0028754966151300974
MRPL23,0.002875409173354013
FTLP15,0.002875089902113722
CLDND2,0.0028748267267260847
RPS3P6,0.0028746938592701943
AC012462.1,0.0028746234290207514
SOX11,0.0028745888162261066
CCR10,0.002874508585205984
UBE2NL,0.0028744204112934584
GGT3P,0.0028742010765528125
CTD-2619J13.9,0.002873790904979674
CTB-129O4.1,0.002873522687315634
VSIG10L,0.0028734796994178127
ZFP36,0.0028734580306348377
RP3-365O12.2,0.0028733645478436678
CTD-2514C3.1,0.002873353503139863
CLDN5,0.002873153904940611
RP11-50B3.4,0.002872606112508851
RP4-735C1.6,0.0028723298302575813
IGLVI-42,0.002872066396179944
RP1-111C20.3,0.002872040643403497
RP11-13K12.1,0.0028719418682361846
RP13-20L14.6,0.002871884247945327
C19orf18,0.002871613284521226
RP11-160H22.5,0.002871397792970805
YOD1,0.002871002962743381
RP11-817J15.2,0.002870681891636451
GPX1P1,0.002870635732019134
RP11-549A6.1,0.002869837246083071
RP11-381N20.2,0.0028698193491989736
ALG1L15P,0.0028696202080710715
GRP,0.0028693861056461123
RAP2C,0.0028693377474741854
ERVMER34-1,0.0028691642435144642
SLITRK5,0.002868493411504511
UPP2-IT1,0.002868347871353865
EPS15P1,0.002868200337204954
HADHAP1,0.0028681136543278495
RP11-10J21.4,0.0028680811871184507
HSPD1P11,0.0028680178341878616
HSPE1-MOB4,0.0028678428290117037
RP11-541G9.1,0.0028678317572356526
CTB-25B13.12,0.0028672954099167873
AL133493.2,0.0028672566549756643
LINC00222,0.0028666865306026237
THRSP,0.0028660798896448826
AC063976.3,0.002865735521731506
RP4-580N22.2,0.002865667080480985
GID4,0.0028654495179136212
RPL41P5,0.0028650201282420782
CTC-429P9.3,0.0028649348640033797
SIDT1,0.00286451381277785
CTB-88F18.3,0.002864394294435708
LRRC14B,0.0028641720422699917
CTC-378H22.2,0.0028640953468474614
CTD-2161E19.1,0.002863956234163258
DNAJC8P1,0.0028639521920062173
LINC01039,0.002863940943372085
LINC01296,0.0028635636575992983
LYRM2,0.002863088027168634
IL4,0.0028629824164421885
AC012513.4,0.0028626434129604863
NECTIN4,0.0028621030290974015
FAM124B,0.0028619902702045744
RP11-973F15.2,0.0028614749386865193
MIR4307,0.002861336803535694
SLC9A7P1,0.002861257845515575
EIF4A2P2,0.0028609557264330427
RP11-59K5.1,0.0028604005954028593
RUNDC3A-AS1,0.002860262134884985
KRT8P44,0.0028596030546906227
RP11-728F11.4,0.0028594467007877077
FNDC8,0.0028586283100117266
RP11-138A9.1,0.002858409639825923
AF064858.8,0.0028580007378245045
PCSK1N,0.0028573396954586585
RP11-370I10.4,0.0028567272477709304
RP11-182N22.9,0.002856224658733929
BMS1P16,0.002855847550807949
DSCR9,0.002855704428972353
RP5-945F2.2,0.002855670034313842
COX7A2P1,0.002855667739374404
MIR4639,0.0028555789607981287
OCEL1,0.002854843393509274
CBX8,0.00285483106549323
HIST2H4A,0.002854785212507474
RP11-73K9.3,0.0028545454626123963
RP11-712P20.2,0.0028545317474503213
CTD-2130O13.1,0.002854346697344987
RP11-214K3.21,0.0028542330302490015
CTB-31O20.2,0.00285405586480608
TMEM199,0.0028538376112477865
RP11-109G23.1,0.0028531097335661544
YBX1P10,0.0028530646376743792
RP11-752G15.4,0.002852902155357842
ULBP3,0.0028528616918575677
RP11-263C16.2,0.002852741064083773
PCAT4,0.002852543533204139
SEPHS1P4,0.0028524199987914754
RP11-511B23.3,0.002852340269379515
RP11-92K15.1,0.002852330724018516
HNRNPRP1,0.002852259135246934
RGAG4,0.0028519389752736895
CTD-2034I21.2,0.0028516061944577884
RN7SL741P,0.0028511338805853417
RP11-383B24.3,0.002850909616703782
LINC01619,0.00285085077232091
RPL9P18,0.002850777795567312
RPS20P2,0.002850774183403051
MYLKP1,0.0028506212833235415
MZT1P2,0.0028504428503397096
MAPKAPK2,0.0028495586861820767
CTD-2591A1.1,0.002849547633645438
RP11-15I20.1,0.0028493112207525068
RP1-102G20.2,0.002849097203844193
AC017079.3,0.0028489980782228736
RP11-799B12.1,0.0028485818496640043
RP11-288K12.1,0.002848487227421917
CNR2,0.002848481467526909
CTD-2270L9.2,0.002847961148255492
BRD9P2,0.002846946862156608
ASAP2,0.002846835523575249
RP11-119D18.1,0.0028466887944291613
TMEM191C,0.002846671199333583
VAV3-AS1,0.0028466503797670954
RP13-126C7.1,0.002846253329035523
ZNF335,0.0028461889651877313
AC006000.5,0.0028461683838010296
ZNF98,0.0028459407034179818
FECH,0.0028458166596458207
RP11-48B3.3,0.002845554311562747
MPRIPP1,0.002845059970614817
RP11-46F15.2,0.0028447731363942276
MIR4783,0.0028439868370149584
RP11-87G24.3,0.0028437941237112545
NUP62CL,0.0028434803405872656
FLJ43879,0.0028419419721570074
RP11-68L18.1,0.0028417666025434595
MCTS1,0.0028412502176790944
RPS27AP17,0.0028412241607086827
FAM221B,0.002841122930098909
RP11-1167A19.2,0.0028408387022415917
CTD-2532K18.1,0.002840571832475135
RP11-83J16.3,0.0028404754253056248
STK39,0.002839839092600655
RP11-80H5.2,0.002839756609015987
AC068490.1,0.002839527060131609
MTND2P9,0.0028393648696055677
AC006042.8,0.002839105078396772
DFFBP1,0.002838387833874733
TMEM61,0.0028383591745133148
RP11-45A17.3,0.002838141611361318
RP5-1009E24.8,0.002837643425372791
RP5-855F16.1,0.0028374902038531854
CTA-280A3__B.2,0.002837395931837893
RP5-1180C18.1,0.002837108652204597
RP11-6N17.3,0.0028362551712941375
AC010740.1,0.0028360086913867136
MIR181C,0.0028356677675763367
GXYLT1,0.002835475203544119
CNTNAP3P1,0.0028354640138175233
AQP1,0.002834918052753003
RP11-717H13.1,0.002834593406922444
RP5-1198O20.5,0.0028342596491008
XX-FW83128A1.2,0.002834194834332249
RNF26,0.002833607205527959
XCL1,0.0028335564658657675
RNU6-511P,0.0028327935385644687
RP11-93H12.4,0.0028325204908100704
RP11-99L13.2,0.0028324538226450237
RP11-64C12.6,0.0028322292408673095
SMCR5,0.0028318474757403293
GMFBP1,0.0028316270198505736
RP11-16P6.1,0.002831487760961526
RNU1-19P,0.002831407552663935
RP11-213H15.1,0.0028311293469834393
CTB-193M12.3,0.002830924557805146
RNU6-3P,0.0028308279132270415
RCOR2,0.002830419617227412
MTCYBP22,0.0028303912777036264
RP11-1029F8.1,0.002830302290572129
CALN1,0.002829808980001927
CDKL2,0.002829795906402814
RP11-138E2.1,0.0028292975381591346
RP1-63M2.7,0.002829241358725182
SRF,0.002828871249114751
SLC4A1APP1,0.0028287893740702365
MIR574,0.0028285902269381998
DDX11L8,0.002828477024846417
IGLON5,0.0028282623560177715
RP5-849H19.3,0.0028282327754269873
PCDHA7,0.0028280474038636073
SLC23A3,0.002827953588868291
HCAR1,0.00282790149954639
RAD51AP2,0.0028278865053231877
RP3-355L5.4,0.002827721674091023
DUSP16,0.0028275013724604605
CD2BP2,0.002826953979997391
AP002954.3,0.0028261547019445324
RP11-355F22.1,0.0028258553317037373
RP11-96O20.5,0.00282518261324565
AP000221.1,0.0028249131660220065
RP11-458F8.3,0.0028247628635617943
LSM3P3,0.0028247360102237776
HCG4P3,0.0028246813679978656
RP11-118A3.1,0.0028245983675296575
PANX1,0.0028242822198345048
RP11-412B14.2,0.002824213663935457
CTA-989H11.1,0.002824207277437295
TRBC1,0.002824056467527944
LINC01091,0.0028238879980083892
AC016549.1,0.002823885647937662
AC000067.1,0.0028236948302895327
RP11-407A16.1,0.0028236414474220864
LZTS1-AS1,0.0028232842819284603
TMSB4X,0.0028231034558319286
RP11-874J12.4,0.002822757122281012
RP11-715J22.4,0.002822549466177983
KCNK16,0.002822396625837995
TRAPPC2B,0.002821875426227153
OR52L1,0.0028217000328393093
NDUFA6,0.0028216745956727543
RP11-678G14.4,0.002821463564337899
CTD-2049O4.1,0.002820903250550252
RP11-455B3.1,0.0028208808009527265
RP5-1173A5.1,0.0028207229443371106
ITPRIPL1,0.002820327553752705
LA16c-431H6.7,0.002819968341303127
RP11-876F14.1,0.002819852137567978
RP3-391O22.1,0.0028198041555659607
RPL21P91,0.002819728264690091
AP000253.1,0.002819691778681493
AL358852.1,0.0028196569407414164
RP11-966I7.4,0.0028195734386986487
GALNT4,0.002819067969820106
RP11-242D8.2,0.002818839073042729
LARS2-AS1,0.002818798674065202
AC069542.1,0.0028182340856473375
OR7E36P,0.002818096619782602
LL0XNC01-221F2.2,0.0028176944148497287
BZW1P1,0.0028175153290365233
RP5-1057B20.3,0.0028174410008888263
IL23A,0.00281685359898492
FBXO47,0.0028165968603829756
RP11-206P5.2,0.0028162618494601923
ZNF653,0.002816074137064275
RP5-984P4.6,0.002815809050730986
RIPK2,0.0028156735356506955
DBIL5P,0.002815398712231355
MIR3681HG,0.0028153971187537857
IFIT1P1,0.0028153728156122475
CALML3,0.002814049679356579
CTC-260E6.9,0.0028137836924110775
SDAD1P3,0.0028136039613545394
RP11-225H22.4,0.002813247054555797
TBPL1,0.00281321941462054
AQP5,0.0028130841350238376
RP5-836N17.4,0.002812858555842476
PCAT6,0.0028123891901573974
RP11-723O4.6,0.002812343660876829
RP11-822E23.7,0.0028123029286827423
RPSAP6,0.0028121450740179496
RP11-468E2.10,0.0028120876842098502
AC005597.1,0.0028120876829726307
RP11-61J19.2,0.0028113416983060174
RP11-1376P16.1,0.002811180843380554
LINC00641,0.0028111757201574276
RNF217-AS1,0.0028110171463392977
HLA-DPA2,0.0028109825258428554
AATK-AS1,0.002810421048217453
ALDH16A1,0.0028095529233370933
RP11-3P17.4,0.0028093279226774383
BARHL1,0.0028086791086413703
MIR548L,0.0028086689117352392
RP11-275H4.1,0.002808652450359512
RP11-91A18.1,0.002808513375927945
RP11-356K23.1,0.002808493178548661
AC010980.2,0.002807842048297508
RP11-141C7.3,0.0028077859700889286
RP11-127I20.5,0.0028074501772895827
RP11-334C17.6,0.0028074478995597494
ZNF454,0.0028070087194805816
TRABD2A,0.0028069292783637007
RP11-815J21.4,0.0028068204211010527
RP11-108M9.5,0.002806815395492742
CTD-2231E14.2,0.0028067954840091318
RP11-400K9.2,0.00280654810466232
AC007740.1,0.0028063005244542165
RPS5P3,0.002805746063572529
TRG-AS1,0.0028054280634855263
CTD-2528L19.6,0.0028051523711552476
AC002429.5,0.0028048754929053295
BHLHB9P1,0.0028048447770288995
CELP,0.002803936667050103
RP1-224A6.9,0.002803504571664331
Metazoa_SRP,0.0028033599925893294
CTC-344H19.4,0.0028030741777425048
RP11-206P5.1,0.0028028198365256467
BOLA1,0.002802365970068339
ABHD15-AS1,0.0028021564538087494
AKAIN1,0.00280155159524086
AVIL,0.0028014190873078496
AL022237.3,0.0028012355752528484
GDF2,0.0028012098301696967
RN7SL520P,0.002799715703731443
RP11-65L3.2,0.0027991927782274727
AC136289.1,0.0027988446730608883
RP11-159M11.2,0.002798772384222662
AC006116.24,0.002798728259290415
RP4-784A16.2,0.0027983495968644193
MAGEA7P,0.002798167678131705
TLR7,0.0027978283048551837
RP11-415J8.7,0.002797709152256897
FAM110D,0.002797092129793732
CTB-3M24.2,0.0027966860427604424
AC010900.2,0.0027966586177132053
AC009303.2,0.002796524011622539
RP11-10K17.3,0.0027962373091082395
TSPAN1,0.0027959575057589694
RP11-562A8.1,0.0027957599521017174
RP11-572C15.3,0.0027955503988737205
MED13,0.0027955391867176137
RN7SL313P,0.0027952751605876047
RP11-323I15.2,0.0027950368922982534
RP5-997D16.2,0.002794911539014718
RP11-843A23.1,0.0027943213464429965
MT-TN,0.0027942671509364153
LINC00702,0.0027940193973099085
RP3-522D1.1,0.002793865850270705
RP4-756H11.4,0.002793297823206613
HIST1H2AC,0.00279276645570457
SLC16A13,0.0027923086320032183
HERC2P10,0.0027922779367577084
AC097523.1,0.0027917872426819587
ARMCX7P,0.0027916805712635876
THRAP3P1,0.0027911950803974793
RP11-368I23.3,0.002791182007388281
AC114271.2,0.0027911042978189205
LINC01387,0.0027910408900126368
RIMBP3C,0.0027910349404103355
RP11-711D18.2,0.0027909171464477046
RASL11A,0.0027908948762539105
MTND1P15,0.002790319106567642
POU3F1,0.0027898540823821146
RNASE8,0.0027895202017835974
ZNF415P1,0.002789137225423469
C16orf74,0.0027890975761018116
RP11-121G22.3,0.002788744769332288
RASSF9,0.0027872927770815786
LINC01426,0.0027871112282094727
RP11-1046B16.1,0.002786966726726514
RNU6-856P,0.00278581205240999
RNU5B-1,0.002785617060834218
RP11-177H2.1,0.0027855185240029715
RAB3D,0.002784810411341958
RPS3AP30,0.002784649739289115
RP11-724N1.1,0.0027845134103944547
RP11-130N24.2,0.0027837212319031216
RP11-781A6.1,0.0027836635846795756
MT1CP,0.0027836185433425037
SYNDIG1,0.00278333430239946
ZNF628,0.0027832616631139483
HNRNPUL2-BSCL2,0.0027831238186805905
RP11-505K9.1,0.002783032945505033
RP11-420K8.1,0.0027829376131928065
RP11-69M1.1,0.0027826673209747723
RP5-1042I8.7,0.002782346682305644
CTD-3020H12.4,0.002782261094670423
TRIM51DP,0.0027817621531429737
RP11-339B21.8,0.002781168932635346
RPL21P135,0.002781083963475976
PCDHGB5,0.0027810806809453427
SNORA32,0.0027810381224978005
CTD-2236F14.1,0.0027809771735949787
RP11-79O8.1,0.002780908928156959
MIR4682,0.0027807732258074685
RDH10,0.0027806408913956344
GCA,0.002780554468359691
RP11-41L14.1,0.0027803654177953954
NUDT19,0.0027802304225323284
C6orf163,0.0027802210785525224
RP1-72A23.3,0.0027800963351652867
GABARAPL1,0.0027793129875001692
RNU6-1217P,0.0027791024393538054
SPATA31B1P,0.002778689205076792
ATOH1,0.0027777091378118285
METTL25,0.002777598029804622
CTD-2503O16.3,0.00277754329808485
RP4-639F20.1,0.0027772479165533593
RPL21P9,0.00277721361691922
RP6-24A23.3,0.002777056719064105
TRAV8-5,0.0027769713304264276
ATP6V1G1P3,0.002776890746138077
RP11-342A23.1,0.0027765930105425494
RP11-723J4.3,0.0027765314869197823
XKR3,0.0027763273260044395
LINC00114,0.0027761730434609283
PKDREJ,0.0027761579844467854
RP13-631K18.2,0.002776024584819863
RP11-278C7.4,0.0027758767100518307
RP11-304M2.3,0.002775787705839707
RPL7AP2,0.0027753808784376846
RP11-10G12.1,0.0027752972033186114
GGT4P,0.0027751522739663317
ADORA2B,0.0027749803107512015
CDSN,0.0027744925446252676
RP1-261G23.4,0.002773996981069419
RP11-324L17.1,0.0027735958991772793
RP11-1114A5.4,0.0027735680170716086
VWFP1,0.002773499406724777
LINC00837,0.0027733513593187088
C2orf69P2,0.0027727108365426766
OR2L13,0.0027724659032734096
IDH2,0.0027723895139785187
EIF2S3L,0.0027715788237503355
LINC00237,0.002771405867222415
EN1,0.002771396237697098
RPS18P13,0.002770862257013628
DEPDC1-AS1,0.002770722688117276
RP11-38L15.8,0.0027702417278309558
DDX43,0.0027701750129106653
CTD-2139B15.4,0.0027697209066236826
CTD-3064H18.4,0.0027694540548749928
RP11-389C8.1,0.0027693403605949614
CTC-524C5.2,0.002769283567323266
AC019118.3,0.0027686287678756016
ANKRD20A3,0.00276851657080221
RP11-755E23.2,0.0027683039503023734
CTA-929C8.7,0.0027675295074089915
RP11-744H18.1,0.0027675159769765824
RAPGEF4-AS1,0.002767412662184788
CTD-2287O16.4,0.0027671711051881886
RP11-861E21.1,0.0027671238097352236
BMS1P12,0.0027670749154983347
HLA-W,0.002766995416155839
RP11-694I15.7,0.0027669540216428454
RNU6-288P,0.002766684116717544
RP11-541E12.1,0.002766297676013093
CTB-176F20.3,0.002766243614228074
RP11-284H19.1,0.0027661819524574596
RNU6-48P,0.002766173629541121
RPS7P3,0.0027656639317195624
RP11-14I17.3,0.0027649828458207694
CTD-2061E19.1,0.0027645700612499297
TATDN3,0.002764536505533059
RP11-96D1.5,0.002764234462390064
IFT46,0.0027640423788248105
AC093388.3,0.00276402393299159
RP11-404P21.8,0.0027639581115498834
CTD-2525P14.5,0.0027632331760794066
CTD-3035K23.3,0.002762965231558801
TOB1-AS1,0.0027629039374344935
RP5-1085F17.4,0.0027625586716060694
RP11-429J17.2,0.0027622594283369974
SLC35D1,0.002760961835395567
RPA2P3,0.0027604678731433813
STPG3-AS1,0.002760350721349916
RP11-140L24.3,0.0027597245012027944
KB-1410C5.2,0.0027595711378994568
AC027612.6,0.0027591075013002307
RPS17P2,0.0027585950128535164
RN7SL619P,0.0027585550758101643
AC006355.3,0.002758164845745333
U1,0.002758000873420207
RP11-1C1.5,0.002757887245736617
SP6,0.0027577307953860534
RP11-507K2.3,0.002757560567105194
LINC01310,0.0027570542874419466
MIR6820,0.002756939748920795
RP11-456O19.5,0.0027568773408287272
AC069257.6,0.002756766562355625
AC073410.1,0.00275671377666225
RP11-90P5.1,0.002756698724324391
SNRPGP15,0.0027565044937177792
FAM19A2,0.002756012410060674
OR7E157P,0.002755958326755043
RP11-231C14.5,0.0027559483212319775
GPR22,0.0027557691959152
RP11-382N13.1,0.0027556176633173417
RP11-497D6.3,0.0027554707936711977
PPIAP25,0.0027554009532128644
LINC00840,0.002755238532369112
TPBG,0.0027549423701624057
RP11-82H13.2,0.0027548905382702993
RP11-266A24.1,0.002754716437830652
LINC01366,0.002754436741241529
ADAM20P3,0.0027538406861319963
MRM1,0.002753282090104813
NIM1K,0.0027530636318337342
PSMC1P9,0.002752881587378268
PPIL1P1,0.002752813942096717
CYP4F35P,0.002752694472453811
RP11-554D14.8,0.0027522408177382465
RP11-747H12.5,0.0027519002230204036
FTLP2,0.0027518783886139155
SYT14P1,0.0027518723941052778
RP11-89N17.2,0.002751628148800342
RPL4P4,0.002751522980827503
DOCK9-AS2,0.0027509521956664475
PRDX3P2,0.0027504682636347306
CICP14,0.0027497796404293714
CTA-363E6.2,0.0027497287844634928
RP11-314C16.1,0.00274937473866425
RP11-405A12.2,0.0027492646699158203
MCRIP1,0.002749150010175822
FMO6P,0.0027491176173562834
HCN3,0.0027489062344308915
TYW1B,0.0027487804503797874
LINC00862,0.0027477536163539717
RP11-359D14.2,0.002746677084035937
RP11-80I15.1,0.002746471963286601
PACRG-AS3,0.0027464592898589217
RP11-313P22.1,0.002746326036286822
AC012462.2,0.0027461984310971563
LRRIQ4,0.002746187838798167
EIF1B,0.0027461104068569344
ICAM5,0.0027460189219463606
RANP8,0.0027460093478508412
BNIP3P42,0.002745839670033626
Metazoa_SRP,0.0027455311454523826
RP11-677M14.6,0.0027453348309074803
BMP2,0.002745206123645179
HRASLS,0.00274509207582803
ZNF750,0.0027449915602620373
RSF1-IT2,0.00274498845739849
RP11-747H7.3,0.002744939223279124
LRTM2,0.00274488959236576
TRAV1-2,0.002744857075157371
RP11-557H15.4,0.002744514663869903
RP11-219D15.3,0.0027443354318162643
DPP3P2,0.002744136389715167
RNU6-25P,0.002744126300009058
CTB-1I21.2,0.0027433353480412035
RP11-89M20.1,0.0027433231528667594
RP11-472M19.2,0.002743290560884606
RP11-542F9.1,0.0027429850319920144
CDC42EP3P1,0.002742653312151088
RP11-121C6.5,0.002742325385953579
RPS10P3,0.002742270711256232
HMGN1P8,0.002742173849756198
NUPR1,0.0027421434977487075
RP3-323K23.3,0.002741605655446733
RN7SL151P,0.0027415528480295493
RP11-401F2.2,0.0027412403630740264
RNU11,0.002740670293025286
RP11-2J18.1,0.002740387453946952
PLCXD3,0.0027396003573662616
RP11-531H8.2,0.0027381995247783794
RGPD4-AS1,0.0027378793298546804
RP11-266I3.1,0.002737646006317445
RP3-514A23.2,0.002737238179353048
RP11-390P2.2,0.0027368464265657404
RP11-317B17.3,0.0027368418907729878
IGLV5-52,0.002736768198705593
ARF4,0.002736733504276289
NUMBL,0.0027365529623621146
RBP2,0.002736514915535341
RP11-539L10.4,0.0027362098351422087
MIR26A1,0.002735494451212941
RAMP1,0.00273536719172594
RP11-420L9.2,0.0027353184123290073
AC130689.5,0.002735285599134345
RPSAP54,0.0027350628081084464
ZNF518B,0.0027348163503054146
TVP23CP1,0.002734813261473315
AC152010.1,0.0027344344063362966
AC025811.3,0.002734156149339356
OC90,0.0027339543736515366
P4HA2-AS1,0.0027336655355384453
NPBWR1,0.0027333923239548394
LINC01050,0.002732510799628866
EEF1GP8,0.0027324913516636458
AC084809.3,0.0027320997631781847
RP11-546K22.1,0.0027318963185623255
PRDX1P1,0.002731140293898464
TIMM22,0.0027306399910106546
AC023669.1,0.0027306203385457192
RP11-1082L8.3,0.0027304865340666987
CTD-2623N2.3,0.0027300879140028677
CYCSP55,0.002729970872930934
RP1-101K10.6,0.002729655555265914
MCM8-AS1,0.002729360305273841
GEMIN6,0.0027290042502668747
RP5-1142A6.7,0.0027285727393657694
MSH4,0.0027281636640674486
RP11-436M15.1,0.0027274169716822176
TMEM126A,0.002727273823788403
CH507-9B2.3,0.0027268415334611006
RP4-635E18.8,0.0027263708058207848
RP11-958N24.2,0.002726335944235793
CTA-414D7.1,0.0027252825140936057
ATAD3C,0.0027250098457555017
ACTG1P16,0.0027249045612896725
LACC1,0.002724790573542095
LRRC8E,0.0027246118219209333
RP11-74E22.8,0.0027239824960181265
AP000320.7,0.002723495530553258
AF011889.2,0.002722234059626387
RNU6-375P,0.0027221187959764847
KRT8P3,0.002722031558598503
SMIM18,0.0027215006507378798
AC006538.1,0.002721418181993515
ITM2BP1,0.0027213727313644552
AC079776.4,0.0027210875301259415
C4orf51,0.002720837157221344
GPC2,0.0027207209742893417
Metazoa_SRP,0.0027203745756292697
RP11-196G11.6,0.002719904237675821
HTT-AS,0.0027193869589508496
C19orf35,0.00271936552849677
AC017002.1,0.0027193153008890207
SUMO2P15,0.002719313536401098
GAPDHP58,0.0027188683728850494
RP11-30K9.1,0.002718825136337908
AC068831.10,0.0027186869953164878
PGLS,0.0027186708811564454
SNORD111,0.0027185715761799964
RP11-279N8.1,0.0027183479173266867
GPX1P2,0.0027177629546544877
RP11-281O15.8,0.0027177460335947464
LINC01381,0.002717694061605477
RP11-381O6.1,0.002717568534196662
CRNDE,0.0027163299564443057
snoU13,0.0027161093581161604
RP11-848P1.7,0.0027153863080774583
RP11-1094M14.11,0.0027151369999384866
RP11-253M7.6,0.00271492109305327
RP11-521O16.1,0.0027147031152381707
TMPRSS11CP,0.002714287465500676
MIER2,0.0027131903023948816
LINC01146,0.0027128405354555235
IGLL1,0.0027126768518722024
RP11-417F21.1,0.002712534713584761
RP11-616M22.5,0.0027117069720677235
HSPE1,0.00271167545057638
SNORD105B,0.002710486745385064
FKBP1C,0.0027104492051950153
NSMCE2,0.0027104004254211458
RP1-27K12.4,0.002710247012303285
NANOG,0.002708984626781215
RP11-12D16.2,0.0027089079363837912
FRG2HP,0.002708704073711472
RP11-58O3.1,0.002708493012773968
PRG2,0.0027081856613553096
RP11-218C14.8,0.0027081845717983606
RP11-85O21.4,0.0027076623423610566
RP11-476H24.1,0.0027074176408318756
CTC-510F12.3,0.002707368046494212
OSER1,0.0027070437921403894
RP11-114M5.1,0.0027068996788930802
RP11-572M11.4,0.0027068974665686654
SPDYC,0.002706760915866976
AL121656.5,0.0027067369302327337
RP5-1077I2.3,0.0027067296435702177
NDUFA7,0.0027066908241388265
RP11-165J3.5,0.0027065291121377917
Y_RNA,0.002706430042130848
RP11-344P13.1,0.0027063738846945405
CTB-78F1.2,0.0027063475554787637
MEI4,0.0027055493462446807
L34079.4,0.0027055457628423455
CTA-292E10.8,0.002705509119153787
SNORD72,0.0027053226688102056
SESN3,0.0027052836991186603
ZNF585B,0.0027047118359242693
CTB-189B5.3,0.0027032836871762615
PAN3-AS1,0.0027032052066689608
ZNF404,0.0027030738390486746
RP11-84H6.1,0.0027029185157721094
YBX1P6,0.002702800078117681
ATP5I,0.0027025819740337897
MTCYBP23,0.002702180341583367
IL31,0.0027021346985314277
ATP5HP2,0.002701805739058317
TRAIP,0.0027016843309779137
PPIAP27,0.0027015604334551025
AL133243.2,0.0027011952965985252
TAS2R63P,0.0027009413540980674
KLHL34,0.0027004873425016352
GPR182,0.0027002781821604672
SBSN,0.0027000519891983033
CTBP2P6,0.002699900377124348
KB-1410C5.3,0.002699082424062999
KB-1615E4.2,0.0026982622777038247
CTD-2008P7.8,0.002697638815718987
RP11-195E2.1,0.002697455932528655
CTA-113A6.2,0.0026973962360600187
RP11-709P2.1,0.0026973094339812357
RP11-1090M7.3,0.002696401320044823
SCARNA8,0.0026956860893112143
RP11-20I23.7,0.002695594534125014
RP11-693J15.6,0.002695564998657971
RPL29P30,0.0026953883986626987
DAXX,0.0026953713031851404
RP11-152N13.16,0.0026952485355344257
STRADBP1,0.002695048557100751
AP000936.1,0.002694674704089387
AC097713.5,0.002694612753218676
RP11-349F21.5,0.0026945982536396677
BTF3L4P1,0.002693839504851373
MIR4514,0.002693758664230137
RP11-382M14.1,0.0026936443361688287
AC026150.6,0.002693629881531462
RP11-392A14.8,0.002693368055354214
MRPS26,0.0026930371088867864
HIGD1AP13,0.00269291314625482
FBXO5,0.002692842513140277
RPS27P25,0.0026926539597142618
RP11-379B18.5,0.002692497621128699
EFCC1,0.002692480013165001
RP11-245P10.4,0.0026923841125163165
RP11-389O22.5,0.0026921211057675106
OR2I1P,0.00269200948674732
GLO1,0.0026915416152803306
ARPP19,0.002691392137079752
MED14OS,0.0026910936671336017
NDUFA3P2,0.002690785130011854
AC093627.10,0.0026907541703061763
RP11-319G9.3,0.0026906586040044036
WDR70,0.0026902172658089724
EHD4,0.0026900106156991553
LINC01035,0.0026893283700334253
ZIM2-AS1,0.002689284926633532
RP11-61K9.3,0.002688915177362389
CTC-552D5.1,0.0026888749732628947
RNF181,0.0026882965738892575
RPL7P21,0.002687269600854656
MIR8055,0.0026869465939291996
S100A12,0.0026866743784164622
RP11-927P21.6,0.0026866103791965707
RP11-483P21.2,0.002686596312145212
TMEM63C,0.002686535842185586
RPS4XP20,0.0026860435367184674
PRKCDBP,0.002685977184755782
RPL36AP36,0.002685846198011536
RP1-253B10.1,0.0026856178437134897
AC017035.2,0.002685341739237802
AK4P1,0.002685324369709928
AWAT1,0.0026850070861805316
CD180,0.002685005490688196
FAM201A,0.0026844243955061005
BOLA3P2,0.0026842001888604983
RP11-44D19.1,0.0026836912581288245
RP11-13P5.1,0.002683480031638348
RP3-340B19.2,0.002683292646152603
RP11-751K21.1,0.002683240219958146
RP3-525N10.2,0.002683167977686628
BEX1,0.0026831312917307087
RP11-314A20.2,0.002683057949956198
PDGFC,0.0026828869156136814
INA,0.002682644242010978
TERF2IP,0.0026824725888467994
MIR3173,0.002681974350254757
RP11-15K19.2,0.002681664641969238
RP11-381K20.4,0.002681611587302423
RP11-977G19.12,0.0026814689496003925
U95743.1,0.002681345218471936
RP11-421P23.2,0.0026808687341300917
PKMP5,0.002680673549481417
RP11-326A13.2,0.00267989163898909
RP11-495K9.10,0.002679166740219236
RP11-553A21.3,0.00267901761114718
GSG2,0.0026787378852007808
RPS2P41,0.00267860113559168
RP11-548K12.8,0.0026783108336836323
MTND4P15,0.0026778479828867465
FOXJ1,0.0026778446349482532
RP1-203P18.1,0.0026776661688658735
SRMS,0.0026773906347788683
MTND2P16,0.002677037667042191
AC016768.1,0.0026768245019557872
RP11-523J2.1,0.0026767054911242495
MMP15,0.00267612674216969
RP11-302L19.3,0.002675759314407135
RP3-377H17.2,0.002675634709729396
CTD-2123J17.2,0.002675347443255683
RP3-406A7.5,0.0026751889321201625
GRIN3A,0.0026749490632187105
RNU1-65P,0.0026746796080853443
AC132008.1,0.002674287558996491
MRPL57P3,0.002674074282530603
CTD-2538G9.5,0.00267387298056057
TMEM38A,0.0026736996340265863
AP000350.7,0.002673579323983098
MIR6750,0.002673509272387516
RNU4-1,0.0026728347550568263
FTH1P19,0.0026728047831652236
RP5-968P14.2,0.002672519940093903
TBC1D3J,0.0026718067650105017
AC016745.3,0.0026716278539671407
RP11-364M6.1,0.002671624943298002
FAM86EP,0.002671547490796613
RNU6-1104P,0.002671529032937331
RN7SKP250,0.0026712765052876292
SLFN5,0.0026708782541301217
LSM5,0.0026708023804337846
BTBD19,0.0026706100415228706
TMEM212-AS1,0.0026702425776788303
RP11-540O11.8,0.002669956904970434
CTD-2320G14.2,0.0026699306980427695
APOBEC3G,0.0026697740993442682
LRIT2,0.0026695854022914687
RP11-81A1.4,0.0026692086021175877
RPUSD4,0.002669018874753898
RP4-800G7.3,0.0026689954263419764
ANKIB1,0.002668772846379691
CH507-210P18.3,0.002668512546060134
PAGE2B,0.0026683532435808313
PPM1E,0.002668253080048416
B9D2,0.0026681018153584726
RP11-90C1.1,0.002668087504388054
AC108463.2,0.0026680848501247786
M6PR,0.0026675343371150412
RP11-662J14.1,0.0026675169570704186
TAS2R10,0.0026675131672239216
AC009166.5,0.002667211868359737
CTC-559E9.2,0.0026665887748188745
ALG14,0.0026661905382581465
CTB-49A3.4,0.0026661387567594973
AC004069.2,0.002666105691082242
PACRG-AS1,0.0026660485735806997
FAM166AP4,0.00266574044403609
RP11-196G11.3,0.002664976145387653
LINC01422,0.0026648826737256637
RP11-514O12.4,0.0026648267412426128
MPC2,0.002664824364566199
CTD-2316B1.2,0.002664552421017459
AC003986.5,0.002663876957744238
CTC-241F20.4,0.0026632843255975317
RP11-794P6.6,0.0026631066418207356
RP11-65J3.2,0.002662039018866504
PRKAR2A-AS1,0.0026618213872193455
HSP90B2P,0.0026613779298448434
RP11-51B23.3,0.0026607733492867184
TGFB2-AS1,0.0026607107702257965
SNORA71A,0.0026607026235076483
RP11-334L9.1,0.0026604506766350158
RPL26P27,0.002660141709054599
RP11-395N3.2,0.002660072408941718
LINC01191,0.0026599434036441638
RP11-722M1.1,0.0026589383387115723
RP11-1099M24.9,0.002658783435070846
RP11-395N6.4,0.0026585311635973674
PTGIR,0.002658391627332729
Y_RNA,0.0026582097760550266
COTL1,0.0026577952283074044
RPL23AP74,0.0026574756167874304
CH17-13I23.3,0.0026570435605229384
OXER1,0.0026565018183788806
CLIC4P1,0.002655311671268294
SNORD116-1,0.0026552805695814344
CA4,0.002654597760752485
FAM83B,0.002654559239080691
RP11-76C10.6,0.0026545276467701525
ZNF536,0.002654433215653767
ZSCAN22,0.002654192691999569
NELFB,0.0026540959246746463
RP11-744N12.3,0.0026539849790066686
EEF1AKMT1,0.002653401125555731
RP11-342K6.3,0.0026532322854838
RPS27P23,0.0026531540349650565
AC013470.6,0.0026528745804342865
IL36G,0.0026528449252762264
ANXA10,0.002652578295895957
LY6D,0.0026523787854907687
LINC01119,0.00265235836690184
CTSV,0.002652318441082522
RP11-55L4.2,0.00265224489293187
RP4-738P15.4,0.0026515957928302204
NACAD,0.002651219332448237
AC005618.6,0.002651028845951406
HSPBP1,0.002650934227705618
RP1-111B22.3,0.002650715152209216
RP11-77H9.2,0.002650320334408935
LL0XNC01-116E7.1,0.0026502696937057524
RP11-329B9.3,0.002650199011486709
MIR3165,0.002649895581461799
MIR3944,0.0026496353745531567
CTB-32O4.2,0.0026493757757522947
RP11-21C4.4,0.002649309726528792
MAFIP,0.002649235089163561
EIF4BP3,0.0026491416693925148
TUBG1,0.002649021186706247
RP11-543B16.2,0.0026474905157321486
LLNLR-249E10.1,0.0026465229099048543
DYNLL1P3,0.0026458025589061874
NCK1,0.002645789657771087
RP1-124C6.1,0.0026455459118256974
CALM2P3,0.0026454207083592934
RASL10A,0.0026452243715834687
RP11-676J12.7,0.0026451508416429526
IGKV3-15,0.0026450439733778216
STK24P1,0.0026446666759301356
RP11-621L6.2,0.002644480483923851
HERC2P8,0.0026444620123153586
RP11-692N5.2,0.002644301645153832
TERF1P5,0.002644165764752202
CTD-2369P2.8,0.0026436459604787825
RP11-684B2.3,0.002643541803288419
CTC-340D7.1,0.0026433815110319006
BMS1,0.0026430255519935783
RP11-598F7.6,0.0026429177746081127
RP11-489P6.1,0.0026428656699119327
RP4-798A10.7,0.0026428088001904373
PSMA2,0.0026427491943009575
RP11-213G2.1,0.0026423419637880154
RP11-1079J22.1,0.0026415791512343547
HNRNPA1P37,0.0026404238527637804
MRPL20P1,0.002640304509663779
RP11-379P15.1,0.0026402454391469964
HSPB3,0.0026401612371891657
XXbac-B444P24.14,0.0026401489263044183
ACCSL,0.0026398730682465166
RP11-313P18.2,0.0026389407770879485
ZDHHC20P4,0.0026388833050622214
NHP2,0.0026383325054147905
RP11-545A16.3,0.002638107484781294
SEPT14P8,0.0026379995951987703
RP11-156K23.3,0.0026379531838695513
CTD-3073N11.5,0.002637933327695426
RPS13,0.002637810345833446
RP11-369K16.1,0.002637562137203395
C6orf106,0.002636744097559332
RP1-257I20.14,0.002636225741553275
RP5-988G15.1,0.0026360433249726987
LDHBP2,0.0026359502031852522
RP1-79C4.1,0.0026359095227834178
SDC1,0.0026351413316700514
PTENP1-AS,0.0026350961451139443
RNU1-28P,0.00263450210326211
RP11-508M8.1,0.0026339332205697983
MGAM,0.002633713575580444
RP11-56F10.3,0.002633211938430467
RP11-1006G14.5,0.0026324790442408675
AC004862.6,0.0026321020938666643
RNA5SP101,0.0026320399480445037
RP1-47M23.3,0.0026318206805220575
UBL3,0.0026313883522822946
RP11-156K13.2,0.002631069520719933
SLC13A1,0.0026310291934415475
LINC01553,0.0026309419263780276
AC008985.1,0.002630890776298265
NKX1-2,0.0026306644143554384
SMIM11B,0.002629793834811796
RP11-72K17.1,0.0026297910845847644
RP11-644F5.12,0.002629548269722771
RP11-434E6.4,0.0026288607250066665
MEP1A,0.0026288465745912012
AC004988.1,0.002628813101653484
RPL6P24,0.002628601820845482
AC073072.1,0.002628504963325931
BNIP3P26,0.0026282004216199068
RP11-161H23.5,0.0026280989867353394
KIAA1143,0.002627931038755006
RNU4-21P,0.0026275826067445455
CTD-2555K7.2,0.0026256735129533445
POU3F2,0.002625444297818859
RPL4P2,0.002625346830967048
ADM2,0.002625179569722455
RP11-736E3.1,0.002625032144703146
RP11-478C6.6,0.0026246321289018163
CHORDC2P,0.0026244343620248026
FOXD3,0.0026240364531844476
HNRNPA3P15,0.0026239532844302017
RP11-415I12.3,0.0026232171450063795
RP11-21A7A.4,0.002623151115411446
RN7SL864P,0.0026230319126028727
TUB,0.0026229777353191743
AC006077.3,0.0026228361162061366
PJA2,0.0026227973822542305
BHMT2,0.0026224543304284964
GLUD2,0.0026214109838317502
RP11-280O24.3,0.002621023764538342
CTC-461F20.1,0.002620762154795677
PLA2G5,0.002620315258419202
RP11-568J23.6,0.00262003091455713
VWA8-AS1,0.002619949968671722
INO80B-WBP1,0.002619898872077144
ATF5,0.0026196946313869316
AC112721.2,0.0026195152389353027
NDUFS3,0.0026193135457779674
AC010878.3,0.002617977022270397
FAM127C,0.0026179711615094726
ARL6IP5,0.0026177169503710223
KB-1732A1.1,0.0026175335592774885
RP13-349O20.2,0.0026175010126038628
RMDN2-AS1,0.002617397659446967
PHBP1,0.002617289018741581
MED28P7,0.0026172263105700413
RP11-379F4.8,0.0026165052635434044
ENTPD3-AS1,0.002616105166105026
NTN1,0.002615965174460093
RP11-292B1.2,0.002615352989491869
TPTE2P3,0.0026148405670177997
Y_RNA,0.0026145812988978253
H3F3A,0.0026144880032329945
MT1H,0.002613975995597479
RP13-1056D16.2,0.0026136017237439854
RP3-510H16.3,0.0026135838752613734
RP1-240K6.3,0.0026135461866260475
THAP12P8,0.0026133710294456705
Metazoa_SRP,0.002613134570822374
CTC-448F2.3,0.0026129118903913486
GAPDHP31,0.002612483673910752
CTD-2561B21.3,0.0026122324924592877
RP11-2N5.2,0.002612205094665841
LINC00167,0.002611884678687612
ATF1,0.0026118758375964783
RP11-417F21.2,0.0026112681520633193
HULC,0.0026112195253723833
HMGN2,0.0026111127117988886
RP11-197N18.7,0.0026110718068657348
AL138706.1,0.002610904464048014
RN7SL664P,0.002610881671637558
RP11-686D22.2,0.002610380422123315
CTD-2553L13.4,0.002609987141807194
GNA14-AS1,0.002609972055767755
RANBP20P,0.0026098022279764607
RN7SL836P,0.0026097933516972473
CTD-2553L13.9,0.002609771934583047
AC068489.1,0.002609492583079401
RPS7P10,0.0026089784931426605
CTD-2201G3.1,0.0026082944435210755
RP11-316M1.3,0.002608212358665352
C1orf228,0.002608142961029786
AC083873.4,0.0026080637666850044
AC079779.6,0.002608020834333146
LINC01545,0.002607968680673121
PSMD10P2,0.0026076840892807684
RN7SL687P,0.002607485897253507
RP11-605F22.2,0.002607158115725719
GTF2IRD1P1,0.0026070623189622124
RP11-597A11.3,0.002606985271449577
CTXN1,0.002606704691362745
RP11-629N8.3,0.0026066841123346166
FAM181B,0.002606069960523856
U4,0.0026051970173191974
RP11-676J12.8,0.0026050281323544314
LINC01103,0.0026048451716828534
RP11-148L24.1,0.002604626930449466
RPL12P25,0.002604441781461148
RP11-57H14.4,0.002604405501627897
CTB-31N19.5,0.0026043466788465376
MIR1255A,0.002604302611177649
EMX2OS,0.002604135589027908
HOXA7,0.0026037651770240595
RP11-999E24.3,0.0026036879808077075
FAM90A1,0.0026036083489885246
RPL8P2,0.0026034746442676056
SPINK9,0.0026029615873697865
ZNF180,0.0026028805965391476
AHCYP7,0.0026027855938075585
RP4-684O24.5,0.002602734786314048
LINC00115,0.0026025048322657856
RNU6-759P,0.0026024362146229007
MT1L,0.0026022748420697246
RP11-760H22.2,0.002602100495075553
RP11-357P18.2,0.0026019665783297047
LINC01393,0.002601650494728126
RP13-494C23.1,0.0026015842352471188
RP11-293D9.2,0.0026011431364197654
CTD-2290C23.2,0.002600867095293274
RP11-120I21.3,0.0026006929297302302
RP11-426A6.5,0.0026005125171705426
DGKK,0.0026004002010748587
TCTEX1D1,0.0026002464530269502
CTC-242N15.1,0.002600089590924888
ZKSCAN8,0.0025992196693903893
PRDX6,0.002599168206589244
RP1-137F1.3,0.0025989185084157765
RP13-140E4.1,0.0025985927339888582
RPS6P15,0.002598573781294738
RP11-1260E13.4,0.00259820697281942
RYKP1,0.002597868849784483
RP11-296O14.2,0.0025976436260701486
CEBPZOS,0.002596777542505738
Metazoa_SRP,0.0025960955278440632
RP11-460I19.2,0.0025958594446736662
RNU6-436P,0.002595812527065246
AC006547.13,0.0025957504109170217
LINC01066,0.0025957483262963664
ATF6B,0.0025955484020101054
RP11-406A20.1,0.0025954855541908475
RP11-286B14.1,0.0025952116998091018
LINC01627,0.0025951637828206205
LINC01068,0.0025945398699056764
SHISA8,0.002594479986179137
LA16c-380A1.1,0.0025931170084587266
AB019440.50,0.002592907287832319
RP11-483C6.1,0.0025929014163021415
CTD-3222D19.4,0.0025926208504291753
HMGB1P13,0.0025921484793934467
RP4-669H2.1,0.002591705617668867
XXbac-BPG300A18.13,0.0025915413387708162
RP11-114L10.2,0.0025915316566544125
ACTRT3,0.002590926953497496
RP11-452L6.6,0.002590782295285971
LA16c-444G7.2,0.002590623272710063
Y_RNA,0.0025904569805025508
ZCCHC24,0.002590204679509448
AC083949.1,0.002590160389758575
HIST1H2AM,0.0025900561777899376
CEBPA,0.002589363251807417
AC093698.4,0.002588941436893125
C15orf65,0.0025888230986522574
AC091729.9,0.002588660373395492
RP1,0.0025883722580869305
RP4-676L2.1,0.002588111339072844
CNN3P1,0.002587748181359495
RP11-701H24.4,0.002587712377179545
PRSS27,0.0025876470048413042
RP11-195B21.3,0.0025870545792831727
RP11-141O11.1,0.0025869053780825935
AC010975.1,0.0025862917841052544
CTD-3138B18.6,0.002586244229826255
RP11-129B9.1,0.0025853223940755783
LINC00352,0.0025853065180371686
CFAP44-AS1,0.002585223034708291
RP11-164C1.2,0.002584986535916542
RP11-205K6.3,0.0025840028787062013
P2RX5-TAX1BP3,0.0025839382548638844
HS3ST1,0.0025838864826157643
LRG1,0.002583843453139599
ZNF813,0.0025831760774618095
SLC5A3,0.002582934585155706
CTC-336P14.1,0.002582838964549906
SNORA51,0.002582450872641668
RP11-561N12.5,0.0025818887883084225
RNU2-27P,0.002581538737871516
ZNF530,0.0025810517070451785
GS1-124K5.4,0.002580976980802049
LINC01284,0.0025808645961460865
RN7SL775P,0.002580340529369075
NEU1,0.0025801103669434787
RP11-968O1.5,0.0025800194532097686
AC002115.9,0.002579633831048648
RNA5SP246,0.002578555023618621
CBLN4,0.002578540261598348
SNORA33,0.0025784181768977897
RN7SL610P,0.002578334997583867
NOM1,0.002578208349652465
RP11-845M18.7,0.0025781150716131965
NAP1L3,0.0025772737135149756
SLC10A1,0.002577152011970468
CHMP4BP1,0.0025766079862137156
RP11-301G7.1,0.0025765233375397377
RP11-477J21.6,0.0025754438448181397
MIR770,0.002575435328478201
NPM1P52,0.0025751437927106287
ATXN7L3B,0.002574284582168325
RP11-130C6.1,0.0025740518227347865
RP11-626H12.1,0.002573960543386271
RP1-81D8.3,0.0025736082151830634
SRGAP1,0.0025732208790807043
RP11-22B23.2,0.0025730712088636453
CTC-235G5.2,0.0025730431751907357
EQTN,0.002572694653017587
BCRP4,0.0025725069679807793
AC007679.1,0.002572448970174014
RNU6-251P,0.0025724116515181343
CTA-29F11.1,0.0025720585140984456
HSBP1L1,0.0025716659101189714
RP5-890E16.2,0.0025714567044835147
RP4-580O19.2,0.0025712898289428367
LINC00551,0.002571199121811441
ANP32BP3,0.002571057483286878
ELFN1,0.0025710249956174785
RP1-232N11.2,0.0025709154925448894
MACROD2-AS1,0.002570788457960275
AC007192.4,0.0025706322296600217
RNU1-2,0.0025706294897349653
SNCB,0.002570553574765504
DRD5P1,0.002570497463991077
RP11-196G11.4,0.0025704724076826015
MIR5684,0.0025702849793546854
GS1-25M2.1,0.0025699798591809586
LINC01137,0.0025692282432276175
RP11-79M19.2,0.002568351910928195
TGIF2-C20orf24,0.0025680179156865627
EDN1,0.0025675701502044282
AC092614.2,0.0025669345791744544
ITGB5-AS1,0.002566901094522929
RP11-140L24.4,0.002566510371783082
RNA5SP284,0.0025663865323595305
RP5-1031D4.2,0.0025663800342635022
AC004449.6,0.002566326058013264
SRSF9P1,0.0025660786124553268
RP1-186E20.1,0.0025660588576900153
EIF1AD,0.002565517648839466
RP11-63E16.1,0.0025654812329053253
PRKAR1AP1,0.0025652393909269796
LINC01578,0.0025651156140083313
NMD3P1,0.002564704160898184
RP11-57H12.2,0.00256463940711063
RP3-382I10.3,0.0025645887410189806
NFKBIA,0.002564454166045619
PWRN3,0.002564392346910737
DNAJC19P9,0.0025643530814732957
RP11-438O11.1,0.0025643350307572766
RPSAP72,0.0025642321335966867
Y_RNA,0.0025640893368906155
AC007279.2,0.0025640324733833164
ZNF814,0.002563923556306744
LRRC37A9P,0.0025635981221613768
RP11-386B1.1,0.0025635287020457057
PRELID1P1,0.002563261792348853
AC008067.2,0.002562877702012043
CTC-296K1.4,0.0025625908343692126
KRT8P41,0.0025624195534700352
RPL17P26,0.0025618907849338035
RPL32P33,0.002561736602300301
LINC01259,0.0025608177126841937
RP11-333B11.1,0.0025608146508716407
LL0XNC01-250H12.3,0.0025603441979203064
RP11-510N19.5,0.0025603207347431275
COPS7A,0.0025599250085371404
RP3-507I15.1,0.002559895317393261
RP1-159A19.3,0.00255970638627892
RP11-248G5.9,0.0025594653311178453
LRRC57,0.002559275407239196
RP11-196B3.3,0.0025591237637924737
TMPRSS11F,0.0025591057369908007
VN1R51P,0.002558952526273439
CSTA,0.0025589160411103066
RP11-202D18.2,0.0025589159256871412
BANF1,0.0025585071275570337
RN7SL32P,0.0025583314526295255
AC009403.2,0.0025582341218646472
RP11-476M19.3,0.002557381025175823
RP11-6L6.4,0.0025570588561334663
MARK2P9,0.0025568146387553157
GUCY2GP,0.002556446056450493
ZNF358,0.002556219398403604
CTA-242H14.1,0.002556119664395607
RGS17,0.0025556837635801717
RP4-613B23.5,0.0025556152332450437
RPS19BP1,0.0025553032497555137
AE000662.92,0.0025551558031315195
SMPD5,0.0025548823502436497
AC006994.2,0.0025547765380413584
PHBP13,0.002554775393395192
ADIPOR1P2,0.0025544952042151027
LINC00378,0.0025543024746836084
CTD-2270L9.4,0.002553710143327643
AC093642.1,0.0025534444117926007
AC006942.4,0.0025533777120113764
TRMT112P6,0.002552491788214764
RP11-637N19.1,0.002552240818709176
RP11-410L14.1,0.002551589036312096
HAPLN4,0.002551250807431364
CEP57L1P1,0.0025510632328302535
LNX1-AS1,0.0025508956944615075
RP11-1293J14.1,0.002550376499880743
RP11-6O2.4,0.002550162217976489
RP11-353K11.1,0.002550069420579353
AC026202.3,0.002549520611062823
MIR184,0.002548810750461583
EFCAB14,0.0025481812821997836
RP11-834C11.10,0.0025478595996418787
NTSR2,0.0025478441048718686
SLC26A7,0.002547410036024522
KDM6B,0.0025473661543116088
RNU6-658P,0.0025473603445855986
LINC01224,0.002547027072111954
IL5,0.0025468447121045953
AC018463.4,0.002546510552973447
RP11-90J7.2,0.0025464712526845675
RP11-61N20.3,0.002546098183612221
NPY,0.0025459581849285617
PDLIM1P2,0.002545445507112522
RP5-1185I7.1,0.0025452490936666715
ATP6V0D2,0.0025449447451925972
RP11-97N19.3,0.002544678320476508
RAB32,0.0025440386395399893
RPL18AP15,0.0025436666579546326
RP11-134K1.3,0.002543202601258132
CHCHD2P7,0.002542565397300013
LINC01352,0.0025422608142737996
RP5-897D18.1,0.0025418415825376353
RP11-18B3.2,0.0025416120567402782
ATP11AUN,0.002541472028589935
RP13-192B19.2,0.0025413015630321033
AP000361.2,0.0025411966328090234
RNU6-1056P,0.002541024614117542
CHCHD2P5,0.0025409891014350015
UNGP3,0.0025408582407967124
LINC01574,0.002540405876479231
RP5-1126H10.2,0.0025403737899723235
RP11-1415C14.3,0.0025403114650684785
LINC00924,0.0025402658331905867
RP11-553K23.2,0.002540053502276818
RP11-1072C15.6,0.002539812233536054
LINC01299,0.0025394466568901103
RNU6-403P,0.0025391419221925332
Y_RNA,0.0025390438035171334
MIR6881,0.002539019011723902
LAMA5-AS1,0.0025389754160928843
ZNF805,0.0025386733159912245
FAM50B,0.0025385132741959538
LINC01351,0.002538293103946791
BTG2,0.0025381476868641195
CYP4X1,0.0025378536643098793
CCDC188,0.0025378326923693167
CTB-73N10.1,0.0025375955187349085
RNU6-431P,0.002537411670440492
RP11-486G15.1,0.0025372459523560083
AC006262.4,0.0025370364791581185
AC016994.2,0.0025369767095114845
CTA-407F11.7,0.0025368505265336502
CD248,0.0025368174444157536
AC009362.2,0.002535855836037651
HSD17B1P1,0.002535830221009713
MMP17,0.0025357511025351246
CAPNS2,0.002535650294430798
KB-1572G7.2,0.0025354068192027994
RP11-52B19.1,0.0025351684577663157
RP11-352G18.2,0.0025350294239876846
UHRF2P1,0.0025349209160182994
CTC-493L21.2,0.002534751483893334
RP11-109D9.4,0.0025342964916345223
RP4-630A11.3,0.0025339628767988473
RP11-405F3.5,0.0025338631423982103
RP11-157D23.2,0.002533691594141582
RP11-204K16.1,0.0025336687229910756
AC079807.4,0.0025332757973622845
XXbac-BPG55C20.7,0.0025329920640539405
TARM1,0.002532959553937209
RP4-569M23.5,0.002532853119570915
PIK3CA,0.002532784104242793
LINC00867,0.0025327168309143195
LGALS17A,0.002532687630933325
MTFMT,0.002532049241802343
RP11-7G12.1,0.0025314568828290443
MT-RNR2,0.0025311791989811516
ESRRAP2,0.00253102742898895
OR2A20P,0.0025308842152625553
ABHD8,0.0025303471473124566
RP11-814P5.1,0.0025301762291112155
FAM218A,0.0025294818822147866
RP11-856M7.2,0.0025292884927480344
RP11-153K16.1,0.0025290930474961113
RP11-255C15.3,0.002528319611229632
AHCYP3,0.002528252678135358
EEF1A1P24,0.0025274503696981884
RP11-546O6.4,0.00252696264615155
RP5-1195D24.1,0.0025269502133123856
AP000472.2,0.0025265080414096247
CTC-525D6.1,0.0025264591496031046
Metazoa_SRP,0.002525759447828904
TPI1P1,0.002525286145867644
RP11-77K12.9,0.0025252601936784844
RP6-109B7.5,0.0025252126174264353
GS1-531I17.3,0.0025247680131793276
RP11-435O5.4,0.002524534204295919
MYO5BP2,0.0025244617815124923
RP5-1110E20.1,0.0025244503728295477
RP11-796E2.4,0.0025239335604537835
CHRM4,0.00252362013888237
RP11-14I17.1,0.0025231678786558007
HNRNPA1P36,0.0025230636881306413
MTATP6P17,0.0025230617532746393
CTB-171A8.1,0.0025230203743023486
C11orf96,0.0025227452282751413
TRAPPC13P1,0.002522699676196454
GZMAP1,0.002522432351506321
GPR19,0.002522267069820491
RP11-325L12.6,0.002522068571175129
RP11-367E12.4,0.0025220020811241826
RNU6-411P,0.0025217599467147814
Y_RNA,0.002521614908332431
RP11-349N19.2,0.002521460914828595
COL5A3,0.002521441899714799
TMEM26-AS1,0.002521190908345287
CUX1,0.0025209631469512626
CH507-152C13.3,0.002520949732236075
AP002884.2,0.002520671252249723
CTD-2583A14.1,0.0025204522403094007
RP11-314N13.10,0.0025200661447336886
MBLAC1,0.002519837780117061
RP11-358B23.5,0.0025195457414619363
RP11-1143G9.5,0.0025194280151427605
GNG12-AS1,0.0025189810998399492
SP2-AS1,0.002517991995622652
RP11-358D14.3,0.002517177628461898
TEAD4,0.0025169329457700807
LINC01498,0.002516594997613152
LL0XNC01-116E7.4,0.00251637573561419
RP11-206L10.4,0.0025162032987050592
FAM231D,0.002514963364999578
CDRT8,0.0025149631286684633
SEMA3B-AS1,0.0025148477734894662
KNOP1P4,0.0025146918966005983
MTND5P11,0.0025146485784365443
LINC01215,0.0025145774039417256
RNU6-1163P,0.0025145349929814125
PRSS38,0.002514497911892602
OR2T4,0.002514458883477521
CALM1P1,0.0025143442759004565
ATP5G2P3,0.002513846954134523
RP5-860P4.2,0.0025137736265679407
PHACTR2P1,0.0025133612020709077
GDI2P2,0.0025133241545206015
ZNF189,0.002513245769252903
AC105760.3,0.00251283264494121
CCDC177,0.002512781550116965
RPL23AP43,0.002512748813267881
RP3-406P24.4,0.0025122568344477323
RP11-475I24.3,0.002512245940192546
RP11-99H8.1,0.0025122384899795977
RP11-162A12.2,0.002511658818306064
RP11-400N9.1,0.0025116289647097987
RP11-307L3.2,0.0025115643788599863
RP11-724M22.1,0.0025113487385607764
RP11-60C6.3,0.0025112335697110026
UBBP2,0.0025111752085159663
LINGO1-AS1,0.002511116630767031
RP11-165F24.3,0.002510890473913085
RP11-644F5.11,0.002510774085608304
RHOU,0.0025105019964121364
LINC00920,0.0025101552385068913
RP11-353N4.5,0.0025096288429338706
GABPAP,0.002509628346968503
LGALS7B,0.0025095752925649952
SNRPFP2,0.0025094785503779514
RP11-612B6.2,0.002509196716436827
RP11-283I3.4,0.002508974984290553
RNU7-49P,0.0025087076514084235
COX6B1P5,0.0025087054004926082
AF127936.3,0.0025086789335819933
GPR162,0.002508674509259454
FLJ21408,0.002508579458976719
C19orf81,0.002507827074711891
RP4-778K6.1,0.002507690575852431
RP11-143E21.2,0.002507135892470689
RP11-373E16.3,0.0025069742573078212
FLNB-AS1,0.0025068525085991575
RP11-522I20.3,0.0025068053357735092
RNF114,0.002506736598388363
XRCC6P2,0.002506618959868528
ITPK1-AS1,0.0025064475248302164
RP11-282K24.3,0.0025062416812332905
CTB-134F13.1,0.0025056134869706906
OR52B3P,0.00250560737830782
RP11-44I10.3,0.0025055015473794085
TAF3,0.002504541249592075
RP11-434B12.1,0.0025038277428158263
NEUROG3,0.002503721987137532
RP11-169E6.1,0.002503616900542697
AC069063.1,0.002503540111441329
RP11-21M24.2,0.0025033674329307414
RN7SL824P,0.0025032203484701416
LINC01114,0.002503172240381977
AC007191.4,0.0025029868979649164
AC016735.2,0.00250277528724424
CBR3-AS1,0.002502551622076493
ASS1P7,0.0025023040287568705
RP1-192P9.1,0.0025020690739774223
RP1-153P14.5,0.0025018304369130292
C11orf98P1,0.0025016992987837157
CTB-49A3.2,0.0025013987607650804
TRAV9-2,0.0025013795535711483
VN1R83P,0.0025004253736957893
WDFY3-AS2,0.0025000818717331144
CLP1,0.0025000439283502677
CYCSP40,0.002499923810271508
CTB-50L17.5,0.0024997190771604786
RAET1L,0.002499466974531448
SLC38A8,0.0024987933349181965
NDUFB4P8,0.002498750741471533
GAL,0.002498704294317704
RP13-786C16.1,0.0024978331121339233
RP11-309M23.1,0.002497807192955487
RP11-398C13.6,0.002497688227675764
RP11-1026M7.2,0.0024974563182298803
RP11-554D14.4,0.002497440334112814
RP11-90C4.1,0.0024972348307404964
TTC39C-AS1,0.002497008590558563
HERC2P2,0.002496876437740016
UGT1A10,0.0024967751492298547
RXFP2,0.0024964037710665083
SIRPG-AS1,0.002496349697652477
PHBP19,0.0024961639108318024
MAF,0.0024959150822701295
CTC-548K16.1,0.0024956453504904803
RP11-115J16.2,0.0024952980215830283
RP11-806L2.2,0.0024950520049367092
PPIAP11,0.002494741040363335
AC147651.5,0.0024940199760701202
ZBED6,0.002493837103643705
MIR616,0.0024936428454342434
RP11-989E6.13,0.002492958714525297
RP11-719L21.1,0.002492627239190593
RP11-304F15.4,0.0024922757663624054
EEF1A1P32,0.00249226072977983
RP11-367J11.2,0.002492198201990666
RP11-166N17.1,0.00249178821126349
RNU1-72P,0.0024917197852570546
MEF2C-AS1,0.0024917161138340053
RP11-133F8.2,0.002491499097788687
RNU6-90P,0.002491301506238297
ATP13A4-AS1,0.002491053920941155
PSMC1P2,0.0024906920595320296
RP11-243A14.1,0.002490616028771067
Y_RNA,0.0024890273490798913
CTD-2325A15.3,0.002488703470215104
MTAPP1,0.002488218953520534
NPM1P26,0.0024880916376410194
CTB-49A3.5,0.0024880086274474585
RP11-468H14.2,0.0024877310991094355
MIR1301,0.0024871369484532947
HNRNPA1P20,0.0024865135845854643
ZNF385D,0.0024864855258629236
GCSH,0.0024862702468210264
F11-AS1,0.002486180252883118
TESMIN,0.0024860326636406307
RP5-1042K10.12,0.002485923552235252
MIR6762,0.0024858442067490034
DEXI,0.0024856001137171404
RP11-438D14.2,0.002485356653620064
LYVE1,0.0024848917191681186
Metazoa_SRP,0.0024845855124004867
FOXO6,0.002484435119413726
RNU6ATAC25P,0.0024844259537488487
RPL36P16,0.002484152024940328
OLR1,0.0024840315575783934
MTND6P4,0.002483873050709934
MIR8069-2,0.0024837522287008374
SUB1P3,0.0024837129831452275
HNRNPCP4,0.0024835710620574577
PTPRG-AS1,0.002483456631849244
EIF4BP9,0.00248335973247723
CYCSP52,0.0024832684948278903
AKAP5,0.0024831666820660445
RP11-147L13.15,0.002481851400079413
AC107083.1,0.002481792021563329
RP11-423H2.4,0.0024817064073167925
LINC01491,0.0024815379302040425
RPSAP1,0.0024814453219179702
SIN3B,0.0024813602376292793
PALM3,0.0024812517837432056
UBE2L5P,0.0024811367873288246
NDUFV2P1,0.002481084582955609
RPL37P15,0.0024810407750826403
NUDCD1,0.00248101557491737
AP000866.1,0.0024809628691614015
RPL30P4,0.002480775021571594
HNRNPA3P1,0.002480456345762834
RP11-109L13.1,0.0024803810543853155
GBF1,0.002480233321595834
AC007879.4,0.0024801027788478396
RP11-431D12.1,0.002479514803995793
C5orf51,0.0024794317810200705
RP5-903E17.2,0.002479307303372629
STX17-AS1,0.0024792828986375083
RP11-170L3.4,0.0024790144070264935
RP4-764D2.1,0.0024788265137469082
AC009303.1,0.002478813242544462
RP5-1069C8.3,0.002478773932486611
LINC01336,0.0024784935759175103
ENPP7P12,0.002478306106476309
RP11-344P13.3,0.00247774733836051
RP11-276E15.4,0.0024769718740097067
C11orf63,0.0024768018915606836
RP3-354N19.3,0.002476355536205175
HRNR,0.002475486061884866
B4GALT5,0.0024753713018999
RP11-396F22.1,0.002475182786729851
AC104794.4,0.0024750548626839733
CTD-3194G12.1,0.002474995521491433
CA2,0.002474817779948855
DLL4,0.002474565373121479
RP11-52B19.10,0.0024743454123303567
RP11-804M7.1,0.0024740640877600373
RP11-214K3.5,0.0024740615947356943
GANC,0.00247364630344482
RP11-482L11.1,0.002473592813134057
RP11-302B13.5,0.0024735635874538636
RP6-65G23.3,0.0024735004287173936
RP11-181E10.3,0.002473375516562133
RP11-397P13.7,0.002473315511153374
RP11-383J24.2,0.00247322911937317
LIME1,0.0024724369474446494
TAX1BP3,0.002471380622112393
RP1-102K2.9,0.0024712547574337147
RN7SKP74,0.0024710409178408336
MIR3690,0.0024708415360198124
PTGES2-AS1,0.002470537773423735
KB-176G8.1,0.0024701904947591483
U40455.1,0.002470107750397809
GPR183,0.002470024064412002
MAFK,0.002470018200046809
KDELR2,0.0024695970075557126
TMEM62,0.002469582689142554
RAB3A,0.0024695098846746217
RP11-415K20.1,0.0024693859825809425
RPL23AP59,0.0024690779636507908
RP11-349A22.3,0.00246880060858261
WASH7P,0.0024687723130219588
RP11-168J19.2,0.0024687251253225624
RP11-274A11.4,0.002468570336961834
AC068580.6,0.0024682199341929836
RP11-757F18.5,0.002467860015518335
RP11-383G10.3,0.0024676362558448193
RP11-397D21.1,0.0024670614114356555
ADPGK-AS1,0.0024670326973081722
SLC25A24P2,0.0024669192919164343
SPATA12,0.0024662822124163833
MIR4326,0.0024656528336821507
RP4-566D2.1,0.0024655888707665404
LSM11,0.002465575536524186
SCARNA22,0.0024653287093465287
CTC-575N7.1,0.0024651843745661633
CTD-2325P2.4,0.002464830533797697
BPIFB9P,0.002464099265728263
RP11-105C19.1,0.002463792067228686
NKD1,0.002463367137470451
RNU6-247P,0.002463312659170531
AK3P2,0.002463304879693255
RN7SL794P,0.002462875281338843
RP11-44K6.3,0.002462764843940331
MZF1-AS1,0.002462621300863978
GPC5-AS1,0.002462387431648498
Y_RNA,0.002462167081452613
B4GALT1-AS1,0.0024621243280328565
RP4-665N4.8,0.002461061649270618
RP11-631M6.3,0.0024609566606633897
TERF1P4,0.0024606895280993276
ALMS1-IT1,0.002460489205176235
RNF150,0.0024594312943093913
AP001412.1,0.0024586910540618655
RP11-215P8.2,0.0024586827386447216
CH507-24F1.2,0.002458400846313108
AC128709.2,0.002458382691821507
KRT18P22,0.0024583337242258764
RP11-274J7.3,0.002458290622806456
AC104297.1,0.0024581861317404504
RP11-21M24.3,0.002458055244191922
RP11-96H19.1,0.00245805243944383
RP11-256L6.3,0.002457977289348245
ZNF317P1,0.002457912545223434
HES5,0.0024578849434487484
RNU6-1096P,0.0024576616373749413
AL591806.1,0.0024565670529903836
RN7SL574P,0.0024564380268828835
CTD-2609K8.3,0.0024560833860720736
RP11-293B7.1,0.0024560596889142646
CCDC93,0.002455818317437944
RP11-632C17__A.1,0.0024558103481339445
TMEM30B,0.002455770479205515
AC073464.7,0.0024556081388453412
RP11-11N7.4,0.0024556035371265427
SLC6A10P,0.002455540277657648
TAS2R15P,0.0024555188797921296
TMSB10,0.0024553141882901973
CTD-2545G14.6,0.002455304746856849
AC093787.1,0.0024549262616487223
C11orf71,0.002454886529885054
HILS1,0.002454774568349818
AC011524.3,0.002454099473218318
G6PC2,0.002454060054065421
SLC29A3,0.002453800489401613
TPRX1P1,0.0024537154400166208
RP11-474I11.8,0.0024537027467132605
RP13-516M14.4,0.002453535398554197
EXT1,0.002453284589962707
TRAV19,0.0024532792948871126
CTA-941F9.10,0.0024532375780660733
HSP90AA6P,0.002453131209417139
P2RX3,0.0024530318285215175
RP11-713M15.1,0.0024529821604872683
RP11-770J1.7,0.002452772255540345
FLJ33360,0.002451843212292506
RP4-753D10.3,0.00245172053313799
RP11-20J15.2,0.002451694135398248
RP11-453N18.1,0.002451355388452262
RP11-697E2.10,0.002450503529260651
RP11-91I8.3,0.0024500582749601464
TIGD6,0.002449621667253602
CTD-3233P19.7,0.0024496061429968635
ST13P19,0.0024493588858706256
RP5-1057I20.5,0.002449159226937037
RP11-282O18.3,0.0024490810387915434
AC003006.7,0.002448866575686056
SUGT1P3,0.002448324773389561
AC005593.2,0.0024480689401989034
RP4-570O12.3,0.0024475227604815776
USMG5P1,0.0024475027325830496
RP11-417B4.2,0.002447159991852757
RP11-332H14.2,0.002446979326723789
RP5-1057J7.7,0.002446733051021792
NPPB,0.002446533819762259
ARL2BPP3,0.002446306971059417
Y_RNA,0.002446117132158424
RPP25,0.0024460429277492163
SHD,0.0024457459421375082
TRBV12-4,0.0024455422016605656
FTX,0.0024453952615111616
RP11-85B7.5,0.002445264566129949
LINC00454,0.0024449238299561324
HMGN2P15,0.0024443547794041408
SNORA77,0.0024442668286907593
CTD-2265D6.2,0.0024442329704711012
RP11-325L12.7,0.0024440178832538114
FAM19A5,0.0024439950595827997
KRT18P17,0.002443886958219515
HIST1H2BL,0.0024437745534150418
FBXO36-IT1,0.0024437255819454292
RP4-758J18.13,0.0024436365283540843
PCDH10,0.0024434654590799487
ST20-MTHFS,0.0024434072331080184
RP11-350N15.4,0.002443361774618748
MIR8071-2,0.002442784450016714
MTND6P22,0.0024427295351730546
LINC00964,0.0024423155042561104
SLC17A4,0.002442305130117207
TNFRSF1A,0.0024422872052889256
ALDH1B1,0.0024421432725094862
RP5-875O13.6,0.0024420187353618597
MTCYBP13,0.002441620230036987
AC004951.6,0.002441553686160711
RERGL,0.002441379129446726
CTD-3195I5.3,0.0024412659152943245
C1GALT1C1,0.0024411468531140186
CELF2-AS2,0.002441068068899265
RN7SKP255,0.0024405231884152704
Metazoa_SRP,0.0024403231413127483
AC007278.3,0.0024402507973814444
CTD-3247F14.2,0.0024402462697487755
NRARP,0.002439878215041166
RP11-343J18.2,0.0024394620000497964
RP4-683L5.1,0.002438844640511075
VN1R20P,0.002438629805965382
HAUS7,0.0024383739495611395
RP11-14D22.1,0.0024383633897699353
ASB16,0.0024382433019523217
VN1R84P,0.0024381931297165326
MAGEF1,0.002437634074744796
EIF4BP5,0.0024372473996051316
HNRNPH1P3,0.0024372323942847677
CDC42-IT1,0.0024369259841144036
PRDM14,0.002436609467100734
DNM1P51,0.0024363850006774534
RP11-567J20.2,0.0024362269767181873
RP11-403H13.1,0.0024353919436755785
RP11-944L7.4,0.0024352457058473215
GOLGA2P8,0.002434933002952808
SCT,0.002434786478821607
RP3-337H4.8,0.002434743181244504
LDHAP5,0.0024344915378921492
RP11-57A19.2,0.0024341571755219305
TMEM140,0.00243372336795206
CEBPD,0.0024335832823735113
SPSB2,0.002432302782840194
RP5-1148A21.3,0.002431931888561801
RRP8,0.002431595713843364
RBP5,0.0024313592559761124
MIR3163,0.0024309864394126443
TMPRSS5,0.00243081908853761
VKORC1L1,0.002430005043252953
LLNLR-276E7.1,0.0024299540917966447
DDX56,0.0024297321300554672
PIP,0.002429656468536584
RP11-197K3.1,0.0024293603037712267
PKD1P6,0.0024290996896218203
ZBTB43,0.0024289943250288123
AC243756.1,0.0024289791299586167
DRD1,0.002428766405104373
AC055733.1,0.0024284047468422928
CTC-498M16.4,0.002428066466556464
RPL37P23,0.0024277165957384554
SYF2P2,0.002427153998414114
CEACAM4,0.0024261868046096978
RP11-555K12.1,0.002425947998798269
DUSP23,0.0024256946814289154
RPS14P4,0.002425588254294578
AC073150.6,0.002425555223460158
RP11-364L4.1,0.0024248916175933074
GNB2,0.002424581379461298
COX5BP3,0.002424496435150738
SURF1,0.0024240737202709116
HIVEP2,0.0024239283224583574
RP4-800G7.1,0.002423670070785145
HMGN2P4,0.002423604881784132
OR55B1P,0.002423554421252679
CTC-493P15.2,0.0024231742651006946
MUPP,0.002423108406143826
TFAP2C,0.0024230870628271905
RNU6-920P,0.002422963947797309
RP11-355N15.3,0.0024227899993753215
RGS16,0.0024222387445179136
IMPDH1P10,0.002422110639732233
RP3-497J21.1,0.0024220703169433914
RP11-697G4.4,0.002421929285196007
GLRXP3,0.0024218852685253165
RP11-839D17.3,0.0024217357947925637
KRT8P10,0.0024216195886656616
LINC00621,0.0024214757261910467
AC009495.3,0.0024214076578069465
RP11-124N14.3,0.0024210112291926144
RP11-638L3.1,0.0024209819040460685
MIR4518,0.00242040183795515
CTA-299D3.8,0.0024201587076099988
AP000797.4,0.002420146493524956
TEX43,0.002419839996948367
RP1-30E17.2,0.0024197032722342187
TRIM51JP,0.0024196852010098307
LINC01376,0.0024196629824135858
RP11-128N14.4,0.0024194997988931477
RP11-65M17.3,0.002419160387730021
FOCAD-AS1,0.0024188680663915817
RP11-307C19.2,0.0024187450691629405
DSTNP2,0.002418492575347549
RP11-47G4.1,0.0024184820899983547
HTR1D,0.002418450606048217
ASIP,0.002418171440517114
LINC00229,0.002417993446601894
KLHL42,0.0024179841236535585
CYCSP29,0.002417756686573413
AKR1C4,0.002417493871704044
RP3-468K18.7,0.0024174426982520826
SUPT4H1,0.002417345197260574
PRR13P1,0.002417275383597602
MBLAC2,0.002417248419386287
THRB-IT1,0.0024171820285478797
AC079781.7,0.0024167609445680015
GAPDHP48,0.002416723712367368
RNU1-59P,0.0024163446866634977
SNORD6,0.0024161583463620947
C4orf47,0.0024161273126822075
SNORD113-9,0.002415927472720254
RP4-671G15.2,0.0024157817150935227
POLR2K,0.0024157094834393474
DPPA5P1,0.0024156833892519953
RP11-385J1.3,0.002415322539555737
RP11-298E9.6,0.0024150470125664024
SIK1,0.0024149852303126515
RP11-804F13.1,0.0024148292822698723
RP11-712L6.5,0.0024147708360896013
RP11-268G12.3,0.0024145793911079416
HIST2H2BD,0.0024145090677574394
POLR2D,0.002414082100867538
CTA-212A2.3,0.0024140545067359753
GNGT2,0.0024140006021800423
SNORA72,0.0024138614030093618
H2AFZP5,0.0024136470348314395
FABP7P1,0.002411767916837739
CUBNP2,0.002411717177296748
AP006222.2,0.002411396939608894
RP11-191L17.1,0.002411269693936171
DAZAP2P1,0.0024110577362213468
RN7SL40P,0.0024104853314685
RNU5A-1,0.002410051779880901
RPL29P25,0.0024098827008190164
UBE2Q1,0.002409510429625788
Metazoa_SRP,0.0024094305690620823
CTD-2639E6.9,0.002408194585892907
AC010731.4,0.0024080500482716997
AC108463.1,0.002407989802546654
RP11-462D18.2,0.002407606229380416
KRT74,0.0024074966866755756
FAM58CP,0.002407303811144384
EEF1A1P30,0.0024072145206010887
RP11-226M10.3,0.002406862023238959
SNORD123,0.00240682135002814
AP001628.6,0.002406683844045443
RP11-408A13.2,0.002406269708750442
RP11-236L14.2,0.0024059864108036846
Y_RNA,0.0024059576547936904
CTC-430J12.2,0.002405934136412622
RN7SL678P,0.0024057870263088153
RP11-406D1.2,0.0024057425069019165
RP11-598F7.4,0.002405647934967135
NXT1,0.0024048623307346643
PTPRD-AS1,0.002404757834905487
CTA-351J1.1,0.0024046400584605597
RN7SL625P,0.002404414781591756
UTAT33,0.0024043069826349454
RP11-533E19.7,0.0024042439069588925
RP11-259P15.3,0.0024036284294680715
HMGB3P10,0.0024033292778004724
RN7SL559P,0.0024032467697303484
RP11-281P23.1,0.0024030048364527662
RP11-218C23.1,0.0024029460482426286
RP11-96D1.8,0.0024027643368902743
MTND4P35,0.0024025912389194263
MRPL45,0.0024013728742670435
SPEM1,0.0024005882028056793
CTD-2530N21.4,0.002400380627697172
KISS1R,0.002400236033312533
CTD-2020K17.4,0.0024000327579821023
CTB-5E10.3,0.0023992702848651716
RP11-227H15.5,0.0023992637089359546
RP11-347I19.8,0.00239916660531323
NOP10,0.00239905476717042
AC000403.4,0.0023984961719254352
AC140542.2,0.002398019592343157
ZFP92,0.0023961577795794707
RP11-1038A11.2,0.002395991296911331
RP11-365D23.4,0.0023959046849122818
HSPA1A,0.0023957579629645593
SLC2A12,0.00239573181673624
PPP1R15B,0.002395512004275768
RP11-466F5.3,0.0023954246918373684
AP000708.1,0.0023952324082797934
RP11-647F2.2,0.0023949563435914953
CTD-2165H16.4,0.0023948518957644022
CTD-2014B16.5,0.002394330579526101
TAS2R46,0.0023940836491540096
RP5-1007H16.1,0.0023940336821199324
RNU7-171P,0.00239403365710179
RP1-196A12.1,0.0023938525136667286
HNRNPA1P7,0.0023938293857568137
CTD-2265O21.3,0.0023934760497567615
RP11-895K13.2,0.002393401827045688
RP11-265E18.1,0.002392859042791469
GPX1,0.0023928016738455384
NCAPH,0.0023926147067355845
RP11-146D12.2,0.0023924591114802317
RP13-452N2.1,0.002392405790177236
RP1-140K8.1,0.0023923585033452928
KRCC1,0.002391994809747022
RPL23AP85,0.0023915686459900715
AC011294.3,0.0023915484470281552
snoU13,0.002390545900640158
AC092535.3,0.002390337574611032
RP11-481J2.3,0.002389870432762671
ZNF354C,0.0023897420578781556
RP11-753A21.1,0.0023896276951687737
RP1-148H17.1,0.0023894319672122907
RNY4P36,0.0023891870831460964
CTD-2017F17.1,0.0023891795948610683
RPL7P37,0.0023890291789768316
RPL3P2,0.002388782855661669
BEST2,0.002388713930971377
BOD1L2,0.002388573971297848
LINC00508,0.0023882736040172553
RP11-356M6.1,0.002387691504663557
ANKRD20A11P,0.002387689117896735
CTC-512J14.5,0.002387534278658178
RP11-540O11.4,0.002387299394584025
LUADT1,0.002387248691691743
TMEFF1,0.0023871605158852743
NPTX2,0.0023870864466164167
RP11-404O13.1,0.002387008087846876
EIF4HP1,0.0023867124010553266
RNU6ATAC7P,0.0023864703839886325
CHSY1,0.0023863515660946855
RP11-193I22.2,0.002386051338858926
RPL23AP49,0.002385876100834931
RP11-643G16.3,0.002385656092582633
RP11-39C10.1,0.0023853171118928007
SPRYD3,0.002385118373971426
RCC2P6,0.002385021304759784
MYL12BP1,0.002384428288761421
SYNPR-AS1,0.0023844168948670462
CTD-2536I1.2,0.002384344880368104
RP11-390P2.4,0.0023840221954119353
RP11-142L4.3,0.0023840116730051205
REP15,0.0023838892746557393
RNU6-388P,0.002383360000139565
RN7SKP69,0.0023833458424764916
MIR296,0.0023826509815610642
RPS6P21,0.002382352363506145
RP5-1184F4.7,0.0023815440700153665
SCAANT1,0.002381334637602874
FAM35DP,0.002380892003574918
RP11-407P15.2,0.0023805907994308723
ITIH4-AS1,0.002380432720255346
RP11-23N2.4,0.00238002836251045
RP11-46H11.12,0.002379853665189441
KLHL10,0.002379840008150053
RP11-504G3.2,0.0023795522275274427
TPI1P4,0.002379395918995091
LHFPL5,0.002379355085875643
AP000569.9,0.002378995425688647
INAFM1,0.002378832774408799
RN7SKP261,0.002378515700735307
POLR2KP2,0.002378495133387906
MIR3976HG,0.002377562098872729
MTND3P19,0.0023774970593025313
LINC01621,0.0023767880748557318
ITGB1BP2,0.002376251107077
KRT28,0.002375849770419983
RRS1-AS1,0.002375663660129579
ZYG11A,0.0023756471866813174
OCM,0.0023751751767201795
LINC01504,0.0023747189508711466
RP11-100N3.2,0.0023745791082102202
MRC1,0.0023744916802092867
TSGA13,0.002374107935337885
RP11-109A6.2,0.002374052251447955
KRTAP9-4,0.002373784056978383
RN7SKP55,0.0023733220484666133
RP11-346C16.4,0.0023730756849705613
FSD1,0.0023730529616607745
RP11-332J15.1,0.002372965835766581
RP11-307I14.2,0.0023728883028393613
JUN,0.002372856687758989
ATG16L2,0.002372823435946153
SUMO2P6,0.002372795270838083
RP11-169D4.3,0.002372665984811339
OR9N1P,0.002372612647299613
DNM1P47,0.00237215976558019
GDF15,0.002372134325647636
RP11-793H13.8,0.0023717191562340765
RP11-804H8.7,0.002371538136084481
AP001372.2,0.0023712730123367793
RP11-287F9.2,0.0023710525442852334
RPL26P29,0.0023710117466259665
PAQR8,0.0023709633232114296
RASD1,0.002370851207128667
AHNAK2,0.002370829884276169
CTD-2006H14.2,0.0023708208065371605
TAS2R13,0.0023706625563027638
RP11-2L8.1,0.002370647371683411
AC073621.2,0.00237045074302778
LINC01361,0.0023703349917294112
NDUFB9P2,0.0023703197404159808
PARD3-AS1,0.0023701796501231433
CTC-277H1.6,0.0023701383611728186
RP11-1072C15.1,0.0023700473951265705
MRPS18AP1,0.0023699803644630407
VMP1,0.0023698644732062157
CITF22-92A6.2,0.002369734164917165
CLDN4,0.002369669311968533
RP11-178F10.2,0.002369207113101169
PLEKHA3,0.002369133419407002
PRSS29P,0.002368831206357228
ANP32BP1,0.0023687469099506002
SLC9A3P2,0.0023687286082844563
PGAM1P12,0.002368629033152739
AC009495.2,0.002368186119259785
RP11-661O13.1,0.0023681336814926463
RP11-126O1.4,0.002367733685349292
CTD-2533K21.4,0.002367626205653435
CTC-559E9.6,0.0023675386026753625
RP11-231D20.2,0.0023675200290437515
CH17-302M23.1,0.002366992861844515
RPS3AP54,0.002366270370337573
OR13C4,0.002366235081208866
RP11-271K21.12,0.002366049870313925
RFLNB,0.0023659490091321607
KRT24,0.0023657759946229787
ETFRF1,0.0023657599064824918
RP11-685N10.1,0.002365537033878846
RP5-965F6.2,0.002365334118921031
AF131217.1,0.0023651045355391033
RNU6-1262P,0.0023650646507426664
SCAND1,0.0023649788421124854
AC002127.4,0.002364507805410874
Metazoa_SRP,0.002364400293319663
AMZ2P1,0.002364381838225287
RP11-252A24.2,0.0023640767057424056
RPL6P25,0.0023639947198702445
MEIS3P2,0.0023639155791620107
RP11-514F3.5,0.002363895907997723
RP11-551G24.3,0.0023637900001160844
RP11-720L8.1,0.0023633868458788716
RP11-720L2.2,0.002363386639805012
AC008697.1,0.0023632924992240535
LINC00680,0.0023628048886179575
MIR194-2HG,0.002362728172278368
RP11-757G1.5,0.0023626927267079885
CTB-75G16.1,0.0023626258597521438
RNF2,0.002362621994296047
SAR1P1,0.0023625594978266507
MS4A14,0.0023623956180156918
RPS10P5,0.00236234740766365
POC1B-GALNT4,0.002362287195856276
MT-TE,0.0023616145022411893
RP11-325D15.2,0.0023615894572619756
UPF3B,0.0023613746258342857
C22orf23,0.0023611683441300576
TSSK3,0.0023611507798673953
MIR410,0.0023611174539017446
BAHCC1,0.0023610073049715164
C17orf100,0.002360855827369907
AC006539.6,0.0023604550127853023
AIRN,0.0023603655403002253
LINC00682,0.002360107228877879
AC009967.3,0.002359984054791568
FAM95C,0.002359467734495102
TRIM34,0.0023593452846567844
YY1P2,0.002359255796842249
IL13RA2,0.002359098698340758
NFKBIL1,0.002358968652368822
FGF17,0.0023589221755849167
HNRNPUL2,0.0023588845526477022
DUSP2,0.0023587379154355725
RP11-864N7.2,0.0023580521695840562
CTA-212A2.1,0.002358003262185668
CHML,0.002357724924535523
FOXL2NB,0.0023572278944688895
VTRNA1-1,0.002357074878998681
LINC01237,0.0023570496676670323
RP11-157E16.1,0.0023567730819968173
RP11-109I13.2,0.0023564140412083443
CTC-471J1.10,0.0023558628033122715
CCDC18-AS1,0.0023555686072442676
RP11-19E11.1,0.0023554231192934733
PHKA2-AS1,0.0023551973769226193
WDR61,0.0023548623441310636
AQP7P1,0.002354851109195967
CCDC167,0.0023545936469294626
XYLT2,0.0023545824824431037
SDCBP2P1,0.0023545568876205867
RPSAP23,0.0023542704151038036
IMPA1P1,0.0023542569719122997
IGLV1-50,0.0023542402638299983
MDP1,0.002354072418110247
PCDHB3,0.0023538539674103445
LINC00933,0.0023536309067452967
FRS2,0.0023533697337665754
AVP,0.002353322718476281
RP11-159H10.3,0.0023533067000937147
ZP1,0.0023525322363481278
RP1-68D18.3,0.002352496627396558
RP11-597D13.9,0.002352396600077877
RP5-1086L22.1,0.0023521928261343527
ACTG1P18,0.0023519058467520834
RP1-179N16.3,0.002351849279664935
RP4-564F22.7,0.0023517336511706542
MIR548AY,0.0023517255762374456
SPATA8,0.002351629006030424
LPCAT3,0.0023514078483335373
GSDMC,0.002351040862253727
LINC01524,0.0023509005198679156
AC015977.5,0.0023506088197739463
XXyac-YX155B6.7,0.0023505772619942513
H3F3BP1,0.0023501691789619412
TMEM254-AS1,0.0023498635412416862
LDHAL6A,0.0023496773754089653
AC005740.4,0.002349530667572936
CACNG4,0.0023492857253683015
AP001432.14,0.0023491547596910453
AP001625.4,0.002349063966985342
AC015849.2,0.002348996750412339
RP11-434D11.4,0.0023484303999853967
NDUFB10P2,0.0023484248005642278
RP11-554D14.6,0.002348218327865226
ARSI,0.0023480989198689985
GS1-124K5.3,0.002347865623125928
RNU6-934P,0.0023478653853998633
CTD-2047H16.5,0.0023474209651910384
RP11-473M20.11,0.0023464523903635377
RP11-95I16.4,0.002346343263749662
AC003090.1,0.002346128348298279
MTHFD2P1,0.0023459364635839692
RP11-371F15.3,0.0023457922383971702
RP11-443B7.3,0.0023457131376221217
ARF4-AS1,0.002345684992870812
MTND1P2,0.002345489372229449
RP11-348J24.2,0.0023450118310367717
KCNE3,0.002344907630102056
NPIPB1P,0.0023448071057509305
HTR2A,0.0023446503576305014
RP11-635L1.2,0.0023446135767291594
ALPK3,0.0023432838133162423
RP11-459K23.2,0.0023430326482992863
GPR151,0.0023428534080347624
RP11-7M10.2,0.002342617044395652
MIR6859-1,0.00234241378583787
RP11-90M2.5,0.0023420376103788507
MIR3622A,0.0023416878112809277
CTB-187M2.2,0.0023412936820564317
RP1-39G22.4,0.0023412717765634817
RP11-269G24.4,0.0023411773482395083
RP4-730K3.3,0.002340471583347835
ADAT1,0.0023404008003254004
PIK3R4,0.0023401791751675107
RP11-299G20.2,0.002339958380808624
CFAP206,0.0023399262175383883
CTD-2587H19.2,0.0023397162370235765
RNU7-97P,0.0023396141515264193
RP11-681L4.1,0.0023394667294689446
RP1-131F15.2,0.002339399909022802
LINC00939,0.002339365171150866
XPNPEP2,0.0023393458982300893
NHLRC1,0.002338667472196951
MTCO1P23,0.0023385933018229377
RP11-507J18.2,0.0023384881673944586
C1QL1,0.002338323998751481
TDGF1P2,0.002338180882364811
OSTF1P1,0.002338168637782004
RP11-820K3.2,0.00233790071578254
ZNF420,0.002337678425850125
RP11-230F18.6,0.002337084527288574
FFAR2,0.002336830741239411
ARHGEF33,0.0023365445274689837
RN7SL838P,0.002336053187400991
FAM138B,0.0023358937809233936
ZBTB6,0.002335879535690856
RANP5,0.002335269449849257
RP1-182O16.1,0.0023348271208828157
IGLV1-41,0.002334388680637461
HEIH,0.0023341710107443246
BNIP3P32,0.0023339558276980698
S1PR2,0.0023339254393582973
RP11-805F19.2,0.0023337792109369986
RP11-379B18.1,0.0023334285397091565
AC073254.1,0.002332305163215048
PGPEP1L,0.002332169612853962
CHODL-AS1,0.0023320992569382994
DKFZP434K028,0.002331680296809347
VENTX,0.002331284924245892
FAM132A,0.0023310515498743906
RP4-798P15.3,0.0023310327065598174
ZNF35,0.002330997208939959
RP11-714G18.1,0.0023308903069431995
LRRC53,0.0023308021261460488
BEX5,0.0023307875229829247
AC139143.2,0.002330169940025764
RP11-509J21.2,0.0023301680422060274
RPS24P8,0.00233014604560203
CTC-325H20.4,0.0023292141896259504
HIST1H2BN,0.0023290599905786535
KB-1836B5.4,0.002328956856964501
SLC25A6P5,0.0023288958182111556
RP11-15J22.8,0.0023287055593421667
RP11-886D15.1,0.0023283626545952518
CTC-537E7.3,0.0023283098631943617
RNF212B,0.002327976053203888
AC097382.5,0.0023279140360762322
FOXRED1,0.0023274851003990643
AF230666.2,0.002327444223503103
RP11-385H1.1,0.0023274265761258103
CICP17,0.0023273868416514567
TRIM63,0.002327374092662715
SPPL2C,0.002327319798409535
AL672294.1,0.002327208804193361
FFAR1,0.0023265471439866754
RP4-539M6.20,0.0023265155659622843
AC072062.1,0.002326448586318857
RP3-419C19.2,0.002326432676986969
CTD-2636A23.2,0.002326397244147459
TOLLIP-AS1,0.0023263880446921115
CTD-2062F14.2,0.002325720371423128
RP11-115M14.1,0.002325498440739691
OR1L3,0.002325142587470641
UBQLN4,0.002324870611432352
ELANE,0.002324582962618052
RP11-650J17.1,0.0023245617521237133
AC092155.1,0.0023245255037386598
ALDH1L1-AS1,0.0023242145257312686
CD5L,0.002324065160966942
IER2,0.0023239761523892767
PTTG2,0.0023239512632443993
RP11-155G14.1,0.002323871383305479
GHRH,0.00232382189950798
bP-21264C1.1,0.0023234783987680758
NADK2-AS1,0.0023232970898887876
AC126365.1,0.0023227050379792382
RNU6-8,0.0023223418898689
C11orf94,0.002322254117357331
MIF,0.002322174749946899
RP11-109M19.1,0.0023216881190319372
RPL5P1,0.0023214905585751465
MAP1LC3C,0.0023211177442974146
TSPY12P,0.0023210684683464735
RPL17P33,0.0023208519934382918
BFSP2-AS1,0.002320373316717298
RPL21P42,0.0023203077933971385
RP11-469A15.2,0.0023198242472497856
RP11-98D18.3,0.0023197843215360765
F12,0.0023192744397024876
GOLGA6L11P,0.002319225637787896
CTD-2292M16.7,0.002319033766423466
RP11-140A10.3,0.0023187664748286646
SLC6A1,0.002318701805624474
UBE2Q2P9,0.002318629818059966
RP11-508N12.3,0.0023182187954556015
HMGB1P9,0.002318202882620203
HMGB3P17,0.0023180753416985507
MYL6P1,0.0023176266873301305
NRIP1,0.002317611598834189
SCCPDH,0.0023174016837979156
FZD9,0.0023173453452148495
CACYBPP1,0.0023173375412393277
CADM2-AS1,0.0023168511610950635
RP11-495P10.9,0.002315638222822265
RP11-261C10.8,0.0023156150608849334
LRRC37A11P,0.0023155617416807475
LINC00400,0.002315383344400153
RP5-1158E12.3,0.0023153044793808018
HLX-AS1,0.0023152817621272205
ZNF674-AS1,0.0023148280763289125
RP11-751H17.1,0.002314412318222167
ARF5,0.0023142071512656697
FHL3,0.00231359490272767
RP11-628E19.2,0.0023128653828267615
PPIAP14,0.002312576269097821
HMGN1P38,0.0023125692394833355
RNU6-925P,0.002312294265161968
LOR,0.0023120932363139926
SMDT1,0.002312017125526059
AC018816.3,0.0023118996924766486
RN7SKP51,0.002311896406120348
RP11-945C19.4,0.0023116930713563883
RP11-394O2.3,0.0023116766655593476
SNORA71C,0.0023115127567424174
SNORD88A,0.00231089881813479
LLGL1,0.0023106723933166676
ACOT1,0.00231065734681265
CTD-2651B20.3,0.0023103956022609137
AC006003.3,0.00231032449372577
CTD-2525I3.6,0.002310129394120675
RP11-268G12.1,0.002310109790053441
CDNF,0.002310103809754385
RPL7AP38,0.0023100565382686766
RP11-20I23.6,0.0023092729135777987
ZNF286B,0.002309128053546175
RP5-965G21.5,0.0023088578207949933
RP11-410N8.3,0.002308812325096834
LINC00865,0.002308805850222354
AC019084.7,0.0023086755518169793
FKBP1BP1,0.00230827530779063
C12orf50,0.0023079053879518432
RP11-996F15.6,0.0023079043611581172
RP11-314B1.1,0.002307588427661937
RP11-158C21.2,0.002307468138070522
FCHSD1,0.0023073536978484833
RPL36A,0.0023072090547207047
SHFM1,0.002307047550521106
C18orf65,0.0023069640784360475
RTP1,0.002306155272479658
AC004158.1,0.002306137204340709
RN7SL168P,0.002305959073908359
IGFBP7-AS1,0.0023057760397122255
AC023115.4,0.0023056012739058485
ARHGEF17,0.002305074022931192
RP11-1166P10.6,0.002304811382826241
AC009014.3,0.0023044068511928954
AF186192.6,0.0023037464473086165
TRAM1,0.0023031114325753575
PIGFP1,0.0023027515548496333
AC005307.1,0.0023020777440352683
NPM1P42,0.002301950569867598
CPSF1P1,0.0023014003345996335
TEX26,0.0023012924156777816
MAP3K3,0.002301272955138786
MT-TP,0.0023011275438536726
RP11-666A20.3,0.0023009184131530403
HCG20,0.002300913668027094
TARBP2,0.002300434343023043
GVQW1,0.0023003501542277096
MDC1-AS1,0.002300328179557408
ELL2P1,0.002300151578593498
RP11-549L6.2,0.002299607586981003
RTKN2,0.0022995901655510622
CTC-250I14.3,0.00229920781737738
PRSS35,0.002298608381277517
RBM7,0.0022982920503217736
FAM133A,0.0022982386941858336
ZNF665,0.0022976873424853414
RP11-2N5.1,0.0022975305003014785
MAGEA8-AS1,0.0022975198928720376
RP11-409C19.2,0.0022972562337810684
OR4C6,0.002296855154233066
RP1-7G5.5,0.002296606822556714
ZNF812P,0.0022962175277201316
HMX1,0.002295624914776463
LAMTOR1,0.0022954726889657987
ZNF524,0.002295243641025943
FBXO2,0.0022952027910513977
AC092106.2,0.0022950470957372603
DUTP3,0.0022950036952571564
RP11-120K24.3,0.0022948716587059452
RNF219,0.0022942234056361746
HTR5A,0.0022935007833564114
RP11-568J23.5,0.002293359089226765
RP11-522N14.2,0.002292955469917138
WRN,0.0022929292469709432
RP11-265B8.5,0.002292801954628079
C10orf35,0.002292730768041093
RP11-745A24.1,0.002292708894822199
RP4-719C8.1,0.002292380964711807
GNPNAT1,0.0022922787599725662
RP11-81M19.3,0.0022918568795589527
OTOGL,0.002291785981728896
DHX40P1,0.002291756630528249
GNPTG,0.002291406813904786
RP11-392O17.2,0.0022914054839864198
AF064860.5,0.0022907522145815262
LINC01456,0.0022907213366155635
GSTO3P,0.0022904793856783315
RP5-837I24.4,0.0022902697081600126
AC068057.1,0.0022901425166859364
HDGFP1,0.002289892815739495
EIF4EBP1,0.00228966687323427
RPS15AP36,0.002289467917758875
RP11-5C23.2,0.0022893437609785468
SDR9C7,0.0022889315918647925
OR7E26P,0.0022887593702176187
MRPS6P2,0.002288642596671648
RP11-235E17.5,0.0022885233893699558
FEM1AP1,0.0022883838315422094
TRIM75P,0.0022882161946988356
RP11-241F15.1,0.00228813670414157
RP11-64K12.9,0.0022871230349792225
Y_RNA,0.00228707489774841
RP11-260G13.1,0.002286894611152031
AC034228.4,0.0022859479118786797
SCARNA2,0.002285718837756706
OAF,0.0022847317012331236
RP11-258C19.7,0.002284631662753107
RP11-662M24.1,0.0022842408924034613
MT-TA,0.0022840519260900996
RNF222,0.002284001994836068
TRBV5-7,0.0022837935394456293
KCNJ3,0.002283730521799283
RP11-425D17.2,0.0022835754216521
RPL23AP3,0.002282471399798243
RP11-229P13.15,0.0022824324741255123
MYOZ2,0.002282310013554108
RP11-63B13.1,0.0022821608018866735
AC013463.2,0.0022820024022944477
RPL21P132,0.002281964056746219
LRP4-AS1,0.0022816372321345564
AC011747.6,0.0022813868268623493
FAM72C,0.002280638367952822
LINC01227,0.002280363148321047
CKLF-CMTM1,0.0022798028458475886
RP11-231G15.3,0.002279761119311896
LINC01134,0.0022797094068398465
RP11-284B18.3,0.0022792486897084685
RP1-92O14.3,0.0022790715522763
EEF1GP7,0.0022789564237733796
MIR1293,0.0022786494276364104
RP11-699L21.2,0.002278497453489706
EIF2AP4,0.0022782174126804227
CTD-2349P21.5,0.0022781730474180266
ANKRD39,0.002278127580080545
Y_RNA,0.0022777538618832843
AC012354.8,0.0022774231513393926
LMF1-AS1,0.002277285334424232
RP11-479G22.8,0.002276595236231113
RP11-123M21.2,0.0022765750289589454
EPB41L4A-AS1,0.002276567966976137
RP11-613M10.6,0.002276268958776725
RP11-356I18.1,0.0022761928809525663
AOC2,0.002276068575974445
RNU6ATAC32P,0.002275886673889035
CTD-3060P21.1,0.002275843152462603
PLA2G4C-AS1,0.0022756599344179182
FAM183DP,0.0022754283302834372
NAT6,0.0022749008210904975
RNU2-31P,0.002274568001347097
RP11-330L19.2,0.0022742870572112716
BCRP9,0.0022742252803886085
NLRP8,0.0022740171410990414
RN7SKP25,0.002273981202228948
YKT6,0.0022734884343516165
CTAGE11P,0.0022731490315969246
AJ003147.8,0.0022731063831927336
KLRF2,0.0022729199461903825
RP11-12D24.10,0.0022723546718923073
AJAP1,0.0022720896418033723
LINC00941,0.0022720735316935897
CTD-2287N17.1,0.002272025328077363
RP11-295G12.1,0.002271954607957216
RP11-34H11.3,0.002271828641880643
RP1-130L23.1,0.0022717315560638177
RP11-89K22.1,0.0022717313326654828
Y_RNA,0.0022713230749537984
ZSWIM3,0.002270949470959726
MED7,0.0022707882843855157
MRPL9P1,0.0022704309780607244
RP11-364P2.2,0.0022701459930136204
RP11-977B10.2,0.002269606364874709
Metazoa_SRP,0.0022694033879363507
DUSP28,0.0022691526153854357
HLA-DRB6,0.00226906853158698
RP11-313I2.5,0.0022690568998316577
PTF1A,0.002268751996730403
RP11-43D2.2,0.0022687090886399208
RP11-775D22.3,0.0022686858217664356
RPL5P10,0.00226851250851259
AKAP11,0.002268491849223236
KIR2DS4,0.002268487045644678
FDPSP4,0.002268324994171507
ARFGEF1,0.002268269188553912
RPS7P1,0.0022681047328944443
RP11-582E3.2,0.0022679451764259905
RPL3P3,0.0022679233042470904
AP001052.1,0.002267367577673499
RP11-100G15.10,0.002267143829326949
RP1-152L7.8,0.002267075868584136
PCDHA9,0.002266882853621473
FTH1P2,0.002266365695820455
MIR6738,0.0022662989742606894
RP11-274M17.1,0.0022658325641614794
U7,0.0022657446483630903
RN7SL460P,0.0022654686718989025
WDR11-AS1,0.002264839676511051
RP11-1018N14.5,0.0022648065473644795
RP11-506M12.1,0.0022645998156113883
RP11-617I14.1,0.0022645847170576733
CTB-109A12.1,0.0022637734199405925
IL21R-AS1,0.002263635100216651
AC006486.9,0.002263210600636318
RP11-123J14.4,0.0022629397291161362
RN7SL144P,0.0022627790275699337
RP11-81H14.1,0.0022624839109507498
RP11-393I2.2,0.002262124870082986
RP11-343L5.2,0.0022617369615447955
S1PR4,0.0022616321830787886
PET117,0.0022615482550562187
LINC01024,0.002261289082904816
MIR4254,0.0022610925193193533
RP11-66N24.7,0.002260729683232402
RP11-699C17.1,0.002260720220543717
TLE1P1,0.0022604995482834746
RP11-1193F23.1,0.002260486191576576
RP11-793A3.1,0.002260450009001874
EEF1B2P2,0.0022598090606400327
RP11-98D18.15,0.00225956228993841
PWAR6,0.002258777632890243
AC104651.2,0.0022582298118772838
RPL4P1,0.0022578850232634682
PPIAP30,0.002257778291427904
RHOV,0.0022577059178860554
HNRNPA1P45,0.0022576571226278494
Metazoa_SRP,0.0022575222332418257
LA16c-306E5.1,0.0022571560321824136
DBIL5P2,0.002257029392132524
RP11-642M2.1,0.0022566013642840643
RNU6-10P,0.0022564170640670673
RNU1-124P,0.0022563376356379413
MIR371B,0.002256115538010334
RP1-56J10.8,0.002254968631389542
RP11-155D18.12,0.002254745679438322
CYB561D2,0.0022546019797758175
FGF7P8,0.0022544260226526475
KLRC2,0.002254261171365079
MRPL9,0.0022537866722883715
RP11-152F13.8,0.0022537304691370376
CSPG5,0.0022536244701982086
CDH2,0.002253581273096746
AC010149.4,0.002253324827686062
FDPSP5,0.00225288363369274
RP11-313A24.1,0.002252722841923589
RP11-93B14.9,0.0022525555809075662
CTD-2507G9.1,0.002251759643268061
RP11-85G20.2,0.0022512391082401316
CTA-992D9.6,0.0022512240012474444
AC004951.5,0.0022511282857169356
LYPLA2P1,0.0022511222165755083
LINC00479,0.002251077045961098
AC128709.3,0.0022510393536776725
AC004540.4,0.002250687684991797
CHCHD4P4,0.0022505887896923493
RP11-509E10.3,0.0022505169799556008
RP11-454H19.2,0.0022504997732288234
AC013460.1,0.002250452965568705
VPS52,0.0022502973699818326
RPS4XP10,0.002249966637077939
IGKV2D-30,0.0022495991761409683
RP11-9N12.3,0.00224952717210725
RP11-521I2.3,0.002249486791881509
GJC2,0.0022492492406640443
CTD-2540B15.9,0.0022491991319180987
RP5-849H19.2,0.002249113706419424
RP11-800A18.4,0.0022490131998653515
MIR95,0.0022488075752868496
HSPBAP1,0.0022482477298401203
RP11-95P2.3,0.0022481669387093193
MATN1,0.0022481065003849355
RP1-12G14.9,0.0022481002610770123
MCIDAS,0.0022479144401758603
RP11-242O24.3,0.002247824332234907
U1,0.0022467503056154184
RP11-170K4.2,0.002246717933110513
GS1-124K5.7,0.0022465115063379855
TNFSF4,0.002245606317770911
DGCR6L,0.002245546286210347
RP11-706O15.5,0.0022455046893708336
EP300,0.0022451949718312507
SH3D21,0.0022450746403259135
AC105009.1,0.0022450615339957717
AC005519.4,0.0022450378123556143
RP11-254A24.2,0.0022447357438115157
RP11-426C22.4,0.002244698018861183
RP11-635N19.1,0.0022445317417461217
SNORD114-14,0.0022444832723247992
RP11-440L14.3,0.002243880156688643
RPL9P29,0.0022433002675874003
RP5-1065O2.4,0.00224328647176344
LSM14A,0.0022430832125869362
ATP8A2P3,0.0022427706515001393
RGS7BP,0.0022426449975501386
CDC42EP3,0.002242402247166749
CTD-2006C1.2,0.002242391486127505
BUD13P1,0.002242249358880032
RP5-1112D6.7,0.0022421398454702266
OXCT2P1,0.0022420383128755497
RP11-800A18.3,0.002242021015372407
RNA5SP394,0.002241945979868791
HMGB3P1,0.002241921877061099
CYP51A1P1,0.0022419006501305586
RN7SL856P,0.0022418027802051962
AC104581.1,0.0022414557441432213
DNAJB4,0.002241353719921057
AC024937.6,0.002241239072863146
RP3-359N14.1,0.0022412022790666286
SMIM7,0.0022407388888428335
MRPS28,0.002238901309539449
TSPAN5,0.0022388493987692062
RP11-211G3.2,0.0022387153794221556
RN7SL535P,0.002238706724026565
RP5-858B6.3,0.002237596798583766
AF186192.5,0.0022370822864847036
LINC00567,0.00223696653292769
RP11-410K21.2,0.0022369190340120184
RP11-378I6.1,0.0022368211884174387
NDUFB7,0.002236737194570269
RP11-368M16.6,0.002236593834771975
QRSL1P2,0.0022363352362815355
PTGER2,0.0022363257831432733
LINC01053,0.002235751781125107
RP11-676M6.1,0.002235670860894814
KRT8P43,0.002235650221756054
EIF1,0.002235302098073804
USP17L7,0.0022344575767963347
CTC-360J11.4,0.002234138607802954
RPL23AP30,0.0022339497110702242
TCEAL2,0.002233874443948979
SLC9A1,0.002233103928124171
VN1R13P,0.002233079486567785
RPS4XP5,0.002233015778188067
RP11-408P14.1,0.0022321419051638722
TXNIP,0.0022317022960122415
IGFBP4,0.0022313813993960906
RP4-631H13.4,0.0022309893915147838
AC007246.3,0.00223090740122102
ARC,0.0022308085148510055
RP1-149A16.16,0.0022306137973344426
RP11-867G2.4,0.002230453395692544
CRLF1,0.002230361709155414
ITGA8,0.0022302939522958567
DHRSX-IT1,0.002229896819625753
HSPD1P6,0.002229747228222012
CTB-61M7.2,0.0022295926485712556
AC005477.1,0.0022291729307807435
FSBP,0.0022290486565169137
HOXA13,0.0022288812654238754
AC007040.8,0.002228724131192469
RNU6-101P,0.0022287051246562594
ZNF696,0.002228575643411603
IRF8,0.002228029175032492
SNX18P26,0.0022275120939827683
AC055876.1,0.0022274705260416235
GIMAP4,0.0022274594878179776
TMEM178B,0.002227355756192673
AC018866.1,0.0022273204313269556
TCN2,0.002226932816826599
RP1-58B11.1,0.0022265816055083163
RNU6-1017P,0.002226247376929813
CTA-796E4.3,0.0022261069096741037
SLU7,0.0022248072137120763
RP11-133L19.1,0.0022245559206012294
AC010746.3,0.0022244625656631617
AC008850.3,0.002223866140658812
CYP2D8P,0.0022237493843154433
MIR548AK,0.002223498564257481
HPX,0.002223414727734605
RPS10P16,0.0022230892883181174
GLUD1P8,0.002222974206180748
RP11-879F14.3,0.0022226447716942603
MIR503HG,0.002222373913580573
NDUFAF2,0.002222234745250313
CH17-360D5.2,0.0022222326707936955
RNU6-57P,0.002222080913584698
IGKV6D-41,0.0022220009249322484
RNU6-921P,0.0022219943826057528
AF064858.10,0.002221984846621789
SC22CB-1E7.1,0.00222137840485922
LINC01435,0.0022212812843552185
TSEN15P3,0.0022212541335572965
RP11-536K7.5,0.002221019077502138
RPL23AP53,0.002220963218210517
RP11-365F18.6,0.0022205797439952307
AF131215.3,0.002220392099287618
RPL10P2,0.0022202636181612545
AC093107.7,0.002219561382669853
FARSA-AS1,0.0022189078364827615
CTAGE12P,0.0022186034922908986
KIAA0101,0.0022183844710525315
RP11-181C21.4,0.0022182472782933983
ACTG1P14,0.002218246501225054
RP11-419C23.1,0.0022180718438639074
RP11-227L6.1,0.002217789219287053
KIF3B,0.002217562337673469
TNFRSF4,0.002216959619699731
RP11-114H21.2,0.002216932202079449
SURF2,0.002216868221346878
PYURF,0.002216841939460864
CTD-2561J22.5,0.002216765552180029
ZNF880,0.0022166599546663258
RP11-163F15.1,0.0022161811014144114
PLA2G2C,0.0022156026868978764
RP11-225N10.1,0.0022155520038093543
CH17-431G21.1,0.0022152093976632718
CCDC71L,0.0022141545349222097
RP13-225O21.2,0.002214006258733048
ZNF831,0.002213870969638355
Metazoa_SRP,0.002213523561247186
RPL9P31,0.002213451304714439
RPL36AP29,0.00221341268963211
KRTAP5-1,0.002213163742103479
GAPDHP16,0.002213115235591269
CTD-3247H4.2,0.00221293330732369
RP11-117L5.3,0.002212907273220762
snoU13,0.0022127601646268753
HMGB1P6,0.002212691870173876
RP11-304F15.7,0.0022125710325416564
CTD-2521M24.6,0.002212370857342666
RP11-394I13.2,0.002212215922822377
RP11-278C7.1,0.0022120724211998934
RP1-12G14.7,0.0022119511782771337
EEF1B2P7,0.0022116562094495595
RP11-329J18.3,0.002211641430865522
AC074183.3,0.00221119990417928
HAUS1P3,0.0022109529081908003
GBP7,0.002210841416966299
IL25,0.0022107677761363607
HMGB1P10,0.002210726539883341
NEU3,0.0022100602752769464
INHBB,0.002209971814633298
SNORD56B,0.002209954535033118
TGFB3,0.0022097972918345165
RNU6-562P,0.002209784711666885
RP11-227D13.1,0.002209718775163821
RPL4P5,0.0022097096295911546
CTD-2540L5.9,0.002209592456680299
RP11-331F4.1,0.0022091641012853707
BDP1P,0.0022091364783735227
TSNAX-DISC1,0.0022084310413299354
CTD-2102P23.1,0.0022082951858366346
AMMECR1LP1,0.002208181502978883
AP000281.2,0.002208181488126295
CLCP2,0.0022080478285307664
GMNN,0.0022072888987373805
RP11-701H24.3,0.0022072364154996217
DNAJC1,0.002207229262079142
AC002984.2,0.0022065130692554037
RP11-39M21.1,0.002205886144512522
RP11-718B12.1,0.002205506491645336
STBD1,0.0022054454626639504
RP11-83B20.1,0.0022044082367174934
RP11-161D15.1,0.002204299098305228
GABRA6,0.002204279079361876
RBBP8NL,0.0022041693180540004
RP11-11M20.2,0.0022040536630841467
PARP4P3,0.0022037409261524694
RP4-612C19.1,0.0022034097768990233
GLYATL2,0.0022033298022554435
CTC-571O20.1,0.0022027436046886772
GS1-279B7.2,0.002202736558964204
RP11-506H20.2,0.0022026077002194463
MIR8083,0.0022023546125910162
RP11-219I21.1,0.00220209723792437
RP11-298D21.3,0.0022017589226655757
ABCF2P1,0.002201456093260773
BTBD9-AS1,0.002201409039170859
BMPR1APS1,0.002201317123556868
GSC,0.002200712996532118
RP11-45P15.2,0.0022006444602840473
FTH1P10,0.0022005816355530304
SNORA3,0.0022005525143061378
MIR7158,0.002200481466900122
CTD-2383M3.1,0.0022004670703931442
AC011718.2,0.0022003675742679005
RP11-72M17.1,0.0022002403141735513
NDUFB1,0.002200072656151102
CTD-2526A2.2,0.0021999672614570294
KATNBL1P6,0.0021994688805633314
OR5BH1P,0.0021993760908867624
SLC25A31,0.0021992675758100624
RP11-280G9.1,0.0021992444311558007
RP11-556N21.1,0.002199109961224131
RP11-453O22.1,0.00219866711387572
RP4-753D4.2,0.0021985997817045304
MIR4672,0.002198561181089822
RP11-542H15.1,0.0021981000234018015
RP11-44F14.6,0.0021971777074851107
SCML2P2,0.002197161566456499
RPL23AP70,0.002197037902265455
LINC01440,0.002196916006995666
CTB-66B24.1,0.0021968831137543373
LINC01118,0.002196714244912234
CADM4,0.0021962182066807283
RP11-380O24.1,0.002196083892546481
RP11-361L15.5,0.0021960181934596794
CH17-385C13.2,0.0021957567941915616
RP11-867G23.3,0.002195370778306268
CYP2E1,0.0021953457508471783
MGMT,0.002195241489222723
SNORA75,0.002194962692889992
OR51J1,0.002194961121665454
AC090286.2,0.002194953225089732
RP11-299H22.6,0.002194282224360802
AC007563.4,0.002194039166021131
CTA-217C2.2,0.002193691604722287
CTC-338M12.9,0.002193397818313678
AC117947.1,0.002193389900957284
RPL3P5,0.002193294379347097
BRD7P4,0.0021932871127547165
AC104634.3,0.002193015412207208
TTLL10-AS1,0.002192979119807058
RP11-74J13.9,0.002192970237901037
RAD51-AS1,0.002192897112540047
AC004840.8,0.0021928754217184943
HNRNPA1P8,0.0021928456910185494
SRRM1P3,0.0021926453342817724
RNU6-883P,0.002192206535222241
NMNAT1P3,0.002192115951030841
LIPC-AS1,0.0021920411804332257
RP11-252I14.2,0.0021912119329807454
RNU6-100P,0.0021911687930306948
RP11-165I9.10,0.0021908840900885665
COMMD10,0.0021905634279113517
TCEB1P2,0.0021904860283694237
CATSPER3,0.0021898167331528434
RP4-761J14.10,0.0021898166174083283
GPR153,0.0021896729883894173
RP1-315G1.3,0.0021894049327902503
ST13P18,0.002189350201150611
ALKBH2,0.002189145697553762
RP11-750H9.7,0.0021882976410371293
RP11-707M1.1,0.00218827334489991
LINC01168,0.0021882605484694596
RP3-469D22.1,0.002188166268087737
MTND1P19,0.002188090426226709
RP11-276H7.2,0.0021879296477657034
RP11-555H23.1,0.002187851880163246
CTD-2134A5.4,0.00218761708101771
RP3-370M22.8,0.002187589998102128
RP11-163O19.1,0.002187577364133514
RNY4P17,0.0021871698133936373
RP11-1336O20.2,0.0021871680528076243
RPL9P32,0.0021870015246934784
BTF3P1,0.00218671348626719
RP11-503E24.2,0.002186447244596481
RP4-800O15.2,0.0021864367590012533
RP11-65D17.1,0.0021858250711191333
KRT18,0.0021854817363915935
RP11-317N8.3,0.0021852147741289033
RNVU1-6,0.0021849084461013886
RBM46,0.0021847681691239246
OR6S1,0.0021846850102670155
ATP5G1P4,0.0021845008216440968
TRMT13,0.0021841569995849504
FEM1C,0.00218385719552434
Metazoa_SRP,0.0021837591168587175
CTB-140J7.2,0.002183647794303113
NAA11,0.002183599838432839
CTD-2116N20.1,0.002183336947537578
CD1A,0.002183084925860634
AFDN-AS1,0.0021824591020963868
RP11-324I22.4,0.0021824378856841655
HMGB1P15,0.002182409666633201
RNVU1-1,0.0021823136700593855
INSM1,0.0021822422791651407
MYHAS,0.002182219257327968
RP4-641G12.4,0.0021815668592937436
RP11-253M7.1,0.0021815386052636593
RP11-358B23.1,0.002180991969568064
TPM3P8,0.0021809150630447143
LA16c-380F5.3,0.0021804142472685545
LINC01347,0.0021803500203194147
LMCD1-AS1,0.0021803083854766616
RP3-521E19.3,0.00218030432901341
NDUFA9,0.002180232365625347
AC097724.3,0.002180028382947426
RP11-71H17.1,0.002179347053360315
SIPA1L3,0.0021787780295828008
ZNF649,0.002178573140360302
VN1R76P,0.002178496076137259
TUBB3,0.002178336840411446
AC022816.2,0.002177418423664123
RP11-758H9.2,0.0021773832730764314
RP11-497H17.1,0.002177174921434039
RPSAP16,0.002176947809528585
AP000275.65,0.002176918227058076
RP11-91P24.6,0.002176415359158674
RP4-671O14.6,0.002175454541722845
RP13-554M15.7,0.002175414677276206
LINC01179,0.0021753514583543335
Metazoa_SRP,0.002175346080391582
CEP164P1,0.0021745657085314373
RNU6ATAC11P,0.0021741625295029574
RP5-998N21.10,0.002173757580782328
RP11-162P23.2,0.0021730274648477793
RPL6P9,0.002172912715341881
RP11-155O18.6,0.002172206279250981
CH17-13I23.1,0.002172191115198457
RP11-25O10.2,0.002171877994973352
ZNF887P,0.0021718322427340567
RP11-467D10.2,0.0021717618626658705
RP11-703I16.2,0.002171661591454048
PACERR,0.002171467554854756
GYG2P1,0.0021707764401723124
MIR223,0.002170348597545004
RP11-616L12.4,0.0021700426347902005
RP11-1252I4.2,0.002169442761560101
CPEB1-AS1,0.002169347329726681
RP11-521O16.2,0.002169020782466124
EPHA1-AS1,0.002168990032255227
CUBNP1,0.002168572141310655
IL1A,0.0021682333227227334
TARID,0.002168158102282133
VDAC3P1,0.002167812184842608
RP11-685A21.1,0.0021672081221065964
AKIRIN1P2,0.0021671666392241292
CICP7,0.002167136471478556
FAM185BP,0.0021668662210618866
CD70,0.0021663964973220274
AGT,0.00216613775002227
RNU6-548P,0.0021660409696175253
AP000442.1,0.002165518111883051
ZNF488,0.0021653144216182705
FXYD7,0.00216518904607811
AC087294.2,0.002165180185527862
ANKRD20A19P,0.002165100384411842
ACTBP11,0.0021647341882851203
RP11-557C18.3,0.0021646991219513682
RNU6-757P,0.0021646172667282265
CDK2AP2P2,0.002164581057666919
CDC37P1,0.002164566234701727
RP11-315D16.4,0.0021644349383076844
CTC-559E9.8,0.0021639573030016964
NKX6-2,0.002163824273951948
RP11-142L1.1,0.002163787710936896
RP11-126O1.5,0.0021637845574589264
RP1-91J24.3,0.002163725244691503
MC5R,0.0021634268239523785
AC098826.4,0.0021631709760034875
FTLP14,0.0021628917211309385
RP11-260M19.2,0.002162577347404264
PMS2P2,0.0021625734117848875
AF064858.6,0.002162528349078518
MIR33B,0.0021624100537868374
MIR23A,0.0021623265555629242
RP11-175P13.2,0.002162151948444884
KRT222,0.002161723934503373
RP11-245D16.4,0.002161378736367725
RP11-291B21.2,0.002161341716253041
FSCN3,0.0021611269549390915
RNU6-762P,0.0021609645030986097
RP11-314B1.2,0.0021609510686257916
POU5F1P4,0.0021606236272169906
FABP3P2,0.002160539820681693
HNRNPA1P64,0.002159843169058124
PLIN3,0.0021595012148518675
RPL5P34,0.0021589578923430757
TRIM47,0.0021588923136604313
RP11-907D1.1,0.002158781227995705
RP5-1139I1.2,0.0021587027987925844
RP11-506B6.6,0.002158679724427557
BANF1P1,0.0021585720471598443
AL121578.2,0.0021584198025080643
RP11-220D10.1,0.0021583424849162874
RP11-163G10.4,0.002158329812039893
RP11-326K13.2,0.002157973217824537
RP11-230L22.4,0.0021569466014823304
C11orf91,0.0021567666189611268
THAP7-AS1,0.002156382773393622
AC092664.1,0.0021560275508629187
AC011742.5,0.0021559857937344913
CTD-3195I5.4,0.002155805215307882
FOXG1-AS1,0.0021554523904538485
RP11-231C18.2,0.0021551071121237914
DDTL,0.002155026607921388
AC021106.1,0.002154928003141
DXO,0.0021546809264044245
ZNF295-AS1,0.0021545186216042097
RPL3P13,0.0021544402720330503
AMMECR1-IT1,0.00215439288118868
HNRNPA1P4,0.0021542423962438136
COX6A2,0.0021541460676089154
CHCHD1,0.002154132042039614
CTD-2329C7.2,0.002153908460214829
DPY19L1P2,0.002153492958595519
C1orf115,0.0021525024223000263
HSPD1P7,0.0021521605569697014
PLEKHG7,0.0021521065219194564
FAM168A,0.002151891666985433
EPHA3,0.002151791612183621
RP11-11N9.4,0.0021513192733640355
RP11-231E19.1,0.0021509781322662223
LINC01289,0.002150910683457096
ZNF799,0.002150651226315544
AMIGO2,0.002150540122647073
SOCS1,0.0021499968785272344
BBIP1,0.0021499156789489306
CXorf65,0.0021494844815412605
GAPDHP63,0.0021492908602554167
ADORA2BP1,0.002149059393781173
SELENOWP1,0.00214875515323372
OLFML1,0.002148741265944667
ZNF517,0.00214870461100897
CYP8B1,0.0021479115910753486
AC017101.10,0.0021474698870968235
AC007390.4,0.0021471330068462743
RNU4-65P,0.0021470180361847116
RP4-778K6.3,0.0021462571795641846
ISY1,0.0021458849010842934
LA16c-OS12.2,0.0021455563779702144
PLSCR5,0.0021453300143258512
LINC00612,0.002145316289827586
HCG27,0.002145244466897258
RP11-17G12.3,0.0021449143702364976
MTRNR2L8,0.0021448670906722934
RP11-81H3.2,0.0021447378760266977
RPL7L1P5,0.0021443519726855966
RP11-44M6.7,0.0021443133181680753
CTC-350I8.1,0.002143903437824376
RP11-335O13.7,0.0021435666644917055
RP11-451J24.1,0.0021431729088082795
HMGN1,0.0021431690447158026
KB-67B5.12,0.0021430280728428003
NT5C3AP1,0.002143022270399901
ZNF660,0.0021426771179995784
RP11-58C22.2,0.002142536262668313
RNU1-122P,0.002141881831941218
RP11-158L12.2,0.0021413969645238747
RBBP4P5,0.002141390511055342
RP11-434H6.6,0.0021410468578986048
LINC00582,0.0021407194297318882
KIR2DL3,0.0021405805901982375
snoU13,0.002140369372662114
RP11-402G3.4,0.002139934476964423
RN7SL12P,0.002139859037798942
STPG2-AS1,0.002139743263002183
RP5-874C20.8,0.002139684841332497
PPIL3,0.002139650460156869
AC002331.1,0.0021396254338870834
DUSP26,0.0021394016521461006
RP11-711C17.1,0.00213927502932019
RP11-788A1.1,0.0021391536636124896
ZNF285,0.0021390608821126615
TBCC,0.00213891111534732
RP11-48B3.2,0.002138785949971157
MIR4297,0.0021386019065503933
B4GALT4-AS1,0.002138527673259274
TMEM216,0.0021384214603142873
RP11-285G1.14,0.0021380263988556992
NGF,0.00213795141331183
RP11-483I13.6,0.002137522966408429
RPS4XP1,0.0021374285984534958
CTC-297N7.9,0.00213741202033789
RP11-345J4.5,0.0021373916517238834
RP11-572O6.1,0.0021372163231508623
LA16c-313D11.12,0.002136814238467559
CTR9,0.0021364048371844174
ASB8,0.0021364043050632734
RP1-164F3.8,0.002136051862990642
MIR4258,0.0021359475260486174
HIGD1AP15,0.0021356575511053432
TBC1D3K,0.002135494601065024
RP11-78J21.7,0.0021353754561335083
RP11-454F8.2,0.0021352130439018973
RP11-103J8.2,0.0021347352996191012
C10orf55,0.002134707221914254
TRMT112P4,0.002134689639661335
C5orf49,0.0021346506674682557
RP11-266L9.6,0.0021346067090809062
GPR141,0.0021341668036640063
RPL12P33,0.0021341454094224084
EIF3LP1,0.0021337984010902076
RNA5SP304,0.0021337944778408724
UBBP4,0.002133541535736097
RP11-187E13.1,0.0021334945402683462
RNU6-42P,0.0021329049541946865
PTMAP8,0.002132801765101871
AC092620.2,0.002132615659092911
IMMP1L,0.0021325178027569052
RNU6-14P,0.0021322104555354625
RP11-666F17.1,0.00213220184165163
SERP1,0.0021321724787960556
PACSIN1,0.002131957355942338
GRAMD3,0.0021316784035367215
AC008746.5,0.002131277680924384
U3,0.0021307958495024064
TNFAIP8L1,0.002130113288413211
RP11-474G23.1,0.0021299572580805648
CLEC2A,0.0021299288902492815
RNU6-918P,0.002129142298248209
RP5-1166F10.1,0.002128820904528308
DDX43P1,0.002128706552029513
ANKRD20A7P,0.002128655595513369
RP11-295I5.3,0.0021284687486074765
XXbac-B476C20.9,0.0021281456501501977
AC116035.1,0.0021279007966273898
ZBTB20-AS1,0.0021267190490815283
RP11-539L10.3,0.0021266993685235018
CTB-55O6.12,0.0021262471807957243
COQ7,0.0021259907180563495
SLC9A2,0.002125792920864287
RP11-408I18.9,0.002125656991989387
RAB33A,0.0021254909932046217
CRYBG3,0.002124968403533787
SPIN2B,0.00212489480877612
TMEM169,0.002124747424688021
RP11-385D13.1,0.0021245420361556203
RPS10P28,0.0021242381286385066
CTD-2207O23.3,0.0021240960972459576
NUDT22,0.0021239861839713174
RP11-179K3.2,0.0021239540701578235
RP11-130L8.2,0.0021233963878896987
PDZRN3-AS1,0.0021233513390742594
RP11-354A14.1,0.002123187238612715
PNRC2P1,0.002123054589837331
AJ003147.9,0.0021229690167367627
ADAD2,0.002122659331312436
RP11-959F10.4,0.002122603064197956
ALG9-IT1,0.002122533611925545
RNU7-96P,0.0021222605506649806
RP11-259K15.2,0.002122257699672252
MIR6801,0.0021222264221925314
CTD-2560E9.3,0.0021220476816472835
RP11-300G22.2,0.0021218075818178403
STPG2,0.00212171236808222
FAM71F2,0.002121258525425973
SLC5A5,0.002121123435953091
RP11-849F2.4,0.0021210499971845674
CTD-2007H13.1,0.0021207396090358595
RP11-185N2.1,0.002120316641050171
SNORA36,0.002119867707445391
CACNA1H,0.0021198313370762323
RP11-61K9.2,0.0021193860968323043
CTD-2002J20.1,0.002119349837016016
RP11-342M3.2,0.002119108830844277
ERVK-28,0.002118749963237257
UNC119B,0.0021185258394122468
CTB-3M24.1,0.0021183060980543024
RP11-54C4.2,0.0021179827306667025
TLL1,0.0021173219782656613
RP11-348A7.1,0.0021172452632158764
PRKAB2,0.0021168179108949116
RP11-208N14.4,0.0021167859762702486
CTD-2369P2.5,0.002116781126375253
GRAMD4P3,0.002116523593496084
RP11-166N17.3,0.0021161133094171124
COX6B1,0.002115831334846604
DUBR,0.0021153524627713517
RP11-95O2.5,0.0021152361219412353
C17orf98,0.002115075358164109
TRBV8-2,0.002114804938825343
HMGN1P4,0.0021146545512340407
PLA2G16,0.00211440623949694
CTSG,0.0021138890977939733
SNHG18,0.002113506375586676
RP11-261P13.5,0.0021134462214633058
RP4-764O22.1,0.0021132652630123775
RP11-88I18.3,0.0021129000734862393
RP4-758J18.7,0.002112397786571314
RP11-1148O4.2,0.0021120691065677597
RPL35P9,0.0021119799904305687
PRR9,0.0021115991784226664
RNF122,0.002110965791921349
RPL39P5,0.002110832337365806
RP11-529H2.1,0.002110794476807231
CHST3,0.0021107621267122075
MIR561,0.002110668553612323
RPLP2,0.002110123862720211
BVES-AS1,0.0021099704983313246
GPAA1P2,0.0021098447481403054
GAS5-AS1,0.0021095001650635685
RP11-789C17.5,0.0021094946473363845
RP11-384J4.2,0.002108816428385335
GYPB,0.0021086792721921495
POLD3,0.0021085925529109044
GPR179,0.0021083370152340398
ZNF439,0.0021082651548644713
CST3,0.0021080633278357888
RP11-354P11.3,0.0021075891212862944
RP11-44F14.1,0.0021073109527763333
SEPHS1P6,0.0021067463141352847
AL049758.2,0.0021066488171814814
AC005256.1,0.0021062905803172845
LL22NC03-86G7.1,0.0021062614080743806
DPRXP2,0.0021059986716798276
OTUD7B,0.0021054902351582074
CCND1,0.0021054190555690896
PKD1P6-NPIPP1,0.0021051817765434734
THEM7P,0.0021050557763116714
MTND5P10,0.0021047447139589883
FADD,0.002104236249171579
HSPB1P1,0.002103742762988687
CTD-2081C10.1,0.0021035888248771614
LYPLA2P2,0.002103480455678149
SLC6A18,0.002103462215774594
CTC-369A16.2,0.0021025952869891894
SNRPCP9,0.002101864643117586
ZNF725P,0.002101678934256419
RP11-327P2.7,0.002101256575904887
PAK2,0.00210121348369515
PPIAP3,0.002101145711648341
SCNN1B,0.0021006274209027283
RP11-137J7.3,0.0021005796681451373
MIR634,0.0021004472946325437
SIDT1-AS1,0.002099375635369649
PGAM1P5,0.0020993592934868514
RP11-468E2.1,0.002099248312703372
RN7SL278P,0.0020989110448525034
RP11-26J3.4,0.002098512909406977
AP000711.1,0.002097863674358277
GAPDHP39,0.0020973405404519814
PINLYP,0.002097299820520383
CASC11,0.002096695238055697
RP11-351J23.1,0.0020965210388633956
RP11-500K19.2,0.002096429093885074
BFSP2,0.0020962948909133317
RP11-379L18.3,0.002095836029881453
KCNU1,0.0020956676626034732
LAMTOR5P1,0.0020955709681849577
RP11-10A14.3,0.002095565255554807
MIR3936,0.0020954428159777106
RP11-648M2.1,0.002095340258312239
TERC,0.0020953308344875176
AC024937.4,0.0020953089041304213
RN7SL555P,0.00209497393145828
CTA-212A2.4,0.002094883421508754
PISD,0.002094774376562072
RP11-738E22.3,0.0020947268720914844
AC006033.22,0.002094624529382196
ZNF503-AS2,0.002094553605479641
RP11-156E8.1,0.002094510590821512
RP11-91H12.4,0.0020942916546159555
RP11-169E6.4,0.0020940112038319103
ZBTB9,0.0020936598595098677
RP11-770G2.2,0.002093403414265809
MKRN3-AS1,0.002093271076424323
TPPP3,0.002092833175152864
FA2H,0.002092761178577206
C1orf145,0.002092707471418397
RP11-1016B18.1,0.002092701130032392
RBM28,0.002092451105729883
CCL1,0.002091989105868369
AC006019.3,0.0020917185988199535
ZNF658,0.0020915910803912894
PRPS1P2,0.0020913376164865046
RP1-10C16.1,0.002091119652128726
BSPH1,0.002091007438814096
FIZ1,0.0020907875451360567
KLRC4,0.0020906622535112104
MPRIP-AS1,0.0020904445049953384
RP13-635I23.3,0.0020903591756055695
AC106786.1,0.002089817554467473
CCND3P1,0.0020889250211236963
AP002414.1,0.002088886987031558
SETP12,0.00208881784080941
TLK2P2,0.0020886869309437494
ADNP-AS1,0.0020885216221030382
RP11-431J24.2,0.0020883096106984332
RNF2P1,0.0020882886677796204
RP11-157L3.10,0.0020882530159583644
AC000036.4,0.002088167464656298
MARK2P6,0.0020880339565890788
IRX1P1,0.0020879723389473494
RP11-838N2.3,0.002087591928709514
UBXN2B,0.002087571846618765
ULBP2,0.0020872675455137968
RP11-677M14.7,0.0020870540968104087
PRICKLE2-AS3,0.002086928145330227
GAS1RR,0.0020869209809466892
C11orf68,0.0020866258723017945
MIRLET7A1,0.0020863096022171145
LMBRD1,0.0020861371367442527
LL22NC03-32F9.1,0.0020861107186575774
ST13P16,0.0020860563939861456
RP11-666A8.12,0.0020860281102132025
BTF3P11,0.0020859308657922384
RP11-147L13.2,0.0020858588255426246
CEBPB,0.0020858163970465258
TTC14,0.0020858156556874743
CTC-351M12.1,0.002085751723301157
AC022431.3,0.0020856989375997153
KCNJ4,0.0020852836125109762
MT4,0.0020852315783700523
MIR27A,0.0020851799047199443
CTD-2199O4.4,0.0020851454470836228
POP5,0.002085135080698195
MIR7160,0.002084706321764307
RP5-1106H14.1,0.0020840807558400467
GAPDHP35,0.002083981062380038
SPTLC1P1,0.0020837937669494974
RP11-552M14.1,0.002083665191629535
RPL21P129,0.0020836223148174887
EIF4HP2,0.002083530929650143
RP11-95O2.1,0.0020833129751744728
COX20,0.0020830603999481517
RNU6-486P,0.0020829048518442015
ZNF224,0.0020824600166046065
CFAP53,0.002082433121307288
RP11-475E11.9,0.002082057434033315
RP11-41O4.2,0.0020819653445217383
TTC30B,0.0020818961732819124
COX5BP1,0.0020815606379071187
CTD-2650P22.1,0.002081558067168675
RP11-341D18.2,0.002081047372312084
TSPAN12,0.0020809587438586634
MN1,0.002080603048377428
ISPD-AS1,0.002080319017906825
RPL13P2,0.002079927016527381
RP11-481A20.4,0.0020798008214609866
SNORA54,0.0020797298826680847
ARL4D,0.002079719861743599
TNFSF14,0.0020796182510225084
AC009166.7,0.0020795036530591314
C7orf65,0.0020794355020172226
RPL23AP91,0.002078854563503431
AF038458.5,0.002078308546374289
MFSD5,0.0020782841333524225
NDUFS8,0.0020782798934143826
RP11-325E5.1,0.00207803497924443
RNU1-75P,0.0020774541389088543
RP5-907C10.3,0.002077448946649117
RP11-310J24.3,0.002077214149034819
RNU6-884P,0.0020767339031919152
AC011330.13,0.0020752745105399213
LBP,0.0020751829548464567
RP11-193F5.1,0.0020750097359281223
AP000560.3,0.002074955947002711
RP11-754N21.1,0.0020749273570668486
FICD,0.0020748870345326208
PRCP,0.0020747495146455444
GS1-259H13.13,0.0020742983816326253
RP11-318G8.2,0.002074014655313536
RP11-127I20.7,0.002073987045570554
RAB6C-AS1,0.002073860159095909
RP11-263F14.3,0.0020735463834190763
RP11-577H5.1,0.0020734971492315435
RP11-335K5.2,0.0020733142316056927
RP1-29C18.9,0.002073311457649113
RP11-439K3.1,0.0020731213964216982
RNU6-1120P,0.002073004839258965
TUFMP1,0.002072893433693432
MIR152,0.0020726826290057886
GNAT1,0.0020721218260896334
LINC00412,0.002072080714742822
MIR193A,0.002071861472832427
MIR648,0.002071638348105164
RP11-568J23.1,0.00207152343257141
EEF1B2P3,0.002071367858390194
SPECC1L-ADORA2A,0.0020711534321560016
RP11-317N12.1,0.0020710298619826136
ZNF717,0.002070735214702616
RP11-1072A3.3,0.002070517915103826
RP11-1124B17.1,0.0020704223273962617
C17orf97,0.0020704198561368255
RP5-837O21.2,0.0020701245685990533
LINC01398,0.002069973834965728
RNU5E-1,0.0020697630540024567
CH507-154B10.1,0.0020694864417402166
LINC01356,0.0020693965331420746
AC145110.1,0.00206882147231887
RHO,0.002068100951185674
AC006960.7,0.0020680824583766454
RRN3P1,0.0020676200032908572
RP11-1149O23.2,0.002067524789433843
AC006130.3,0.0020674785058573206
RP11-177J6.1,0.002066945368245569
RP11-480I12.10,0.002066864913690115
DYTN,0.0020667730568699454
RP11-485C11.1,0.0020667442184588727
RP11-789C17.3,0.002066709647341436
RP11-159H22.1,0.002066705126634269
RP11-269M20.1,0.002066687077931564
RP11-217E22.5,0.00206664914103123
CYTL1,0.0020665187212355893
ACAP2-IT1,0.0020663535803600477
RP11-649A18.4,0.0020663412088867583
LINC01569,0.002066276340938604
RP11-785H20.1,0.0020661111516054073
PIGZ,0.002065904102547104
HMGN2P25,0.0020657244859794933
AC010084.1,0.002065586864442198
DICER1-AS1,0.002065532648582223
RP11-151H2.1,0.002065068940431591
CTD-2308L22.1,0.0020647952753029435
FAM134A,0.002064323091667163
RP11-6L6.7,0.002063670433593156
RP11-196G11.2,0.002063380428149143
RN7SKP230,0.0020633275389595252
RPS23P5,0.0020631279174504317
PCBP2P3,0.00206307662768124
RP11-867G2.8,0.002062986970208768
SNHG21,0.002062926284628928
DNAJC3-AS1,0.0020629198040816544
TMEM9B,0.002062643112620959
LINC00857,0.0020623043960506867
CTC-472C24.1,0.0020621380926903747
RP11-94I2.4,0.0020618531570053317
CHRNA9,0.0020617336661935244
SNORA70G,0.002061364544625643
FUNDC2P2,0.0020610923229172494
SLC25A15P2,0.0020609444528314753
RP11-382A20.7,0.0020608001943684165
ARHGAP19-SLIT1,0.0020602199434573707
LINC00264,0.002059777016984686
PLCE1-AS1,0.0020594215929522486
RP11-669E14.4,0.0020593228467330935
CTD-2272G21.2,0.002059035272742298
MIR573,0.0020588287100028564
RP11-15A1.7,0.0020586185851240056
CABP7,0.0020585832780988475
KCTD21,0.0020585301015897057
CTD-3214K23.1,0.00205832673342558
AP000344.3,0.0020582842547373363
RP11-403A3.1,0.002057902054856744
RPL7P29,0.0020576617776535636
RBMS3-AS3,0.002057642126675839
LCN1,0.0020572645063253576
MAPRE1,0.0020567277435384916
RP1-8B1.4,0.0020561437232464396
RP11-511B23.2,0.0020561115927429123
RP1-102E24.6,0.002056063382176525
TNFAIP1,0.0020557249834633577
PAICSP1,0.0020552188853849617
IGHV3-72,0.0020550000567006346
RP11-147L13.11,0.002054469634631542
MTHFD2P4,0.002054346336724988
FOXO1,0.0020543290691663334
RP11-282I1.2,0.00205411151438564
MYL6P3,0.0020539760958041735
CTD-2307P3.1,0.0020538806314174913
RP11-592N21.1,0.002053670352747648
MED4-AS1,0.002053463657304959
RP11-852E15.1,0.0020533067158372315
RP5-896L10.1,0.00205314221897718
RP11-620J15.3,0.0020530957993493944
SPATA31D5P,0.002053028033350789
TDRD1,0.0020527438726825015
TRIM71,0.0020526768836229142
RNU6-1203P,0.0020523877741859937
RP11-125A15.3,0.0020523761836678447
RP11-205M3.1,0.0020520084682952152
LRRC37A17P,0.0020520063071509465
RP11-128A17.2,0.002051852307652434
SRPK3,0.0020515604660345296
MSANTD3-TMEFF1,0.0020513200551396616
RP11-259N19.1,0.0020512075632379066
ETHE1,0.002051179991258541
BMS1P15,0.0020511785551096755
ZNF442,0.0020510228978986404
PTTG4P,0.002050533710275683
RP13-616I3.1,0.0020503470400919173
NUS1,0.0020500522887139713
XAGE2,0.0020499731798144095
AC090804.1,0.0020497095778902324
RP11-96H17.3,0.0020493706800301177
RP11-598D12.4,0.0020493118837526755
GDF10,0.002049209676260827
ACKR3,0.0020491455777939603
EFCAB6-AS1,0.002048941386112206
AC114730.3,0.002048840283309281
RP11-20D14.6,0.0020483284865792147
AC006116.12,0.0020479109586509356
BIRC6-AS2,0.0020474023952782405
LDHAL6DP,0.0020472867018889156
RPS15AP38,0.002047023891298488
IL22RA1,0.0020469896125492335
ZFHX4-AS1,0.002046351932247847
SPTSSB,0.0020463045681074015
GPR68,0.0020458939120125068
RP3-425P12.4,0.0020454566570455145
AC099668.5,0.0020453260432441622
NEDD8-MDP1,0.0020452512621072106
RP11-206F17.2,0.0020450658640019707
POMP,0.0020447258464572284
RP11-407N8.4,0.0020446296358791615
RP11-697N18.3,0.0020442456516284154
RP11-972P1.8,0.0020440676197016035
RP5-921G16.1,0.0020440417015035192
CAPNS1,0.0020439241203559244
RP11-909N17.2,0.0020437182661851056
COL11A2,0.0020436201196384622
CDH22,0.0020434538938623155
RN7SL708P,0.002043284368939316
AC159540.2,0.002043235168601577
TUBB8P9,0.0020432093780081064
CTD-2126E3.1,0.002043156120698887
RP11-344E13.4,0.002043139495268251
AC008753.3,0.002043043247684877
LINC01159,0.0020429841448938104
HNRNPA1P48,0.0020426474199295784
FAM156A,0.0020423118313377094
CITED2,0.0020422969239732307
LA16c-306A4.2,0.0020422190649993736
C16orf92,0.002041855922692217
MRGPRD,0.00204171881182998
LINC00517,0.002041571699512597
SLC5A4,0.0020414495339135135
TBC1D29,0.002041430128526235
RP11-77K12.7,0.002041359740588988
MIR6865,0.002039646347265333
RP11-755F10.3,0.0020396420114390853
KDM7A,0.0020393521705521092
RP11-407G23.7,0.0020390970333332326
RP11-483I13.2,0.002038701443526674
RP11-1112J20.2,0.0020383398204366194
RP11-399E6.1,0.00203806704165365
CTC-295J13.3,0.002037733686840499
RP13-870H17.3,0.0020377324027296647
CTC-546K23.1,0.0020372551341855546
PPBP,0.002037063392403917
RP11-566E18.1,0.0020369019401612455
AC007161.5,0.0020368314853176322
SLC51A,0.0020366516321419985
RP11-835E18.5,0.0020366062029461333
AC004603.4,0.0020364260164263746
LDHAL6FP,0.002036357634869994
CCL14,0.0020361085283023207
CTC-558O2.1,0.002035976758265557
CALML3-AS1,0.002035944839821969
TCEB1P21,0.0020356602650456056
AJ006995.3,0.0020355620476301393
RP11-1055B8.3,0.002035490497168663
PRSS36,0.002035161276793072
THEM6,0.002035146120778463
RPSAP17,0.0020342910552431227
SLC25A6P4,0.002034287028289728
FAM223A,0.0020341899147649665
RP11-227G15.11,0.002034044399559019
RP3-467K16.7,0.0020338956428766417
RP11-566K19.6,0.0020336431708333634
CTB-2L9.1,0.00203363707777298
RNU6-605P,0.002033081511932051
LRRC37A3,0.0020330508571191055
OCM2,0.0020328821570212052
RP11-958F21.1,0.002032774244194522
POGLUT1,0.0020326057474823137
RP11-5L12.1,0.002032517958587317
RP1-177A13.1,0.002032486468538691
CTC-304I17.6,0.0020324270824004192
NCK1-AS1,0.0020320983316355094
SNORD62A,0.002031773226328258
AC012507.3,0.002031496369512719
LACTB2-AS1,0.0020311299818318775
RNU6-760P,0.002030895623935695
RP11-122L9.1,0.0020307583105326076
LINC00671,0.0020302098104338184
ANAPC1P1,0.0020301496797564384
SNAI1,0.0020300355705441006
RP11-800A3.3,0.002029593418756368
RP11-382A20.5,0.002029415132341268
AC015923.1,0.002029155609497151
SPTSSA,0.0020291407154323336
PTGER1,0.0020290520363712454
SEC1P,0.0020290215586806215
CTD-2555K7.1,0.002028591498424765
VDAC1P2,0.0020284550475235526
RPL35AP25,0.0020282878518634298
GNS,0.0020281871294857224
RP6-159A1.2,0.0020281671803353504
LINC00320,0.0020275488507248054
RPL12P38,0.0020275353952423475
RP11-582E3.5,0.002027491313951659
RP11-466A19.3,0.002027403623941486
SHCBP1,0.0020273734702350578
LINC01388,0.0020273001696392103
KRT34,0.0020269411094190116
CSGALNACT2,0.002026913598306035
ZNRF2P1,0.002026908686076739
CASP16P,0.0020264366084972924
RNU6-135P,0.0020261470404877493
LINC00856,0.002025645900550531
ZNF592,0.002025579019233977
GPR89P,0.002025520441740955
AC022182.1,0.002025348107244761
LINC00928,0.0020253356029567454
RP11-325K19.1,0.0020247982531631584
TXN2,0.0020247219179689415
MARCKS,0.0020244408589699453
RNU6-903P,0.0020239184296063405
CTD-2532N20.1,0.002023804265461677
AC092641.2,0.0020234074205235943
IGLL3P,0.002022968047152013
RP11-521D12.1,0.0020226779368404326
AC093698.1,0.002022594745234196
RP11-359B12.2,0.0020225012043739504
LKAAEAR1,0.0020224178245533105
RP11-242D8.1,0.0020223282904386322
ZNF175,0.0020217318366386743
SOX15,0.002021575679016294
RP11-183A22.3,0.0020210879777878238
RP11-364B14.3,0.00202104085826576
RP11-560G2.2,0.002020944072244845
RP5-1121E10.2,0.0020207812006106836
RP11-432J24.3,0.002020723256017202
MIR6512,0.0020207063153299025
AC103563.8,0.002020183362414266
RP11-275F13.3,0.0020201161071423555
RPS27AP11,0.0020200314424804063
GS1-393G12.14,0.002019984714091381
GOLGA2P5,0.0020199053486660125
TCEA1P3,0.0020195553630301044
RP11-636O21.1,0.0020195478553008475
RP11-867G23.2,0.002019179963642414
RP11-10E18.7,0.002018993599553896
SALRNA3,0.0020189120779932914
NAPA,0.002018738686571736
RP11-218M22.1,0.0020187204230426676
LINC01165,0.002018574388624506
TNFAIP8L3,0.0020182951506483053
IER3IP1,0.0020182410990405237
RP11-386I8.6,0.0020181811951462056
RP11-120B7.1,0.00201806371400106
RP11-944C7.1,0.002018026979291044
SPTLC1P4,0.0020176621876324217
EIF2S2P4,0.0020176440658645042
RP11-108P20.4,0.002017430912499254
RP11-466F5.8,0.0020167318606697
CTD-2532D12.4,0.0020162082882198744
CCDC58P3,0.0020161567907109406
SPIN3,0.002015842802240919
CDY4P,0.0020157231581760244
LINC00535,0.0020155493410401286
OOEP-AS1,0.00201540740505893
DIAPH2-AS1,0.002015145811588891
LTBR,0.002015109892103081
RP11-834C11.8,0.0020144831599639775
SPTLC1P2,0.0020142469877350647
GS1-304P7.3,0.0020141934570694626
AC005592.2,0.002014147496607595
RP11-115D19.1,0.002014117893855783
AC007041.2,0.002014049433666088
RNA5SP255,0.002013950961141079
FGF10-AS1,0.0020139388742775916
CTB-58E17.5,0.0020135475949439804
HMGN2P6,0.0020129694872492387
RP11-383G10.1,0.002012602394392751
MIR6889,0.002012576713112708
PIGQP1,0.002012494890097135
MTRNR2L10,0.002012000677573008
KDELC1P1,0.0020117440667499634
AC092933.4,0.0020115726581258738
RP11-745O10.4,0.00201132171150998
SPATA31C2,0.002011084918963739
RNU6-748P,0.0020110267764805742
TMA16,0.0020107286755138404
APOBEC3D,0.002010540963672057
RPS18P6,0.002010268603418234
COX11P1,0.0020099863036729107
AC055866.1,0.0020095091678693543
NOV,0.0020094925844334846
RP1-228P16.1,0.0020093447999450917
RP11-571E6.1,0.002009174527704238
LHX4,0.0020090482571042644
RPL31,0.002008868520144784
PEBP1P1,0.002008452758752741
LRBA,0.002008420208812589
PRELID3BP4,0.002008233252839339
RPL15P1,0.0020082044993314165
RP1-80N2.3,0.002007889215273314
GXYLT1P2,0.0020078251017107735
LRRC3-AS1,0.0020073562817877707
GPATCH1,0.002007128656071147
RP11-473E2.2,0.002006814577449714
RP11-651L5.3,0.0020066259414843997
RP11-474G23.3,0.0020061215151946483
CLIC1P1,0.00200609383211082
AP000859.4,0.002005872564045291
APOC2,0.0020055860080179766
RNU4-49P,0.0020055705341992126
RP11-404P21.1,0.0020053949299464117
RP11-410D17.2,0.0020052160046110314
MT-ND2,0.0020051660855963573
SULT1C4,0.0020049901937989156
RFPL1S,0.002004264745870314
RP1-261D10.1,0.0020040777206095633
RP11-574F21.3,0.0020037291158746134
TNFRSF13B,0.0020033593812418017
LINC01141,0.002002808652209064
RP11-775H9.3,0.0020025017339539352
AC016999.2,0.002002500291647462
RP13-497K6.1,0.002002169768651163
RP11-159F24.3,0.0020020844866157814
RP11-90E5.1,0.0020020827862911325
EIF5P1,0.0020017504616016125
KCNH1-IT1,0.002001614380606527
GPR143P,0.002001552178405572
EPGN,0.00200148062185734
ARMS2,0.002001052191906095
MPV17L,0.0020008325242547816
GXYLT1P6,0.002000778268453183
RP11-342H21.2,0.00200056430120817
OR7E46P,0.0020004202155445867
ACTG1P15,0.001998817673169189
RP11-402L1.4,0.0019987072006755627
CTD-2529P6.4,0.0019986477044985572
RNU6-29P,0.0019983815169993036
RUSC1-AS1,0.0019983741556550434
RN7SL322P,0.001997560368115951
RP11-58K22.1,0.0019974557363578787
LINC01100,0.0019971292400245456
CTA-833B7.2,0.001996697051211199
CTD-2547L16.1,0.0019962327756501415
RP5-1186N24.3,0.0019957239884723127
CTC-312O10.3,0.001995590464642521
RP11-231P20.2,0.0019955257862859423
RNU1-13P,0.001995200874875214
RP11-864N7.4,0.001995165537458788
MTCO2P2,0.0019951583303416875
DBH-AS1,0.001995149930680981
ARL14EPL,0.001994916588693183
HRASLS5,0.0019946689339888812
SPINK2,0.001994518675280143
RP11-817O13.9,0.0019943911547775084
ITPR1-AS1,0.0019937952561829837
LINC00399,0.0019925369398502636
RP1-232L24.2,0.001992441688585451
B3GNTL1,0.001992277827887716
RP11-162G10.5,0.001992270007227393
ATP5LP3,0.001992162505331223
FNDC9,0.0019919796572283772
RN7SL585P,0.0019918187835890042
ZNF891,0.0019917742681482293
SLC9A3R1,0.001991002393649096
RNU1-91P,0.0019908132388214697
RP11-466A19.1,0.0019907424134237286
LYPLA1P3,0.001990492591848402
RP11-386J22.3,0.0019903333978664364
RP11-702H23.4,0.0019902150865449978
RP11-91P24.5,0.0019901585712115244
AC004543.2,0.001990105269576485
RP11-539E19.2,0.001990068248090567
AC115522.3,0.001989843543401946
CTC-512J12.6,0.001989831284889554
ZNF234,0.001989611034149072
RP11-77I22.2,0.0019895843385622273
MTCO1P49,0.001989420797452601
LINC01269,0.001989412924995483
AC002543.2,0.0019892321176647643
CTC-422A18.2,0.001989012912696372
RFPL4B,0.0019889033350889563
RP11-849I19.1,0.001988785306990904
RP4-753M9.1,0.001988767206586481
LINC00391,0.001988267030933373
PCDHGA11,0.001988244159139512
SIX5,0.0019881464479288504
CTC-270D5.2,0.0019879794044117757
RP11-459E5.1,0.0019870186131000513
RP11-17M24.2,0.001986857364452684
RAB11A,0.001986801401907331
RP11-372E1.7,0.0019866776494810415
RP11-134N1.2,0.0019861902130820413
AC004461.4,0.001985895308680204
RP11-640I15.1,0.0019858270871873944
RP11-145H9.3,0.0019856416120400994
SCARNA7,0.001985615984029754
SPRR2G,0.0019856059637298443
SDC4,0.0019856048903088125
RN7SKP273,0.0019855318768167
ACTG1P24,0.001985494057641255
RPL23AP31,0.0019854585677109428
RP11-332H18.5,0.001985335469433537
PSAT1P2,0.001984621235274844
RP5-994D16.11,0.0019845226556086037
IL12RB2,0.0019839948830357927
RP11-793H13.11,0.001983949033137322
RP11-321C24.4,0.001983876442440142
AC008592.8,0.0019834483758942507
C7orf61,0.001983361852698222
RP11-1113L8.2,0.001983319559234531
ZNF562,0.0019832689666731086
NXPH3,0.001983260938793139
ACTR3P2,0.0019829326862144357
PLA2G4B,0.001982788367954121
RP11-177H2.2,0.00198274138781584
RP5-1100I6.1,0.001981642607231698
RP11-485M7.3,0.0019811563272175716
Y_RNA,0.001980767996348551
RP11-573M3.2,0.0019806805543736324
RP11-12A2.1,0.0019802584009425157
RP1-251M9.2,0.001979863331723501
RASEF,0.001979570895296156
FTH1P15,0.0019793261427896334
MT1XP1,0.0019788258115410054
NME6,0.0019787329574007563
CTD-2525I3.2,0.0019784026568648657
UNC93B6,0.0019783359789819982
RP11-435F13.2,0.001978215689989859
RP11-561I11.3,0.001978186907609495
TMLHE,0.001978062815717291
RP11-44N22.3,0.0019780032043772637
RNU6-343P,0.0019778962892196303
Metazoa_SRP,0.001977832826484738
LINC01320,0.0019775944402674905
RP11-417L14.1,0.0019775823339164868
SNORD115-45,0.0019775262843528606
RP11-114H23.1,0.001977361679089525
INTS4P2,0.001977108253105284
MARCKSL1,0.0019768281733433418
RP11-583F24.8,0.001976737123018863
RAD21L1,0.001976317852047784
TPRG1-AS1,0.001976231918284208
AC009302.2,0.0019758881277389412
Y_RNA,0.0019757770607065233
AL590763.5,0.001975667127245369
RP11-351D16.3,0.0019752477463614803
FAM133DP,0.0019749730526314973
TRIM53CP,0.001974907768423292
OR1F1,0.0019747704625942748
RP11-632K5.2,0.0019746637607120257
LINC01115,0.00197435042196614
EEF1A1P15,0.001974201345873773
OSTCP8,0.0019737868078045367
GRK6P1,0.001973776407624195
LINC01535,0.001973712760391082
RP11-365H23.1,0.0019730583084808326
RP13-258O15.1,0.001973045589744254
RP11-66H6.3,0.00197294382512705
TRAJ3,0.001972841755645896
EIF4BP6,0.001972749391846783
RP11-364P22.1,0.0019722205844486217
NOVA1-AS1,0.0019719098394538653
RP11-383D22.1,0.001971863636281408
ZNF775,0.0019716008175369643
RP11-1000B6.3,0.0019714078527515505
PMS2P4,0.0019713965354959517
AP000593.7,0.0019713855265819373
ZPLD1,0.001971333830253702
CDK5R1,0.0019713186688598166
RP11-411G7.2,0.0019706449433679585
RP11-875O11.1,0.0019702782997796787
DKK2,0.001970061106406476
RP11-128M1.1,0.0019700386454067358
RPS29P29,0.0019698993240862598
SPG21,0.0019697126075330735
TRIM60P14,0.0019697035211059736
KAT6A,0.001969076853565827
RP11-783K16.14,0.0019689231307424143
RP11-407N8.6,0.0019686182314095036
RP1-273G13.1,0.0019685136041397585
AC006273.4,0.0019684850406529626
GFRA2,0.001968333729384358
GPR150,0.0019683130524049547
LCE3A,0.0019682156114578585
DIRC2,0.0019681836802551353
RP11-486M23.1,0.0019679408665308285
EPHA1,0.001967890517051921
RP11-950K24.2,0.001967873600358106
RPL3P6,0.0019676804197322722
AL355480.2,0.0019674429973380743
RP11-355O1.7,0.0019666534568795993
RP11-145O15.2,0.0019666201312641364
RP11-227G15.2,0.001966239262708491
RP11-550C4.4,0.0019661668496517735
FTH1P11,0.0019661167278811646
VDAC1P11,0.001965809068075457
CTD-2184D3.3,0.0019657307545218787
RP11-95G6.1,0.001965722066334734
SNORA46,0.0019655395510477587
CTD-2377O17.1,0.0019652270746412523
GCSHP4,0.001964670564437458
AC074389.7,0.0019646473071521483
RP11-613M5.1,0.00196453787089256
RN7SL189P,0.001964439873128123
RP11-317F20.3,0.001964397249747791
RP11-876N24.1,0.00196404726879366
RP11-96L7.2,0.0019638306246277572
GDF5,0.001963470791245653
RN7SL200P,0.0019631698169626406
RP5-1017F8.2,0.001963073275137646
RP11-244F12.3,0.001963033340114308
RPL31P47,0.0019628601014538226
ORMDL3,0.001962779460450985
RIDA,0.0019627373260798476
AL356806.3,0.0019626848959809922
RP11-713M15.2,0.001962637160908965
DACH1,0.0019625062680616355
RP11-135J2.3,0.0019624236040757556
MTND4P26,0.0019623405115294446
IDI2-AS1,0.001962252343501641
AC127904.2,0.0019617112554730994
AP005273.1,0.0019616112810243885
RP11-254F7.4,0.0019615891950756615
RNU6-1098P,0.0019614548326600933
RP11-252I13.1,0.0019609867499778173
ENPP7P9,0.0019609225727584933
RP11-1069G10.1,0.001960354685862896
SF3B6,0.001960176951754659
RP11-44N17.1,0.001959556731093125
GLDCP1,0.001959417582788747
CTC-203F4.2,0.001958946767740093
NECTIN3,0.001958895654275238
RP11-701H24.7,0.0019587360851067805
COX7B,0.001958638229187741
RP11-3K16.1,0.0019583128127712277
SELL,0.0019582809107112744
SNRPCP13,0.0019582307554400803
RP13-514E23.1,0.0019581905307148022
ELFN1-AS1,0.0019580042582739124
RP11-281O15.5,0.001957921106203309
RP11-454H13.1,0.0019576772031146723
LINC00959,0.0019575300241225623
BTBD18,0.00195686718964116
AC007557.3,0.0019566521679365333
GPR87,0.0019564902130719355
SETP8,0.0019563715777894167
AC067969.1,0.0019563564172016892
RP11-87H9.4,0.001956257933832702
EGOT,0.0019560589534847223
BNIP3P29,0.0019559210985961974
RP11-535C21.3,0.00195565270000408
NHEG1,0.001955559872999912
RP5-1009E24.9,0.001955450863608637
BLOC1S3,0.001955398224883921
TMPOP2,0.001955346397906829
RP11-644A7.2,0.0019553303578300593
RP11-165M1.1,0.0019548526657424117
VDAC2P4,0.0019548287644680262
U51561.1,0.001954248396686502
RP11-254F7.3,0.001953996772383075
RNU6-1226P,0.001953491241916548
HSPD1P12,0.0019533717092724266
RP11-524O1.4,0.0019532037441409556
RP11-354K1.1,0.0019531711698851316
CENPUP2,0.001953068761464306
RP11-1085N6.3,0.001952803756900052
RP11-116N8.2,0.0019527926288696754
CTD-2297D10.2,0.0019526104447921975
MIR3907,0.0019523779743967286
OR7E136P,0.0019515451510649692
AC020594.5,0.001951038844497838
XXbac-BPG294E21.9,0.0019510182118902555
ITGB1P1,0.001950905779727051
U3,0.0019508543917746773
SGO1P1,0.0019507854937348007
HSPC324,0.0019506063861620898
RP11-973D8.5,0.0019505485862643711
MYCBP,0.0019504853494766205
TMEM14A,0.00195046187455022
RP11-62G11.1,0.0019503047518432564
LINC00954,0.0019502383124851488
BAK1P1,0.0019494655169327419
RIOK2,0.0019494336843347343
RP11-227D13.2,0.0019493024433615664
CTC-441N14.4,0.0019491741252790006
RP11-281J9.1,0.001948792938296964
AC093724.2,0.001948730066959182
AC011516.2,0.0019481534789207518
CTB-4E7.1,0.0019481518408909842
THAP11,0.0019479046357534996
RP11-286O1.1,0.0019477531344283179
TAS2R43,0.0019475165803706396
RPS4XP2,0.0019474664076708848
SBK2,0.001947060894242199
RP11-475O23.2,0.0019469637234809797
FABP5P6,0.0019466458530376207
RP11-39E3.3,0.001946092705518196
AP001442.2,0.0019460063606277184
AC009120.6,0.0019459839792509486
CTD-2340E1.2,0.001945480412671925
ASB12,0.0019453292461495226
PXMP2,0.0019451595722470235
LINC00563,0.0019450416163368253
RP11-252A24.5,0.0019449988049141517
CTD-2653M23.3,0.0019446862772270475
C12orf65,0.001944378836412463
AC009299.4,0.001944280414809866
RP5-1121H13.3,0.0019442669963471138
PLPP3,0.0019441181384009262
PPP1R11,0.001943590085757876
C19orf43,0.0019435530263555592
SLC25A3P2,0.001943229336599931
OSM,0.001943093251981454
CTD-2659N19.4,0.0019429998212948953
AC007559.1,0.00194214326912756
KB-1572G7.5,0.001941992699383021
NKAIN1P1,0.0019419842869152625
HMGN1P13,0.001941562284050323
RP11-265O12.1,0.0019415326645325947
ARRDC5,0.0019415210842521251
SFRP2,0.0019415117545865026
IGHV3-33,0.0019412567474348483
RP11-314A20.1,0.001940627727112339
KCTD5,0.0019406101844824451
TVP23BP2,0.0019404894574488823
LINC00901,0.0019404568071237037
PLA2G10,0.0019401833200598335
GATAD2B,0.0019399534817634897
RP11-630I5.1,0.0019396554478310194
RP1-68D18.4,0.001939493717444597
RP11-454L9.2,0.0019393252438934193
RP11-850A17.1,0.0019391911959196959
RPL7AP3,0.0019389966866537613
SGK223,0.0019387789336682106
CASP12,0.0019387122096620264
CH17-140K24.6,0.0019382646415931643
BAALC-AS2,0.0019374056669068738
RP1-155D22.2,0.0019373547358073478
LINC01018,0.001937172772488443
R3HDM2P2,0.0019367290626790285
RP11-706C16.7,0.001935998030568567
RP11-463O9.2,0.001935920562982781
NBPF2P,0.0019359198455983753
CTD-2410N18.5,0.0019357150459809297
BRI3P1,0.001935565216025637
IMPDH1P8,0.0019353976110798542
RN7SL434P,0.0019350553261746116
RP11-467L13.7,0.001935055191726643
NKX6-1,0.001934296034401872
RP11-384L8.1,0.001934229110390665
MRPL33,0.0019340856972795398
RP11-875O11.2,0.0019339838172444542
HELLPAR,0.0019338209917448147
RP11-5P22.1,0.001933616983208823
MLIP-IT1,0.0019333024617424713
LINC00606,0.0019332354120340466
AP000889.2,0.0019331621539108255
CBX1P2,0.0019329682727486368
SLC25A6P3,0.0019328034277228637
RP11-747H12.7,0.0019324775662524195
Y_RNA,0.0019321130725773285
SOX7,0.0019318273954512493
RP11-148B6.2,0.0019318198963705125
SYP,0.0019314543767434893
AC007040.6,0.0019312344229383833
FUT1,0.001931129897344648
ACKR1,0.0019311119391489143
RP11-556E13.1,0.0019309007225975147
XX-C00717C00720L.1,0.0019307567722228998
IBA57-AS1,0.0019306753074130095
AC019206.1,0.001930599045103689
MS4A8,0.0019305221842995874
CTD-2568A17.1,0.0019302572467202721
MIR193BHG,0.001930029812889686
MEIS1-AS3,0.0019298413471843738
NGFR,0.0019297088015331851
WNT10A,0.0019293716512666758
RP11-702L15.4,0.0019293608778190997
HNRNPKP5,0.001929209552030455
FAM92A1P1,0.0019290911201260354
CTBP2P7,0.0019289758561817176
LINC00482,0.0019287852802674526
RP11-288L9.4,0.0019286256401062323
CTD-3093M3.1,0.001928092890492337
GID8,0.0019280895131216867
LINC00868,0.0019280834702104482
RP11-141B14.2,0.0019280833503345178
RP11-144L1.8,0.001927929412227956
CTA-280A3.2,0.0019278374080404414
RP1-292B18.4,0.0019275419190077517
GS1-259H13.2,0.0019274606539803332
RP11-670E13.6,0.001927377783226798
KB-1183D5.13,0.0019273567678019876
RP11-553A10.1,0.0019273203132913308
TMCO2,0.0019272233993401966
RP3-412A9.17,0.001927128899269821
IGFBP2,0.0019269788501504578
RP11-679B19.2,0.001926488174413901
RP11-161M6.2,0.0019264103955280974
TOP1,0.0019263105658312832
TWIST2,0.0019260817646947067
AC005487.2,0.0019255939886592844
CTD-2194D22.2,0.0019254003642932898
ZNF155,0.0019239939078354992
CHCHD2P2,0.0019239141704913679
RP13-104F24.2,0.0019238973215111505
RAB33B,0.0019236456999414968
CD320,0.0019232122857576564
TRPM2-AS,0.0019231688623352412
RP11-555H7.2,0.001922861718783198
RP11-64K12.1,0.001922804162697703
RP11-207C16.4,0.0019224744370206512
SIAH2-AS1,0.001922333274864589
RP11-247I13.3,0.0019223171402198615
LINC01333,0.0019217601251200107
RP11-778D9.9,0.0019215991771777635
RP11-144O23.22,0.0019215321550919513
CPEB2-AS1,0.001921404084274133
NPY4R,0.001921387013490207
RHEBL1,0.0019207148467271123
RP11-53O19.3,0.001920226016693293
MBNL1-AS1,0.0019201850659893722
SNORA51,0.0019201726879708098
AC018832.1,0.0019201721535326045
FLJ40194,0.0019201127002100946
RP11-45P22.2,0.0019198464351517803
RP11-386M24.1,0.0019196464483335735
RP5-849L7.1,0.0019191630392475796
RP11-182J1.12,0.0019190777493299244
HMGA1P3,0.0019188823988604265
RP13-580B18.4,0.0019186253941921988
RP11-158H5.8,0.0019174946438322482
RP11-767L7.1,0.0019173658477333294
CADM2-AS2,0.0019173537124914134
CTC-498M16.2,0.0019169801865904644
UNG,0.001916791214621765
GIMAP7,0.001916784417660218
RP11-158L12.4,0.0019166669463403895
ARHGAP31,0.0019162360755379069
RPSAP66,0.0019157203431890563
CTB-96E2.10,0.0019156540228534703
AC008079.10,0.00191564197378912
NSUN6,0.0019155406746964286
RP3-437I16.1,0.0019150544526815385
Y_RNA,0.0019149006635894145
RP11-67L2.2,0.0019147672397532055
RP11-160H12.2,0.0019147461248663561
PLPP4,0.0019146665384820844
PRADC1P1,0.0019146070005597912
RP1-151B14.9,0.001914292493155497
RP11-522B15.6,0.0019140061662794342
RP11-3L21.2,0.0019139197447774104
RP11-203J24.8,0.0019135817089406884
RP1-308E4.1,0.0019130108041226042
Y_RNA,0.0019129871265372187
MYRFL,0.0019129768170842757
MAGEL2,0.0019125764415673532
RP11-644F5.15,0.0019125144121588608
AC008074.5,0.0019119477699698205
RP11-776H12.1,0.0019116824129250334
GBP1,0.0019112346665997593
GSTM5,0.001911013923138766
TOPORS,0.0019108919783991324
RP11-542C16.2,0.00191081037269064
RPS15,0.0019107145293984387
RP1-102K2.8,0.001910265008832674
MRPL35P3,0.0019101174745151258
GYS2,0.0019100719662616657
WDR92,0.0019099838628315212
CTD-2319I12.3,0.0019095945008012723
RP11-159L20.2,0.001909335614866644
CTD-2026K11.3,0.0019091897425382184
SYAP1,0.0019090558714296173
RN7SL388P,0.0019085374502801726
NIFK-AS1,0.0019083678005312862
HS3ST3B1,0.0019083112192700823
POM121B,0.0019080988463015373
ARHGDIB,0.0019078914827076294
XXyac-YM21GA2.3,0.0019072691554364557
RP11-617F23.1,0.0019072429106655711
INTS6-AS1,0.0019064892847018295
RP11-159K7.2,0.0019064344447690348
SLC29A4P1,0.0019058326948996648
RP11-18M17.1,0.0019058127006493352
RP1-169K13.3,0.001905689339860613
DDX10P1,0.0019056690823325462
HTR5A-AS1,0.0019053721011433721
YWHAQP6,0.0019052587775875507
CTB-175E5.7,0.0019051123464927432
SLC35D3,0.0019050319455035589
RP11-191F9.1,0.0019046749937486405
PTPN2P2,0.0019046060326016652
EIF3G,0.001904396184262515
RP1-257I9.2,0.0019038388950702893
FAM84B,0.001903737868131242
MTND2P24,0.001903660343280178
RP11-443O13.3,0.0019033576034507545
PDSS1P2,0.0019029898016376314
RP11-146E13.4,0.0019028947169995238
RP11-181D18.4,0.0019026994910664148
FEN1,0.0019024140035996354
RN7SL804P,0.0019022804154453345
RP11-585P4.5,0.0019020068649118482
NBPF13P,0.0019019564718042589
RNU4-50P,0.001901834538681918
RP11-214K3.20,0.0019017772369452365
RP11-165D7.5,0.0019012488687911093
FAR1-IT1,0.0019012071470650672
RNU6-466P,0.0019011168874642607
THAP1,0.0019006073530441468
RP11-326C3.12,0.0019003306351255435
TRIM10,0.0019003175626621787
C5AR2,0.0019003143481214492
SPDEF,0.0019002854753067944
RN7SL338P,0.001900222860772039
RP11-563J2.3,0.0018999929100242162
RP11-359E19.2,0.001898910539431843
RP11-132F7.2,0.0018986109078652858
RBPJP2,0.0018985382727277423
CTD-2022H16.3,0.0018985024380324496
Metazoa_SRP,0.001898412336384451
AC079305.11,0.0018983461937570941
KB-173C10.1,0.001898330607082301
RP11-530N7.3,0.0018983061258156595
FXYD6P2,0.001897935758598022
APTR,0.0018977101697192414
RNA5SP425,0.0018975488732757963
IFNWP4,0.0018971094066306564
FENDRR,0.0018970824807105363
ATP1B1P1,0.0018970282734527947
CCND2-AS2,0.001896862931105105
RINT1,0.0018966029543020407
MTERF2,0.001896534811616965
AC010761.13,0.0018965153164889029
AC004448.2,0.0018964264014773497
RP11-1134I14.6,0.0018963831604872402
RPL12P6,0.0018961587918927764
RP11-893F2.18,0.001896037751144996
RP11-474C8.7,0.0018955467428152704
WFDC21P,0.0018952869423275545
Y_RNA,0.0018950038112482256
RP11-592H6.3,0.0018950022129209055
ARRDC3-AS1,0.0018948730376220576
RP11-349G13.3,0.0018946990707798443
RP11-398J10.2,0.0018946689262348672
RP11-474P2.4,0.0018943884216515966
RP13-317D12.3,0.0018943760601499984
RBMS1P1,0.0018942966181462447
RNU6-444P,0.0018940251180142914
RP11-346L1.2,0.0018940068381539728
RN7SL279P,0.0018939840959898144
uc_338,0.0018939342640207236
HSPD1P5,0.0018938539060669596
LINC00877,0.0018935201755063999
CER1,0.0018934496889173858
AC004158.3,0.001893409722399384
AKR7A2P1,0.001893207209469118
ALG1L10P,0.0018930454067651718
C20orf78,0.001892984664864854
CENPV,0.0018926855471269339
FZD10,0.0018925692808588717
RP11-278J20.2,0.0018925224118639277
GOLGA6L6,0.001892293773395965
U3,0.0018922192072042458
DSC1,0.0018921346856485858
CTD-2561B21.5,0.001891609271847581
ELOVL4,0.0018915901572001811
RP11-228B15.4,0.0018914382779292413
CPOX,0.001891432739564837
LINC00620,0.0018911277612316739
AF067845.1,0.0018909124868549587
RP11-572M11.3,0.001890882656787415
RP11-493L12.5,0.001890470055525706
RP11-443N24.2,0.0018902049096508747
GPR27,0.001890110046977162
C17orf58,0.0018896158349553612
RP11-33B1.3,0.001889112056847883
KCNQ5-AS1,0.0018890759747325703
EIF5AP3,0.0018889719181331573
RN7SL67P,0.0018887543982069256
AC002451.3,0.0018882285869030926
RP1-319M7.2,0.00188816286361603
RN7SL663P,0.0018881109086236593
PLS3-AS1,0.0018878062739518132
GKN1,0.0018872515991752653
GLULP4,0.0018872257658582496
CTD-3193O13.12,0.0018869907218081027
Y_RNA,0.0018867665194076569
HSPE1P7,0.0018866201477579952
OSBPL10-AS1,0.001886177447871711
UBA52P7,0.0018861025348603734
FDX2,0.0018859529361806766
RP11-326C3.11,0.001885653646724506
RP11-88H9.2,0.001884976851084177
CCNG2P1,0.0018847414771720852
C12orf71,0.0018847386392513155
AC087499.8,0.0018843686219536754
AC002456.2,0.0018841379527088575
MIR3692,0.0018841049075281082
RP11-574K11.31,0.0018838377005583084
FDPSP1,0.001883413637508564
MIPEP,0.001882970771443941
RP11-295H24.4,0.0018827018484412956
RP11-973H7.3,0.0018825680765670624
CTD-2308B18.3,0.0018825481537575193
RPL26L1,0.0018821470396126782
RP11-734K2.4,0.001881826836711571
NMS,0.0018813967898484397
Y_RNA,0.0018813580003218058
LINC00326,0.001881343380896422
CREG2,0.0018812820803492851
RP11-303E16.7,0.0018810604981216554
RP11-396C23.2,0.0018809174382623773
RPS18P1,0.0018808875542038373
Y_RNA,0.0018807541231949684
ADH5P4,0.0018804441318043767
RP11-369E15.4,0.0018797767590186575
RP11-296A18.5,0.0018796914885206857
CBLC,0.001879597385234178
RP11-38M8.1,0.0018795260298357867
HCFC1-AS1,0.0018792714309700841
MIR126,0.001879175047655467
RP11-361A23.2,0.001879143111229305
RPL7L1P2,0.0018790201664428908
CTD-2083E4.5,0.001878862777208647
ZBTB24,0.0018786505583171917
AC009487.6,0.0018781870461100528
MESTIT1,0.0018779370604359979
ATG9A,0.0018778997610749118
LINC00643,0.0018778899212433524
RP11-218L14.4,0.001877458822682661
RP11-350J20.9,0.001876960053234522
RP11-262H14.4,0.0018769580309070007
AC005009.2,0.0018769298953505468
RPL12P42,0.001876640870717721
RN7SL636P,0.0018765583944222665
RP11-779O18.1,0.001876546269672284
RPL13AP2,0.001876520503781618
MIR888,0.0018762745023757292
Y_RNA,0.0018759364738639942
GS1-39E22.1,0.0018754931271373323
HP,0.0018754824773078986
CTA-292E10.6,0.0018751973287015674
CTD-2313J17.6,0.0018746631684842714
RP11-115H15.2,0.0018745105556209423
PCDHA3,0.0018742435261139775
RP13-714J12.1,0.0018734424811364123
RP6-91H8.2,0.0018731037812455675
RNU6-589P,0.0018729493266440838
RP11-326C3.7,0.0018726657056627079
RP11-401E9.3,0.0018726297265002384
MYO1H,0.0018721339008005676
RP13-507P19.1,0.0018720773688103876
AC007319.1,0.0018720051961943973
C12orf45,0.0018714422898307643
WWTR1-IT1,0.0018711099968368422
FBXO34,0.0018710789772822757
RN7SL684P,0.0018708617111201466
AL162151.3,0.0018707400009296369
RP4-635A23.3,0.0018701230565162984
CTSLP8,0.001869941850634283
PWP2,0.0018696730586973754
RPS11P5,0.0018695808823771878
RP11-946L16.1,0.0018694733378041076
SERGEF,0.0018694477742950692
AC112497.1,0.0018685855474895167
ANKRD18DP,0.0018685314378791183
SNORA72,0.0018683289006353482
ACAT2,0.0018683038920400555
CRYAA,0.0018682386669150641
AC017002.2,0.00186759459880158
SETP3,0.0018674994561158717
FOXD4L4,0.0018674856938704649
RP11-742D12.1,0.001867088432226452
RP11-403I13.5,0.001866727132617772
RP11-343H19.1,0.0018667192986385121
FCF1P7,0.0018666643626701455
LCN9,0.0018665395166217664
MTATP6P26,0.0018664020202606903
PCDHA10,0.0018663457724281214
AC023590.1,0.0018661204483670962
C19orf73,0.0018660748510864321
KCND3-AS1,0.0018654446443401116
AC022154.7,0.0018652955028699667
ASIC5,0.0018652452463310636
TMEM8A,0.0018652044987923517
RPS15AP29,0.0018647868908493964
RP11-123C21.1,0.0018645644984206118
NOP56P3,0.0018639839487477276
PLXNA2,0.001863941798840325
RP11-445K13.2,0.001863842263725221
RP11-245G13.2,0.0018635000321686405
RNF5,0.0018634051155727643
ZRSR1,0.0018631644502641593
RNU6-301P,0.0018631423330448163
SPDYE2,0.0018628244164448
RN7SL236P,0.0018625276098682441
RNF103-CHMP3,0.0018625083868776377
RP11-702F3.1,0.001862284239070518
CTC-559E9.5,0.0018619428857994946
SRP68P1,0.0018617337421203623
HOXD8,0.0018615964064401887
RALY-AS1,0.0018615722775661883
AC104809.2,0.0018615312221767323
TIGAR,0.0018611344038327459
TPBGL,0.0018610003504613223
TPTE2P6,0.0018608679606144359
IL12A-AS1,0.0018607659525997635
AC104076.3,0.001860713288527509
DAND5,0.0018605120611661413
BRI3,0.0018604140998835
RN7SL118P,0.0018603733747609476
RP11-368J22.2,0.001860352609505171
CCKAR,0.001860178009559177
RP11-296C13.1,0.001859659263159385
LLNLR-304G9.1,0.001859584011539477
RP11-1136G11.8,0.001859137227411288
AC117490.2,0.001859062444686811
ZNF697,0.0018589742158584292
AC144833.1,0.0018588592150801549
LINC00694,0.0018587363020381082
ABT1,0.0018583745155911738
MIR6087,0.0018583697967509314
RP13-890H12.2,0.0018583475069900105
RP13-672B3.2,0.0018580017610752284
RP4-631H13.5,0.0018579520610924939
SPATA3-AS1,0.001857700371220247
RP11-703I16.1,0.0018574723704685692
AC016582.2,0.0018570567905225287
ZNRD1ASP,0.0018569384379665704
RP11-1070N10.3,0.0018569004906503126
RP1-136B1.1,0.0018568531851281406
CTB-118P15.2,0.0018566777022582222
RN7SL19P,0.0018566472649282704
RP11-6B19.2,0.0018560639449911195
RP11-157I4.4,0.0018558265540830731
GUSBP6,0.0018557217830097888
NFE4,0.001855681433615972
ZNF143,0.0018552637675186513
KCNE5,0.001855230750584179
RP11-142O6.1,0.0018549097510649189
KIR3DX1,0.0018546555283414199
TLX3,0.0018544465612018533
PRRT1,0.0018542977733397594
CTD-2086L14.1,0.0018541197364684804
LILRP2,0.0018540149877659356
FZD4,0.0018540135450925504
CTC-559E9.12,0.0018539194146642225
RP11-642D21.2,0.0018535126952754252
TBC1D3D,0.0018534755226586252
AC092301.3,0.0018533450751173786
RP11-626H12.2,0.001853262053153582
RP11-714M23.2,0.001853109913224125
SMIM5,0.0018530916018056046
GAPDHP64,0.0018527790250169446
RP3-453C12.15,0.001852390080275914
ERV3-1,0.0018522085561268632
RP11-844P9.4,0.0018520828940105977
RP11-310I24.1,0.00185161483601627
RP11-626A5.2,0.0018514928221562347
RPL26P3,0.001851416858021415
RP11-64J4.2,0.0018512990761064391
RP11-448G15.1,0.0018511569473872575
FAM43A,0.0018510152512772383
RP11-568J23.4,0.0018509958891244232
CTD-2281M20.1,0.0018508687481771273
RN7SL280P,0.0018506574314513984
AC083822.2,0.0018502885822112684
SCARNA13,0.0018498332626287364
RP3-486I3.4,0.0018496332251259325
SUMO2P18,0.0018495578738222747
PTPRH,0.0018494215988421664
RP11-583F2.7,0.0018493542932496274
HMGB1P31,0.0018492242129032614
RP11-453A12.1,0.0018489638796643122
GAPDHP28,0.0018489162071519169
PFN1,0.0018488195127561236
CTA-313A17.2,0.0018487935701384523
MIR149,0.0018487727371447249
MAN2A1,0.0018485524080760387
DIRC3-AS1,0.0018484455320883608
RP11-224P11.1,0.001847951338060935
EPO,0.0018476335705962898
RP11-190C22.8,0.0018473543812331315
RP11-464F9.20,0.001847350410646201
MAGOH2P,0.001847070728773748
MRPS21P2,0.001846643970211545
TMEM261,0.0018465836119008164
RP11-53L24.1,0.0018462674016401595
RP11-1217F2.9,0.0018461830851312707
RN7SKP23,0.0018461156031582525
NOXA1,0.0018458561225745903
U1,0.0018451527165127763
AMTN,0.0018451028058760418
RP11-249M12.2,0.0018448116928033629
RP11-84A19.2,0.001844791708401913
CFC1B,0.001844586750300694
OPA1,0.001844463491216261
RP11-219G17.4,0.0018442830510681531
MCHR1,0.0018439733853365336
RNU6-353P,0.0018438819937425072
RP11-46H11.11,0.001843749205591803
SNORA30,0.0018436567142368113
DGCR11,0.0018434860441012707
RP4-784A16.1,0.0018432310844344647
SPATA25,0.0018431676410004363
RP11-341G5.2,0.0018428261721012077
RP11-146F11.5,0.0018428059493343963
RP11-760D2.5,0.0018428002999379893
RP11-517B11.7,0.0018425090481130782
CRYM,0.0018424724789988121
HNF1B,0.001842363156836949
RP11-981G7.3,0.0018423541644288733
RP5-963E22.6,0.001841961517502289
PSMA6P1,0.0018415364377376072
CCT4P2,0.0018408066680160255
NBPF19,0.0018405421962944474
RN7SL382P,0.0018402073155099974
GAPDHP59,0.001840074474443505
ZNF883,0.0018396872006986988
SNORD116,0.0018394895706581875
USP8P1,0.0018394866958765029
CTD-2095E4.5,0.001838781410742041
CTD-2126E3.5,0.0018383617970757072
AC000078.5,0.0018383520070376343
RN7SL475P,0.0018382519314358954
LMAN1,0.0018376885189166315
AC074019.2,0.0018372427324062958
CTD-2192J16.20,0.0018368700970060596
AF127577.13,0.001836427246079078
LINC01248,0.0018363086340237003
RP11-61A14.4,0.0018361760621763985
SUCLG2P2,0.0018357403973374964
SELENOP,0.001835474656268506
RP11-380B4.3,0.0018351728889294866
AC008268.1,0.001835164561440743
CFAP54,0.001835137075047541
RP1-127H14.3,0.0018350224354161655
MRPL41,0.0018349745379429355
CASC8,0.001834251863064428
PDCL3P6,0.0018341550603569253
FUT11,0.0018339286256922249
RP11-815N9.2,0.0018336240429912016
RP11-196E1.3,0.0018334765718274943
RP11-532F12.5,0.0018334312376612073
RP5-1115A15.1,0.0018333640486570448
RP11-363H12.1,0.0018332889784790094
RP11-173A16.2,0.0018329631404662037
RP11-146F11.2,0.001832739669821842
EFCAB14P1,0.0018326548901510737
OXTR,0.0018322625442378955
AGR3,0.0018321885360956989
LY96,0.0018321470015268708
RP11-495P10.5,0.0018320794111410556
ZMPSTE24,0.0018319756707405308
RP11-705C15.3,0.0018318878931224104
LINC01460,0.0018317400699397815
MOCOS,0.001831696130460212
F9,0.0018315521095354612
LINC01193,0.0018314456758203657
KAT2B,0.0018313112898100873
RP11-167N4.4,0.0018310973425717505
AC009303.3,0.0018309335963627804
LINC00355,0.0018309186744489662
RP5-1039K5.16,0.0018305091198022212
PGK1P2,0.0018304710802479177
AMN1,0.0018304449239586443
AC079305.8,0.0018300118678088785
JMY,0.0018296346012663793
CTC-265F19.1,0.0018295262531334057
RP11-132A1.3,0.0018290676865069869
LIPE,0.0018289438021507262
RP11-680E19.1,0.0018286863981689101
SCARNA24,0.0018286694145863056
RNA5SP449,0.0018286036873880022
IFNL3,0.0018285066306616374
LINC01021,0.0018284332035314946
VEZF1P1,0.0018283655825287197
RPS26P40,0.0018281128263390053
TPI1P3,0.0018279363858428193
B3GLCT,0.001827836517956788
EZH2,0.0018277265795938382
RP11-460H9.1,0.0018276953620343162
LINC01372,0.0018275562245168855
RP11-366L20.2,0.0018272273918959888
RP11-473P24.2,0.001827083458049429
CTD-2516F10.2,0.0018270759676688186
TPSP2,0.0018266678593790154
RP11-736K20.6,0.0018265721442661143
IL26,0.0018264754207792243
RP11-378J18.8,0.0018264505389635995
RP5-1120P11.3,0.0018263691705259282
RP11-531A24.7,0.001825899386759569
GPRC5D,0.001825893596136126
VTI1BP1,0.0018258933673183041
ST6GALNAC4P1,0.0018256918692792952
DDX11L16,0.0018255295959244148
PSMA3-AS1,0.0018252476931557942
PPP1R14A,0.0018250877204608893
AC090505.4,0.0018248803568599269
RP11-114N19.3,0.0018246628963441973
LSM3P4,0.0018246584356625703
RP11-814H16.2,0.0018240855396522485
RP11-165N19.2,0.0018240621406911317
RP11-96K19.5,0.0018237431148185716
RP11-180M15.6,0.0018234726272114315
HESX1,0.0018231834925240473
CENPC,0.0018231270470722594
OR6E1P,0.0018230696356692185
MIR559,0.0018225870021086803
Z69720.2,0.001822325814970308
RP11-390F4.2,0.001822126009869891
HOXB4,0.0018219930211455786
OR2B3,0.001821972159937801
RP11-1026M7.3,0.0018217159057782246
GUSBP2,0.0018215066289027349
ACTG1P2,0.0018214668905321793
RP11-51F16.1,0.0018211875307608686
RP11-702B10.2,0.0018211302624417962
SPATA5,0.0018208880846444613
IFNWP18,0.0018208747052692188
CTD-2050B12.1,0.0018207871818147036
CACNA1G-AS1,0.001820705584194283
CTD-2119L1.1,0.001820462848823674
RP11-357N13.6,0.001820444270692783
AC005703.3,0.001820072901781855
FLVCR1-AS1,0.0018199980226253384
MIR194-1,0.001819927282337799
RP11-104N10.1,0.0018196810178156332
RP11-407A16.3,0.0018196730477416986
MROH7-TTC4,0.001819576273397382
RNA5SP37,0.0018190431380278468
RPL17P40,0.0018189169265776127
LINC00371,0.0018187781241696612
RP11-401P9.1,0.001818668251458075
RP11-91P24.3,0.0018184043364218503
C12orf60,0.001818033619563939
CTC-457L16.2,0.0018179358705531284
CTC-534B23.1,0.0018178754274895442
LINC00998,0.0018175213736773717
HPGDS,0.0018171246855939163
AC062017.1,0.0018171036638316928
THEMIS3P,0.0018170746771635044
RP11-103J8.1,0.001817003022756557
RP11-552F3.12,0.0018162208327194645
POTEKP,0.001816190301508565
RP11-418H16.1,0.0018161524481380812
RP11-1263C18.1,0.0018159724388180942
RP11-298I3.6,0.001815744707902154
RP13-726E6.2,0.0018156143980868056
RNU6-516P,0.0018155888343397938
RP11-459F1.2,0.0018155017286942624
FAM74A6,0.0018154826616090729
EEPD1,0.0018154536101022026
RP11-301M17.1,0.0018154412717685943
RP11-172H24.4,0.0018153031117002863
RP11-95H3.1,0.0018153005100002108
Y_RNA,0.0018150233822654183
TAS2R39,0.001814896797998679
GNAI3,0.0018148934456048598
RPL21,0.0018148830712268027
MCCD1P2,0.0018145496705492235
NUTM2B,0.0018143784691098134
DEPDC7,0.0018141969040545538
SNORA28,0.0018139551670975909
ACTG1P10,0.0018137346155722366
RP11-280H21.1,0.0018136916787247544
MT1HL1,0.0018136656941609027
RP11-173P15.10,0.0018135667869369132
RP11-320H14.1,0.0018134517893343132
RP11-701P16.2,0.001813263076799666
AC091180.1,0.0018132487739304444
RBM19,0.0018129661853557087
RP11-259P20.1,0.0018128710054057598
RNU7-160P,0.0018124251964691325
OR12D2,0.0018123170372196322
ROS1,0.0018122367211021542
RP11-305P14.1,0.0018122157105856136
RP11-460I13.2,0.0018121577411336458
LINC00863,0.001811922542472352
SLC20A2,0.001811916712563302
CARHSP1,0.0018118903816824504
SNX18P2,0.0018118229774177123
LSM2,0.0018110524825084553
HIST1H2BM,0.0018109700783718035
OR5BK1P,0.001810757482130464
RP11-35J10.7,0.0018101476611457272
LINC00639,0.0018099188612065772
RP11-285A18.2,0.0018098822773260246
OR13C2,0.001809746700885672
RP11-260N14.1,0.0018095919733016328
STK4-AS1,0.0018090253028160105
RP5-1039K5.13,0.0018088525695874435
LYZL1,0.0018085692576321503
KRTAP10-2,0.0018079730928571688
C11orf98,0.001807908707808319
RP11-212I21.3,0.0018078295244141709
RP11-771K4.1,0.0018077021797992
AC004076.5,0.0018076516879048687
CTD-2083E4.4,0.0018070058464233491
CDKN2B-AS,0.0018069576366618223
AC004009.2,0.0018064426894537995
RP1-65J11.5,0.0018059143445381173
CYB561D2,0.0018059029926222635
H3F3AP6,0.001805823202074644
AC012506.4,0.0018053488019729794
RP11-474N24.6,0.0018050363876867333
AC090505.5,0.0018049728799238907
CTD-2349P21.1,0.0018044894450237612
KLF1,0.0018044094856764096
RPL23AP57,0.0018042275695908262
PRR29,0.0018039342422486826
OXT,0.0018038340531893683
CTC-459F4.5,0.0018032969563347072
RP11-181K12.1,0.0018030632998742278
RP11-84C10.1,0.0018027406754262127
RN7SKP249,0.0018024576362543538
ROPN1L-AS1,0.0018023947071556066
CTD-2319I12.4,0.0018023638984252235
CTD-3239E11.2,0.0018022310040591149
VRK3,0.0018019875527910754
WBP11,0.0018019752394520328
RPL17P50,0.0018016882202284749
RP11-453E17.3,0.001801353626060056
RP3-412A9.15,0.0018012617402622633
PTGES3P1,0.001801188806526704
RP4-784A16.5,0.0018008554280921703
RP11-541P9.3,0.0018008333532467673
RP11-259P6.3,0.0018008019113035273
DEFB1,0.0018007179716177646
TRBV5-5,0.0018005850567605964
CTA-390C10.9,0.0018004928801282798
RP11-627D16.1,0.0018004555867054282
CCDC92,0.00180038231291888
RTP4,0.0018003426210790225
NFE2L3,0.0018003202305560306
ARHGAP42P2,0.0018002974893553336
AC113188.2,0.0018001759776452594
LINC00632,0.0017998581789625974
TMA16P1,0.0017997385666092434
RP11-1166P10.1,0.001799706807981165
RP11-268G13.1,0.0017994363555094515
MIR1286,0.0017991011464130262
RP11-429J17.7,0.001798724309388616
PFN1P9,0.001798520647197024
SLC25A15P5,0.00179848055042598
EEF1A1P4,0.0017982910805206189
MIR548I1,0.0017981063191242095
ARMC1,0.0017980480105725108
RP13-467H17.1,0.0017978803343509167
RP11-212D19.5,0.0017978360306078235
CASK-AS1,0.0017971506863332252
LRRC66,0.0017971267202046561
RP11-510I21.1,0.0017967306180502064
ADGRF2,0.0017960497483666136
PHBP18,0.0017958661665423254
C5orf66,0.001795589210993006
KB-1208A12.3,0.0017950281194838544
RP11-527L4.6,0.0017943424133362112
TRIM42,0.0017943143752558004
UPF3AP3,0.0017940881410333086
EIF4BP2,0.001794022108774859
POMK,0.001793534099985213
CTD-2515H24.4,0.0017934058154359287
RP11-401P9.7,0.0017933799515931117
MTND4P16,0.0017933724656992948
RGS2,0.0017933458946601088
RP11-109M17.2,0.001793181445243697
RP1-199J3.5,0.0017931682411626037
RP11-297D21.2,0.0017928856011312797
LINC00958,0.0017924494277932012
AC142119.1,0.0017922843641015027
CENPB,0.0017912421626410729
FRMD7,0.0017911742346413265
AP000439.1,0.0017905954606349337
RNASEH1,0.001790030789409251
RP11-669C19.1,0.0017898162462326851
BAZ1A,0.001789718509409625
FGFBP3,0.0017896142287123222
RNU1-16P,0.001789441252488812
ABCD1P4,0.00178907463517801
RP11-244K5.6,0.0017886218498666861
RP11-9L18.3,0.0017885093714480147
RP11-374M1.4,0.0017881531314106567
Metazoa_SRP,0.0017879820267158416
RP11-697E2.11,0.0017879497125776191
RPL30P2,0.0017878522871331004
RP11-135D11.2,0.0017877808260910479
EEF1A1P36,0.0017877263805458263
RP11-85K15.3,0.0017876089121739093
TRDC,0.0017875689761245649
LA16c-349E10.1,0.0017872973316561257
AC017060.1,0.0017865621711574413
LINC01028,0.001786126259253807
RP5-999L4.2,0.0017860533951381838
RPL7AP7,0.00178598550443176
CTD-2002H8.2,0.001785572421612897
CTC-512J12.7,0.001785280633459935
RP11-698F20.3,0.0017852261712701849
SNORA40,0.0017849879138160342
PRR13P4,0.0017847931823935768
RNA5SP194,0.0017847016452359958
PABPC1L2B-AS1,0.0017846901122453454
RPL21P131,0.0017846370980031717
GAPDHP47,0.0017843214076637003
TUBB4A,0.0017840669700876003
C1orf54,0.001784060564078268
RP11-109E24.1,0.0017838867847664198
CKM,0.0017838709866437794
RP11-192H23.6,0.0017835709298456778
NT5DC2,0.0017834747965290898
ITCH-AS1,0.0017833200359994156
NDUFA5P4,0.001783135955968009
SLC10A4,0.0017830165406913163
AP000925.2,0.0017827813664394684
AC000123.2,0.001782165842893865
RP11-90D4.4,0.0017818237309516604
HTR3B,0.0017816868651333144
EIF1AX,0.0017816030367284836
RP11-295P9.6,0.0017815860254651876
RP11-21B23.2,0.0017815783169797456
XXcos-LUCA16.1,0.001781443124580275
SUCLA2P2,0.0017814151000134389
RP11-250H24.2,0.001781233291329036
RP11-299G20.5,0.0017810636875864243
CTD-2318O12.1,0.001781060139148483
AC091878.1,0.0017809090476154767
PRELID3BP11,0.0017806168619005302
RP11-6I2.3,0.0017805725858884977
RP11-77E14.2,0.0017804195440604155
AP000997.2,0.001780074771367303
AC006262.11,0.0017795886386263748
LINC00184,0.0017794224497317988
RN7SL182P,0.0017793512330460937
RP11-568K15.1,0.0017793484955534449
PDYN,0.001779333082323809
CHP2,0.0017791215649630467
RP11-83B20.3,0.0017787163030668187
RP11-1399P15.1,0.0017787094834154878
LA16c-325D7.2,0.0017782656072966585
HCRTR2,0.0017781189270244778
RP11-20I23.13,0.0017779055137728042
SNORD115-11,0.0017777859347299309
CTXN3,0.00177771027861951
SLC25A5,0.0017776390512851236
RP11-4B14.3,0.0017772405181886225
ARRDC4,0.0017770670572858104
RP4-660H19.1,0.0017770469618308149
PRDX2P1,0.0017769395853382416
AC005480.1,0.001776937441573086
RP11-557L19.1,0.0017761735883638692
RP4-655J12.5,0.0017758273809956003
RP11-20G13.2,0.001775353392865406
ONECUT2,0.001775351802767104
RP11-706O15.8,0.0017751927227969866
AL162759.1,0.0017750416731863007
CEND1,0.0017744498169633776
ENPP4,0.0017731830691442446
RP11-115L11.1,0.0017728202465769395
GPR62,0.001772436867523994
RP11-887P2.3,0.0017722961034585996
A4GNT,0.0017721102420903824
NOS2P1,0.0017720588835209807
RP11-347C18.1,0.0017713977162853414
ZEB2-AS1,0.0017711277756620929
RP11-302F12.3,0.001771119716648619
TNFRSF9,0.0017710828820939038
SVIP,0.0017706608405611325
CTD-2085J24.5,0.0017703786570315405
OR13C9,0.0017703376561102478
LINC00158,0.0017697564851712631
CTA-243E7.2,0.001769715565793535
BATF3,0.0017697136267341065
DPM3,0.0017693553248009407
RP11-393I2.4,0.0017690714557567504
AC097713.3,0.0017689835301276321
RPS26P6,0.0017686079313538213
IGHV6-1,0.001768435235877911
SFR1P1,0.0017680450530761175
RP5-1107A17.3,0.0017679735270223693
CIB4,0.0017678761596544954
ZNF816-ZNF321P,0.0017676845798969764
AC034243.1,0.0017676845750506265
RP11-195L15.2,0.0017674689516745912
CH17-437K3.1,0.0017674532936580792
FCER1A,0.0017672029158613588
LYZ,0.0017671600654765433
RP11-473O4.4,0.001767045883738706
RP11-849H4.4,0.0017668336100572517
TMEM14DP,0.001766671374597203
MAGEA8,0.0017666591313697847
GMDS-AS1,0.001766457200086205
ZBTB8B,0.001766360705535065
LL09NC01-139C3.1,0.0017655729071588615
NHLRC4,0.0017652785347192065
RP11-312J18.3,0.001764801349400929
RP11-726G1.1,0.0017647265810431065
RPS2P6,0.0017639956566778013
KCNRG,0.0017638868645350773
RPL17P36,0.0017635910925896546
TCN1,0.0017634330028470603
EML2-AS1,0.001763245091132849
RP11-143H17.1,0.0017631608626948478
RP4-607J2.1,0.00176306553301359
GJD4,0.0017626571177657548
SNCA-AS1,0.0017624504676605833
RPS12P26,0.0017623215056052092
PEBP4,0.0017623110119057749
RP11-175K6.2,0.0017622732620719498
ZCCHC3,0.001762215647782796
LINC00644,0.0017621149628764133
RSL24D1P3,0.0017621116405731887
GPR45,0.0017620959737984906
TPT1P9,0.0017617822110348195
CH507-254M2.5,0.0017612652144656919
RP11-317B17.4,0.001760968279695357
RP11-64C1.1,0.0017608045227273518
RP11-139F4.2,0.0017606739112732857
RP11-174J11.1,0.0017602748807569028
RP11-804A23.2,0.0017601347997292524
RP11-1081M5.1,0.0017598589862156916
MIR7156,0.001759804025369927
RP3-403A15.1,0.0017595610490846942
MIR503,0.0017592002117426913
RP4-545L17.12,0.0017591818263719206
RP11-247A12.1,0.0017588018800166977
TXNL4B,0.0017587987576442893
CTD-2207P18.2,0.0017586889551276987
TMEM109,0.0017586702979522303
HOXD12,0.0017586591429774594
RP11-263I1.1,0.001758023101054
LINC00364,0.0017577355715245745
AB019441.29,0.001757634625195096
NBR2,0.0017574599292617154
AC144838.3,0.0017573958599864652
MIR8058,0.0017570204485940963
RP11-248E9.6,0.0017568450247265077
RP11-622J8.1,0.0017567040542195008
RNU6-390P,0.001756297017404464
TBX21,0.0017558723441759999
DNM3-IT1,0.00175567980761984
ACPT,0.0017554286592922606
RP11-1250I15.2,0.0017547877803165627
RP11-65L3.3,0.0017546226177306108
RP13-49I15.6,0.0017545606612113305
RP11-526K17.2,0.001754261912708823
CTC-400I9.2,0.0017540613782934928
RP11-298D21.1,0.001754039439542226
RP11-753N8.1,0.0017537864668782095
RP11-567O16.1,0.001753719432621771
TWNK,0.0017533317641900948
CLSTN2-AS1,0.001752302659580058
ACTG1P21,0.0017522638171489175
MIR2117HG,0.0017519755532635992
CTC-457L16.1,0.0017519515737159151
RP1-228P16.7,0.0017513278147313941
RP11-214K3.22,0.0017506904607919665
SOCS5P4,0.0017505407475523573
RP5-1119A7.17,0.0017504642873905365
RPS20P32,0.0017500897202195834
AC061961.2,0.001749962388178867
RP11-895M11.2,0.0017499579499106249
RP11-127O4.3,0.0017498675250412583
NSDHL,0.0017497268824393172
CTD-3023L14.2,0.00174968472536804
RP11-352D3.2,0.0017494219084190207
PTP4A1P3,0.0017493080302925187
IFNA21,0.0017492233517014762
NDUFAF4P4,0.0017490122695997738
AC061992.2,0.0017489396385668976
RP11-341B24.3,0.0017486135734196635
EEF1A1P25,0.0017485313623226816
IGHV1-24,0.0017482547420253614
RP5-926E3.1,0.0017480223510415002
HIST1H1D,0.0017479397385868822
LLNLR-304A6.1,0.0017476194199597343
RP11-809O17.1,0.0017474872239454477
MSLNL,0.0017474637254112772
CTD-2015H6.3,0.0017473891461765947
FOXC1,0.0017471842536234824
PCDHGA4,0.0017470072768529118
CTD-2014E2.7,0.0017469446911040634
RPL14P1,0.001746775601380347
SYNJ2BP,0.0017465416658507828
FTH1P12,0.0017463931208811048
RPL13AP3,0.0017462478566129445
CTA-520D8.2,0.0017461691664336276
RP1-199J3.6,0.0017461509793191645
MSANTD2,0.0017460932011644109
KLF7P1,0.0017460871886187817
AC005152.3,0.001746085668568948
RP11-432I13.5,0.0017456679928039445
Y_RNA,0.0017450904412043278
RP11-479J7.2,0.0017450806706440056
Metazoa_SRP,0.0017449362768184708
LINC00323,0.001744681626559547
PPIAL4A,0.0017445524998564957
RNA5SP354,0.00174446280705572
OR5B2,0.0017441618363336242
RPSAP34,0.0017435319178924192
MYBPC2,0.0017431188309374533
LINC01126,0.0017429892430350505
CNIH3,0.0017428656413087937
ZNF594,0.001742826692935093
RP5-1027O11.1,0.0017428102247982837
VWC2L-IT1,0.0017424769796245644
RP11-677M14.5,0.001742184068455628
RP11-178C3.2,0.0017420424561384235
SLED1,0.001741896209449444
HIST1H4E,0.0017417022888754313
RP11-169L17.5,0.0017414120640453909
AC013472.4,0.0017408064013544671
UBAC2-AS1,0.0017408058241341184
LINC00977,0.0017407235992410875
SNORA37,0.0017405447036909865
TMEM187,0.0017405430602113181
RP11-268F1.3,0.0017404658585129748
RP13-884E18.2,0.001740323970160636
SNX2,0.0017402440199284842
RP11-6N17.1,0.001740170553675967
COPS9,0.0017401529366609608
NDUFB4,0.001740132735525599
C11orf1,0.0017399287639260066
DHRS12,0.00173947357201558
RP13-314C10.5,0.0017394174433143779
SLC25A30-AS1,0.0017394038336971502
AC079781.8,0.0017392151560261793
CTB-33O18.3,0.0017392038865432383
RP11-281B1.2,0.001739181345462848
AGBL1,0.001739117621322129
RP11-69L16.3,0.0017389421696162434
RP11-498C9.15,0.0017387428482437371
AC013429.5,0.0017387364429130748
TACR1,0.0017383411047901464
CTB-131K11.1,0.0017383155109152594
APOC4-APOC2,0.0017381967693586794
RN7SL666P,0.0017381293262025233
Metazoa_SRP,0.0017379856458937062
TXNP4,0.0017378208718578003
CTD-2267D19.4,0.0017377534549546598
RP11-264B17.4,0.001737711600246663
RNY1,0.0017375570706947144
RP11-11C20.3,0.0017373309449740485
KRT40,0.0017370798102952932
RPL35AP31,0.0017366611111724667
LLPHP2,0.001736645766493668
CTD-2566J3.1,0.0017365842196460422
RP11-283I3.2,0.0017360146786889296
RNU6-86P,0.0017356934984085364
RPS20,0.0017356702510338442
ACTG1P1,0.0017354694341157318
FNTAP2,0.0017353964999410048
RNU7-123P,0.00173526220974647
TBX2-AS1,0.001734959461844384
LIN52,0.0017347227762093524
RP11-18H7.1,0.0017345382974970275
MTATP8P1,0.0017344691061851303
MTCO1P55,0.0017343780031895961
RP11-561O23.7,0.00173435886360708
RP11-713C19.2,0.0017341210627062106
RP11-119H12.3,0.0017341081919929613
SAMM50P1,0.001733985374712268
C11orf86,0.0017337656544577657
RPL9P9,0.0017331157358143469
AC005954.3,0.0017328185102726738
RPS26P15,0.0017327708710922693
AC005522.6,0.0017326263201749275
ETF1P1,0.001732604259473525
Y_RNA,0.0017321639617446408
RP5-1065J22.2,0.0017321520273169838
AC004076.7,0.0017318596029211382
STXBP5-AS1,0.0017315602105045997
CFB,0.0017315391070656504
RP11-799M12.2,0.001731437329360865
RP11-855O10.2,0.0017310484719424252
L1TD1,0.0017302710600515714
MIR6819,0.0017300283097836098
AC068492.1,0.0017300264677501686
RP1-28O10.1,0.0017298460788579915
RN7SL668P,0.0017297185575329511
TRAV24,0.00172965353868444
Metazoa_SRP,0.001729595440594117
EFCAB14-AS1,0.0017293845022625977
GPC6-AS1,0.0017292866234724102
CD163L1,0.0017290163190134269
CRABP2,0.0017287414129220219
RP11-463I20.2,0.0017286940133470938
ASPHD1,0.0017283330861877714
RN7SL370P,0.0017280710733961519
CTD-2647L4.4,0.0017279110520801218
MIR124-2,0.001727000695437412
RP11-76C10.4,0.0017268259902576712
RPS24P6,0.0017260894101178818
RP11-932O9.10,0.0017258054302189392
CTD-2368P22.1,0.0017256287502973777
LINC01337,0.0017255305298494454
RP11-834C11.4,0.0017250702468855357
EIF3FP3,0.0017249839679949438
AC005609.16,0.0017244079177746038
SMARCC1,0.001724372807918603
CH17-472G23.4,0.0017240384740419411
RNU7-141P,0.0017238708209923452
RNF115,0.0017238519878503304
OR13I1P,0.0017237081620795748
KLHDC1,0.001723694832233093
RP11-844P9.5,0.0017236126030566348
RP11-707P17.2,0.001723488861488638
SLC9A7,0.0017232827657225796
RP11-697E2.6,0.00172324228665286
AC009480.3,0.0017232405121092793
RP11-95G17.2,0.0017230228962689033
CRIPAK,0.0017229304029705882
FOXE1,0.0017226982484221834
RP11-20I20.4,0.0017225129298162512
RP11-185E8.1,0.0017220892284462417
RP11-290D2.3,0.0017220704140931983
RP11-304F15.3,0.0017218925247556207
CAMK2N2,0.0017214054307413326
OLA1P3,0.0017213755626405288
MAGI2-AS2,0.0017210446473906963
AC005754.7,0.0017206870970750698
Y_RNA,0.0017206543828585186
AC004980.9,0.001720650851495647
RP11-454P7.3,0.0017205814032912293
DDX10,0.0017205131397988866
RP11-23I7.1,0.0017204585176517615
AC124861.1,0.0017194023181081378
PTMAP1,0.0017191814345143806
RNU2-68P,0.00171908870199002
TRIM31,0.001718172488412757
CABP5,0.0017171928144127015
uc_338,0.001717154140763463
GAS2L2,0.0017170876197046606
TNFRSF13C,0.0017169568940145982
RP13-685P2.7,0.0017168523120680843
LRCOL1,0.0017167515236518145
RPL21P134,0.0017165401859412922
RNU6-476P,0.001716377949163729
U82695.9,0.0017163723550091485
FLVCR2,0.0017161592831988412
RP11-547D24.1,0.0017155654343278366
MIR4319,0.0017154946110224823
LRRC73,0.0017154540466098015
ADAMTS5,0.0017153242966107957
AP001610.5,0.0017148715857732944
RP5-1085F17.3,0.0017148326149944958
RP11-173C1.1,0.001714181161353926
TRBV4-2,0.001714076642561816
OR7E100P,0.001713821234118173
EHD4-AS1,0.0017136589915336588
PCDHA2,0.0017136572169773635
RP11-252M21.6,0.001713628042724651
SNORA42,0.0017133006325268931
OR8Q1P,0.0017132270041207162
RP11-478B9.1,0.0017131103553365977
PALM2,0.0017130619313762362
MT-TV,0.0017128654014151614
MBL2,0.0017124240531478055
RHOT1P2,0.001712367627042451
CTD-2024P10.2,0.0017123038800944093
RP11-455G16.1,0.0017116529380606402
AC005785.2,0.0017116382052672877
RAB3B,0.0017111463796423893
NRTN,0.0017111189021747114
CTC-360P9.4,0.0017111144249738872
AC010761.8,0.0017108556195455087
CLEC1A,0.0017107220591798297
RNA5SP245,0.00171060832120712
AC092755.4,0.0017105841224869117
RP11-90P5.2,0.0017105424405193617
TRIM60P18,0.0017102273363945842
SLC25A1P1,0.0017100994519580245
RP11-326L2.1,0.0017099212563767127
RP11-93I21.3,0.0017096023130836492
RP11-883A18.3,0.0017093650483285248
RP11-388M20.1,0.00170914124501741
RP11-803D5.4,0.001708774271246995
E2F3-IT1,0.0017086449732518646
LINC01221,0.001708321214428958
SETP11,0.0017083150285348745
PLIN2,0.0017074242935969466
RP11-51J9.5,0.0017074130102366308
SFPQ,0.0017074050990826006
LMTK2,0.0017070483525897934
AC000089.3,0.0017069666785919752
UBE2F-SCLY,0.001706950046866245
CTB-161M19.4,0.0017069044132695709
C18orf15,0.001706756728694506
SPANXB1,0.0017064191527381351
FTH1P8,0.001705664593407914
MAGEB2,0.0017056339085096647
RP1-56K13.5,0.0017048877337691932
RP11-397C12.1,0.001704747492840956
NCBP2L,0.0017045302683246775
MIR1251,0.001704244680995626
RP11-131K5.2,0.0017038757709179784
RP11-244O19.1,0.0017038320108889384
RN7SL204P,0.001703701532526434
TEPSIN,0.001703584801344922
AC018890.6,0.001703418396305861
DUTP7,0.0017032739978348973
ANP32D,0.0017028933927300237
RP11-563E2.2,0.0017027397349718366
RP11-659P15.2,0.0017022712176294871
KCNA7,0.001702122884611294
RPL21P11,0.0017020822443559508
RP11-756P10.5,0.0017018498078845326
ITIH1,0.0017013953813497893
RPL7P38,0.0017013449201389076
RP11-348H3.5,0.0017010794708027886
ZNF391,0.0017008654889222384
RP11-769N19.2,0.0017005920065709787
UBR5-AS1,0.0017005342506798112
MIR3115,0.0017003747721625784
RP11-434D2.2,0.0017003710273189613
RPS4XP23,0.0017003379738501096
RP11-287D1.3,0.0017002392398165688
RPL27AP,0.0016999742297223036
HLA-B,0.001699752953791165
RP11-494M8.4,0.0016994542355818518
IPO9,0.0016993602093639572
COX6B1P3,0.0016991863603379456
TCF23,0.0016989329102289976
HIBADH,0.001698782647139133
RPS2P35,0.0016983513140652838
HMGB3P32,0.0016982378248824146
ANP32AP1,0.001698228758670137
LINC00622,0.0016978248163196578
MIR4488,0.0016973717876023508
GAPDHP76,0.0016973626731758636
KRT8P50,0.0016973476776512802
SNRPD1,0.0016970779442589065
RP11-775C24.3,0.0016969444866574849
ZNF281,0.001696492550742723
MT-TL1,0.0016961560274365737
RNU6-808P,0.001696144049332295
KRT18P55,0.0016956504329804234
RP11-338K17.5,0.0016951186468072835
CACNG5,0.0016947492631375844
CICP4,0.0016946759675126445
Y_RNA,0.001694446791987272
GS1-542M4.3,0.001693751491980402
MIR4755,0.0016936745427078381
RP11-38G5.4,0.0016930465679410663
FASTKD5,0.0016928048307687479
RP5-882C2.2,0.0016927529789869152
Y_RNA,0.001692695987256389
LINC00520,0.0016923926036441772
KLHL23,0.0016919461277221078
IFNA20P,0.0016918519869904977
RNA5SP40,0.001691700322395264
RNU6-1085P,0.0016915285723047278
FGF13-AS1,0.0016914527169131584
RP11-290F24.6,0.0016913682577905996
RP5-1107A17.4,0.0016912450852878964
AP000354.2,0.001691186219451861
NR0B2,0.0016911848821507354
NPIPA8,0.0016908298792443841
RP11-626G11.6,0.001690709617521674
FAM86LP,0.0016907084787004928
U82670.9,0.0016904389031521933
KRTAP10-5,0.0016901045285564861
CTC-490E21.13,0.0016897594284089963
RP1-78B3.1,0.0016896095581100106
RP11-496I2.5,0.001689541267307808
CTD-2576D5.1,0.001689472728708314
RP3-446N13.5,0.0016893524164590867
RP11-179B2.2,0.0016893461711658302
CCRL2,0.0016890738528173243
USP17L2,0.0016887546596336062
SNORD60,0.001688545529559331
IFNL4P1,0.001688448462086428
RP4-673D20.4,0.0016882205399895698
CTD-2588C8.8,0.0016878197414872717
MIR576,0.0016877621902753567
LINC01429,0.0016875025691868717
AL691477.1,0.0016872362331497393
RP11-759L5.2,0.0016869098191388994
PSMA6,0.0016868502050301913
RP11-709D24.8,0.0016867599393212876
COPZ1,0.001686425536808836
RP11-517P14.2,0.0016863208297965282
SSTR3,0.0016862116157639994
RP11-446H18.1,0.0016860628943991974
RP11-135M8__A.1,0.001685875373649763
AC073133.2,0.0016855975604009952
SNORA74,0.0016855433193403745
RP11-513D5.2,0.0016855048732590026
RP11-44M6.1,0.0016854382502828106
ACACA,0.0016849130558741518
RP11-517O13.1,0.0016843097802378124
KRT18P11,0.0016842925147340178
RP11-150O12.4,0.0016836685568742593
FAM47DP,0.0016833376454255967
MIR17HG,0.0016831835947669009
RPS7P15,0.0016831400314413923
VN2R1P,0.0016827971199621836
PIP4K2B,0.001682569418763189
RP11-295M18.6,0.001682454212541097
RP11-567O18.1,0.0016823843045509581
RPL23AP48,0.0016822772715315586
RP11-1C8.4,0.0016818507299990457
RP11-20I23.1,0.001681840216904088
RP11-474D1.3,0.0016815008273961438
CLYBL-AS2,0.0016814108857060109
MTCO3P29,0.0016808777355408755
ZNF528-AS1,0.0016808738870220789
AC114730.11,0.0016808280706203278
ABHD17AP4,0.0016807954432263945
CASC10,0.00168069222726638
CTD-2349P21.7,0.0016806677691715592
RP11-42O15.2,0.0016806497414774693
RPL23AP65,0.0016801535851594489
ZNRF2P2,0.0016797184023039848
OR2C3,0.0016795208122663372
RP11-96D1.3,0.0016793564598844956
AC013402.5,0.0016788920229134606
IGFL2,0.0016782602527368085
IGLV1-40,0.0016782187252988314
RPL3L,0.0016782025059390924
KRTAP4-1,0.0016781177938196507
CTD-2621I17.8,0.0016780292243243078
LA16c-329F2.2,0.0016775762336688038
RP11-151H2.3,0.0016772619055544866
RP11-116B13.1,0.0016772065761280117
RP11-295G24.5,0.0016771403408376226
SND1,0.0016768254780368805
STK38,0.001676525912850751
RP11-849N15.3,0.0016763387295221197
CADM3-AS1,0.0016762953344376308
RP11-983C2.1,0.0016761075974754628
RP11-631F7.1,0.0016758794383972015
NMB,0.001675843148184482
RP11-50D9.3,0.0016757106158629283
ADIPOQ,0.0016756377994466241
MIR331,0.0016755439001567786
UCHL1-AS1,0.0016753099976289359
RNY1P4,0.0016752729439248255
RP11-131L12.2,0.0016750021464102685
GS1-184P14.2,0.0016749271637840472
FOSL1,0.001674872304571157
ICAM2,0.0016739002856009807
RP11-734K21.2,0.0016738762858986489
RP11-403P14.1,0.0016735619500165791
RP11-325O24.1,0.0016734290130741621
RP13-1039J1.4,0.001673410343096186
H2AFX,0.0016731652000896208
RP11-380I10.4,0.0016730131225727765
LSINCT5,0.001672869940792502
RP11-332K15.1,0.0016725599416957157
RP11-98J23.2,0.0016725543294130339
CAP2P1,0.0016718708582020056
BTBD17,0.0016718048029506535
OR13C1P,0.00167172308173449
XXbac-BPG32J3.20,0.0016716164851712158
RP11-521H3.3,0.0016709239312859105
AUNIP,0.0016702176896589217
RP11-89N17.4,0.0016701394254527075
GK-AS1,0.0016701107907268128
RP11-115H18.1,0.001670042867344044
RP11-843P14.2,0.001669667858195603
RP11-6J21.2,0.0016692346195946372
Y_RNA,0.0016690034201840844
RP11-203L2.3,0.001668858592915602
RP13-580F15.2,0.001668787661016097
EBLN2,0.0016686472929048626
ALG13,0.001668344822871023
PEX11A,0.0016682737233770252
ISOC2,0.001668021987183108
C1orf100,0.001667754553378771
RP11-243M5.3,0.00166770231997784
RP11-3L10.3,0.001667679133948496
CTD-2309O5.3,0.0016674892547992332
RP11-67K19.3,0.0016673487190029775
PHBP5,0.0016673426098431031
AC068831.6,0.001667329875349418
HCG4P7,0.001667051746035041
STMN1P1,0.001666879475059843
DNAJC27-AS1,0.0016666588942708441
LINC00575,0.0016666220626855523
AC078883.4,0.0016662469759432038
MT1M,0.0016660545864076472
RP5-906C1.1,0.001665972037126232
RP5-934G17.6,0.0016658656418816879
ALG5,0.0016656966890958003
TUBB1,0.0016656862399467192
CTC-281M20.1,0.0016651300029093099
LL22NC03-2H8.5,0.0016648812996206761
SKA2P1,0.001664864700107145
WDR66,0.0016648500724534665
TMEM242,0.0016647868601970591
AC087430.1,0.0016647002914338795
PNLIPRP2,0.0016646771028476803
RNU6-1025P,0.0016645544789224828
MIR7974,0.00166447973087175
ATP6V0CP3,0.0016643903089109406
RP3-477M7.6,0.0016643573877490666
RP4-644L1.2,0.0016640002781822202
KRT18P13,0.0016639478295940107
HMGB1P21,0.0016636327583831796
RNU6-831P,0.0016634279019235847
CYSLTR1,0.0016632033407485295
AC005740.6,0.0016631623368060535
MYOT,0.0016631160770296267
RP11-363G10.2,0.0016630266269096938
NPM1P27,0.0016628730048700922
RP11-452K20.1,0.001662758085304368
Y_RNA,0.0016625998548268118
RP5-859M6.1,0.0016624532403231673
CDIPT-AS1,0.001662445346587209
FUNDC2P3,0.0016624076317366774
RP11-44F21.3,0.0016623984782862305
AC074011.2,0.0016620078810362384
TRIM51BP,0.0016619315870078978
MICC,0.0016614781149122597
RP13-131K19.1,0.001661370580910473
MRPS14,0.0016611998413885373
RN7SL605P,0.0016607922895106892
RP11-348F1.3,0.0016602729235866858
RP11-132N15.3,0.0016602306764409431
AP000318.2,0.0016601728792311969
AC006160.5,0.001659308916076448
RP11-109P6.2,0.0016589276327368947
ALG1L14P,0.0016587691940911247
UBE2V1P2,0.0016587160181495073
CTD-2267D19.1,0.0016586319212008214
STAM-AS1,0.0016584057857988253
CTD-3096P4.1,0.0016582434599268496
FBXO46,0.0016577720214782838
MRPS6,0.0016572430886870814
AC073415.2,0.0016568013672141045
Y_RNA,0.0016567569136365008
KIAA0907,0.001656732487265464
RP11-158M2.3,0.0016566825406644356
TCEAL3,0.001656428435025505
AC007391.2,0.0016562447826555975
RP11-15A1.8,0.0016560886526549843
RPL34P18,0.0016556302709017532
XXbac-BPGBPG55C20.3,0.0016555140606587064
RNU6-1321P,0.0016551185167762677
MRPL3P1,0.0016549712001744836
JPX,0.0016545927353208557
EEF1A1P5,0.0016545487102107086
CDC5L,0.0016544231134567812
ZNF579,0.0016543690908777209
Y_RNA,0.0016542302185300318
MIR590,0.001654227862568464
B3GNT3,0.0016541198945878846
RP11-167P20.1,0.0016534670114383937
IMPAD1,0.0016533389051312237
RP11-404P21.5,0.0016532755892507032
RAET1E-AS1,0.001653195325425379
RRP36,0.0016530965355225755
RP11-893F2.14,0.001653030676294813
RP11-249C24.10,0.0016528395297212661
HSPE1P2,0.0016527968544910326
KLRC4-KLRK1,0.001652628444176151
WWTR1-AS1,0.001652522795815008
GAPDHP61,0.001652468384909911
RN7SL163P,0.00165246682094348
CTC-559E9.1,0.0016524366074733637
RPL7P48,0.0016522883811268183
RP11-89F3.2,0.0016521663406563875
MIR1273D,0.0016521201253136897
BX842568.1,0.0016520219844931155
RP11-614F17.2,0.001652020334382691
CTD-2033C11.1,0.0016519529099558714
COX4I1P1,0.001651749321172178
RP11-2G1.2,0.001651698562584285
PRR13P5,0.001651210456490829
AC093850.1,0.00165118247315691
BOK-AS1,0.0016511244886473894
RP11-83M16.4,0.0016508718113588693
Y_RNA,0.0016502400837170924
SCGB1B2P,0.0016501150878804722
RNU6-118P,0.0016500960191985902
RP11-744O11.2,0.0016497427515361675
RP11-153F1.1,0.001649727368112846
RP4-595K12.2,0.0016496104849064194
TRPC5,0.0016495902210020366
RP11-432J3.4,0.0016492758198539397
RP11-370A5.1,0.0016492242493889183
AC009518.4,0.0016490175328715306
SNORA27,0.0016490164884267098
KRT6C,0.0016488309699992578
RP11-1081M5.2,0.0016488302598321972
AC006159.5,0.001648738106734051
TNFRSF10D,0.0016486430002648493
RP11-66B24.4,0.0016485550817919676
RRH,0.0016482084361872853
CR1,0.0016480109668358671
GINS2,0.001648006163905455
HM13-IT1,0.001647833034905142
NANOS3,0.0016474539113862016
CTD-3064M3.4,0.0016473317109330689
AC024060.1,0.0016470822588117047
RP11-70C1.3,0.0016465885775932276
POT1-AS1,0.001645637066449052
BTBD10,0.0016455171372344738
CYP2A6,0.0016454462613187308
RP11-184B22.2,0.0016454348811249192
UQCRHP1,0.00164539643333074
RP1-59D14.8,0.0016452446713266654
IFT74-AS1,0.0016448833790887079
MOB3B,0.0016447447573197033
FAM180A,0.0016445645090107847
RP11-394I13.1,0.0016443515912267922
RP11-166B2.8,0.0016438445496163691
RP11-691H4.3,0.001642910792341135
NONOP2,0.0016428874859247722
RP11-163G10.2,0.001642762307786651
AP001187.11,0.0016424525783607213
PDE6H,0.0016423632958024422
PCDHB6,0.001642117306972202
RP11-361D15.2,0.0016420400170141785
RP11-64C12.3,0.0016417845497281828
VHLL,0.0016415873792103054
RP11-262M14.2,0.0016415863381759434
ADGRD2,0.0016412358498231433
RP5-1067M6.3,0.0016410273103220371
RP11-797M17.1,0.001640832925551864
ZNF550,0.0016406507246041879
TAF5L,0.0016405374315202233
MORC1,0.001640521043747249
RP11-244H3.1,0.0016405017099634198
RP11-679B17.2,0.0016403237282542084
NACC1,0.0016402572016212915
MIR1224,0.0016400082403545888
LINC01268,0.001639579494278914
RN7SL239P,0.0016394830263999338
RP11-732A21.2,0.0016394734782086504
FAM90A26,0.0016391080830233952
RP11-386I14.3,0.0016384126190761236
DDX51,0.001638125804747316
RP11-589M4.4,0.0016380542970709136
AC016909.2,0.0016376062630715433
RPPH1,0.0016374731565331627
NANP,0.001636911880246703
RP11-407N17.4,0.001636848371753431
RP11-6N17.9,0.001636781801423652
CTD-2037L6.2,0.001636694702277794
ANXA8L1,0.0016359944519904826
Y_RNA,0.0016358652526068927
EIF4EP3,0.0016357433975468358
CTC-503J8.4,0.0016356159288827621
LINC01297,0.00163533401016798
RP11-297J22.1,0.0016351990586737938
ACBD3,0.0016346584695592521
PRKAA2,0.001634606174419352
GAS5,0.0016343803203246851
RP11-554E23.4,0.0016341496316088036
SETP2,0.0016341401136038024
EVA1B,0.0016337329794195493
RN7SL285P,0.0016337001585162204
C2orf27AP1,0.0016336959358364757
LIPH,0.0016336229520976535
MIR548AR,0.0016335968105862895
GS1-257G1.1,0.0016335820062251217
PARP4,0.0016333015038233686
RP11-2H3.7,0.00163325122283158
EIF4A1P10,0.0016332048146814374
CTC-347C20.2,0.0016331423273084522
ANXA2R,0.0016330250237003646
RP11-526I8.2,0.001632861675811388
RP11-90K6.1,0.0016328006507110835
RP11-391L3.5,0.001632576905556606
NAALADL2-AS2,0.001632559663461238
RP11-571M6.15,0.0016325589431594421
RP11-533F5.2,0.001632529640552802
RP11-390F4.6,0.0016324723621038409
RP11-308N19.3,0.001632455246553936
PTGES3L,0.0016323501904502626
RP1-251M9.3,0.0016322387102420395
RP11-392P7.1,0.0016322142681399364
RPL6P2,0.0016321836195216809
SH3GL1,0.001632005422055271
RP1-253P7.4,0.0016319819622990484
LRRC3,0.0016311238193800809
AC011406.2,0.0016307539093609587
NEFL,0.001630198903755213
DEAR,0.0016301248160570244
KB-1043D8.8,0.0016298962718186572
RP11-148B3.1,0.0016296076922706205
BMS1P11,0.0016295791042937502
RPL18AP16,0.001629546805364178
AC008759.1,0.0016293596515009887
SSTR5,0.0016293205363745553
RP11-210N13.1,0.0016291955374291378
TMEM78,0.001628979344580186
DUSP7,0.0016289719739214057
RPL12P11,0.0016287629811585094
RFTN2,0.001628616693265037
RP11-216L13.19,0.0016285389122430002
RP11-387A1.5,0.0016284482506351526
BBOX1-AS1,0.0016284218282455703
EIF4A3,0.0016280993190083042
RP11-29H23.7,0.001627980601354935
RP11-1079H9.1,0.0016278830859050026
ADRA2B,0.0016277950610324471
ZNF253,0.0016277044515174003
RP11-480D4.5,0.0016272483110145255
GS1-124K5.9,0.001627018352888215
RP1-52D1.1,0.001626938203140444
ATP5F1P3,0.001626917598826185
GCN1,0.0016268964155192619
HERC5,0.0016265509181257098
RP11-831A10.2,0.0016263313437554147
ATP5A1P2,0.0016262715365509854
MIR1271,0.0016261575082833102
RP11-218M22.2,0.0016259627215840257
RP11-787I22.3,0.0016259608108570112
FAM86MP,0.0016257446946727912
RP11-968A15.2,0.001625582609035252
EEF1A1P8,0.0016254154339776592
C10orf71-AS1,0.0016252934518413947
CTC-525D6.2,0.0016248530455189095
SEPT7P6,0.0016246147766734629
RP11-673E1.3,0.0016243858968880674
WBP2P1,0.0016240766168042781
RP11-21C4.1,0.0016239821346250636
KRBOX1,0.0016238220287563892
DDX47,0.0016237435978908588
FMR1-IT1,0.001623721840960227
MIS18A-AS1,0.0016232395124082138
RPS26P45,0.0016230986343104372
MIR29A,0.0016229924386145988
RNU2-14P,0.0016225668138021554
AC226119.4,0.0016224754845547463
Y_RNA,0.0016223614103841697
APOBR,0.0016222981446634148
RP3-512E2.2,0.001622198492681228
GOLGA2P9,0.0016220120068729377
RP11-567C20.2,0.0016214314689169617
RP11-356C4.3,0.001621372887847799
RNA5SP317,0.0016213586450580084
XXyac-YM21GA2.7,0.001620502400931819
OGFOD1P1,0.0016203848127616279
CTD-2197I11.1,0.0016203432932750564
RP11-1028N23.4,0.0016201982612976
PPP5D1,0.0016201171835657274
RP11-74C3.1,0.0016198201904612226
CTD-2620I22.1,0.001619666408192485
ARL5AP3,0.0016195273144392467
HSPE1P14,0.0016194113706644677
RP11-76C10.5,0.0016193216613010165
PRDX3P1,0.0016191160471737867
TAS2R50,0.0016191068247987002
HIST2H2AC,0.0016189409942401999
Y_RNA,0.0016189255607837844
ASS1P1,0.0016187243596199733
AC002398.9,0.0016186476710951922
RP11-36C20.1,0.0016184566921043843
CTD-2140B24.6,0.0016182182625814228
PAH,0.0016181068381019425
RIBC2,0.0016180283497099443
CTD-2587M23.1,0.0016179731215423623
CTD-3064M3.3,0.0016178825908127448
RP11-8L8.2,0.0016178393826165966
RP11-298J23.8,0.0016178332465364
RP11-26N15.2,0.0016177515057286009
RN7SL672P,0.0016177215982820271
PPP1R14BP2,0.0016176937454590251
MIR8078,0.001617519992184921
ZNF204P,0.0016174271161473153
LRRC37A16P,0.0016173565308788352
LINC01394,0.0016172190497456013
RP1-313L4.4,0.0016171611518808664
FAM166B,0.0016170682138485464
AC005013.5,0.0016168547630050574
LINC00675,0.0016167915442908726
CTC-325H20.7,0.0016163333392990717
COPB2,0.0016161715520957689
ZBTB39,0.0016155067157347584
SMURF1,0.0016154155192899264
MIR4502,0.0016152049126609963
CTD-2005H7.1,0.0016150318474994943
SHANK2-AS1,0.0016147344236659123
HAR1A,0.001614498792407715
CTD-2619J13.8,0.0016140243529827749
MAGEA6,0.0016137496207070479
RN7SL134P,0.0016133342656528115
BCAP31P1,0.0016128838729928116
RP11-254F19.2,0.00161241256520597
NUDT4P1,0.0016123794913800418
AC093616.4,0.0016122425014955277
RN7SL69P,0.0016117798515950489
PIRT,0.0016116248581905322
RP4-576H24.4,0.001611108699719013
GS1-72M22.1,0.0016110944576886194
RP11-43F13.1,0.0016109830666285736
RLIMP1,0.0016108269700960017
RP11-513I15.6,0.001610629999330928
GPR52,0.0016105273484870414
LA16c-425C2.1,0.0016104717307154873
RPL31P61,0.0016104213192758743
AC013264.2,0.0016103353915568564
OR7C1,0.0016100285301938872
RP11-477G18.2,0.0016099780509495228
AC006262.5,0.0016097518132980094
SMKR1,0.0016097095603458053
MIR4428,0.0016094421018303603
RNA5SP163,0.0016091293350183628
CTB-31C7.3,0.0016087839630452585
E2F6P4,0.0016087498182401176
RP3-388E23.2,0.0016087196152669702
KRT75,0.00160849728400661
XXbac-BPG248L24.12,0.0016082643790164778
RP11-80B9.4,0.0016082342833848122
CTD-2145A24.5,0.0016080053785405605
RPS20P24,0.0016079583521178258
RNA5SP323,0.0016074721926747151
RP11-259P15.1,0.0016074599705752307
ARL10,0.0016073538500074723
KNCN,0.0016073003111866048
VN1R35P,0.0016072900410863203
ECEL1P2,0.0016071476260928375
CTD-3154N5.1,0.001606645771180675
GSTA4,0.001606613646914408
COA3,0.0016065982204596767
ATP5G1P5,0.0016065935832789806
C2orf48,0.001606507761550223
RNASE10,0.0016062986322214143
RP11-294O2.1,0.0016060761004366535
FKBP4P1,0.0016059801303430529
RP11-533K11.1,0.0016059524407355252
RP11-326I11.4,0.001605421107007051
RP11-435O5.7,0.0016052503109102944
LINC01378,0.0016049724258667877
RP5-1099C19.2,0.0016049514242743787
GBP4,0.0016044844482372967
RAB40B,0.0016043381476459066
RNU6-574P,0.0016043104097194312
AC007792.1,0.0016037951281843677
PDCD4-AS1,0.001603669993485285
OOSP1P2,0.0016036279760482254
ZNF322,0.0016032791120952964
RP11-203P2.2,0.0016031316643996423
METTL11B,0.0016030899611324109
DNAJA1P4,0.001602975257297481
LINC00581,0.0016026025690906002
RNU6-173P,0.0016025718232984454
PCYT1B-AS1,0.0016025133214490552
CD177,0.0016024496182391146
RP3-467K16.4,0.001602307107660782
ZSWIM2,0.0016017254849824913
RGS9BP,0.0016013345135486802
AC012065.5,0.001601276983842841
XXbac-BPG170G13.32,0.001601274563019277
RP11-582E3.4,0.001600879656907946
LINC00630,0.0016007326303438712
AC096574.4,0.0015999366566130412
RPL30P14,0.0015998392058515516
CTB-161J7.2,0.0015997033759495944
SERPINA3,0.001599646039320073
TAS2R19,0.0015989901465610233
AC004637.1,0.0015986615526060461
TAF9B,0.0015985980719602766
CCL18,0.0015985183185280964
AP000962.2,0.0015984290012958347
AC007365.3,0.0015983790048361753
LINC01260,0.0015980901170141192
RPL7P44,0.0015978485046265205
Y_RNA,0.0015976956075226816
C12orf77,0.0015975034636575606
IGFALS,0.001596899509031237
RP11-1C1.6,0.0015966481913552361
COX7A1,0.001596623004863765
KRT8P42,0.0015965803165431593
ORAOV1P1,0.001596396282386321
RP11-659E9.4,0.00159637967907442
GAS1,0.0015962389303968815
RAD18,0.0015961126655206124
AC000041.8,0.0015960411710430652
AC002463.3,0.001595820289443779
AC100830.3,0.0015957871097593145
C8orf58,0.0015956882290108479
UST,0.001595356612957376
MCCD1,0.0015953173015737757
SCTR,0.0015952012601163955
OR9M1P,0.001595128188176836
LILRP1,0.001595022162366521
IGFL1,0.0015949235567743489
KLHL7-AS1,0.0015949163003495307
THRB-AS1,0.0015948894855788366
RNA5SP434,0.0015945196018147556
DKFZp779M0652,0.0015942385366891443
UBD,0.0015941664222569568
RP11-367J7.4,0.0015941643064758656
RP11-217B7.3,0.0015940809929676347
RPS4XP9,0.0015938588457796667
LINC01481,0.0015938488770347481
RP11-153F5.3,0.0015937650821750665
RP11-197P3.5,0.0015936046601543717
RP11-300J18.1,0.0015935000670872766
TRUB1,0.0015932690932261748
AC097461.4,0.0015931843194777733
AC092687.4,0.001592999497393755
MIRLET7D,0.0015927835334627548
CTD-2517M22.9,0.001592738928075116
RP3-426I6.2,0.00159256556842435
CTC-209H22.3,0.0015924068960612007
RP11-799B12.2,0.001592252456657822
RP11-379F4.1,0.0015915396191418718
VCPIP1,0.0015914840497026205
KIAA1522,0.0015913241612971853
MTCO1P27,0.0015912052452511124
Y_RNA,0.0015910892841537298
BIN2P1,0.0015909291790292292
RP11-367J11.3,0.0015908537819763295
RP4-555D20.3,0.0015908005094421595
RP11-622A1.1,0.001590576017545787
CDKN2B-AS1,0.0015903216899293908
RP11-700H6.1,0.001590154260746107
RP1-240B8.3,0.0015893381629773038
TSPEAR-AS1,0.0015891647661093926
CTC-344H19.6,0.0015889735829127103
RPL23AP96,0.0015887498047261104
CTD-3030D20.1,0.0015887248440495118
RP11-12D5.5,0.001588491129080159
SNORD3A,0.0015884785140808742
RP11-964E11.2,0.001588117907627928
KRT8P20,0.001588046561274354
STOX2,0.0015880094107839924
RNA5SP357,0.0015876966505416765
LINC00336,0.0015870820321837802
SKINT1L,0.001587001158654438
AL450226.2,0.0015869669503251465
RP11-17M16.2,0.0015866114920530916
Metazoa_SRP,0.001586420169420721
FGF16,0.0015862146731419366
SH3RF3-AS1,0.0015861599124539336
TEKT5,0.0015860664567039346
MIR6796,0.001585539260404215
AC005197.2,0.001585167973365536
RP11-597D13.2,0.0015851110220277288
LINC00970,0.0015849159291256177
ARHGAP8,0.0015848951756319326
RPS26,0.0015848821808242689
KHDC1P1,0.0015847541547676777
RP11-523L1.2,0.0015845679706167166
RP11-269F20.1,0.0015844556289080242
RP11-293G6__B.8,0.001584370470083185
RPL7P50,0.0015840287743798423
BACH1-AS1,0.001583886889672098
C18orf25,0.0015838415564376704
RP1-168L15.5,0.0015837879077444219
GAS6-AS2,0.0015837734588669522
RP1-288M22.1,0.0015835083667900952
RP11-286N22.14,0.0015834520474238944
FZD10-AS1,0.001583351782608049
RPL23AP12,0.0015832973835358743
AC112198.1,0.0015824694172109047
CTD-2350J17.1,0.0015820951628735616
RP11-619L12.4,0.0015820748234182953
TMEM223,0.0015820691683043162
C1orf132,0.0015820626888022893
CTD-3092A11.1,0.0015814255240382557
RNY4P13,0.0015810935551547657
PCAT19,0.001580955117405333
PPIAP20,0.0015802560709534982
RP1-118J21.25,0.00157980772109609
RP11-466A19.7,0.0015796540532956292
RP11-494O16.4,0.0015795819440706006
MIR326,0.0015793919962989566
RPL38P4,0.0015793027438998257
RP11-708L7.7,0.0015792560586074353
EIF3E,0.0015790310415220935
ATP5BP1,0.0015788720680576457
RP11-74D7.1,0.0015785320158475452
RPL5P5,0.0015782066778545394
SETP20,0.0015781332096994499
SYNJ2-IT1,0.001578026066680793
CYP46A1,0.001577964574684361
CTB-147C22.3,0.0015778997977679765
RP11-480D4.4,0.0015778984263184715
CTD-2308N23.2,0.0015776830264278327
C9orf163,0.001577560058716853
RP11-556H2.2,0.0015772874186276013
RP11-252I13.2,0.0015770282677699116
NPM1P19,0.001576858459739026
RP1-41C23.4,0.0015768265633988
STN1,0.001576432900031542
RPL21P71,0.0015764124793591137
HRASLS2,0.0015762706345573442
KCCAT211,0.001576020284928409
DPPA5P4,0.0015758583508761613
RP4-655C5.9,0.0015758248374271773
ACP5,0.0015756084533237015
SUMO1P1,0.001575512656330859
PRAC2,0.0015753335842119995
MAGI1-AS1,0.001575037536352663
SBK3,0.001574913698580431
AC106869.2,0.001574725988880634
RP11-360O19.5,0.001574408447052562
RPL5P23,0.0015742667083903622
AC104978.1,0.0015742320004852263
RP11-59D5__B.2,0.0015742020003103316
RPL7P41,0.0015741494353705364
LA16c-380H5.1,0.0015738870247402005
RP11-1080G15.2,0.0015735708574296208
RPS29P8,0.0015734134962566368
NFAM1,0.0015731663985377657
OGFRL1,0.001573153885164806
RP5-1068E13.7,0.0015730982259511725
SNORA12,0.0015727509565906413
AC135048.13,0.0015727479436274318
CTD-2553C6.1,0.0015725987325155915
LINC00649,0.0015724441853081671
CCNI,0.0015723737050595626
CTB-11I22.1,0.0015718281961695257
AGAP6,0.001571799674830608
RP11-378A13.1,0.00157175836870393
AC099754.1,0.0015716843397009972
B4GAT1,0.0015713878314967899
RP11-810P12.7,0.0015712815912329308
CTD-2017C7.3,0.00157122317900265
AC008641.1,0.0015710307359986962
METTL7B,0.0015702560848467931
MMP12,0.0015701000206683698
PCNPP5,0.0015700158339609345
FAM228B,0.0015699108869069458
AC005077.14,0.0015698464463716568
RP11-98F14.11,0.0015697096701193028
RP11-455I9.1,0.0015694982285714906
SVOP,0.0015690660308515987
RP11-167B3.2,0.0015686756563207398
UBE2D3P3,0.0015685448968470721
TMEM35A,0.0015685021184599188
Z84721.4,0.0015682759520543133
PRICKLE2-AS1,0.0015682063293697031
SP9,0.0015681029899695389
RP3-525L6.2,0.0015677974356324597
CTD-2532D12.5,0.0015675806510692602
RP11-569G13.3,0.001567438350082584
C3orf38,0.001566826467707004
RP13-942N8.1,0.001566701406119657
SNX19P3,0.0015665063403193966
NTN3,0.0015661803799624434
AL022345.7,0.0015658077409672704
RP11-87E22.1,0.0015656770887640312
PSG11,0.0015653168251884616
INSM2,0.0015651717520451139
LINC01235,0.001564511426341124
FAM210B,0.0015639998230428816
AC096669.1,0.00156395741103098
IFI27L2,0.001563890738523001
RP1-234P15.4,0.0015638261342099976
SAMHD1,0.0015636565956377545
RP11-397O4.1,0.0015635978550820422
RP11-175G14.2,0.0015634964390009657
RP11-171G2.1,0.0015634840459422881
RP11-731D1.4,0.0015630994560939554
LHX5-AS1,0.001562876979661556
FSIP2-AS1,0.001562786494630961
LINC01252,0.0015625636637633107
RN7SL268P,0.0015625343444850054
SMAD5-AS1,0.0015622833928776035
DCLRE1B,0.0015622606791310769
HMGB1P5,0.0015619687713170868
RP11-826N14.4,0.0015619045570627282
RP11-745A24.2,0.0015615242941953366
NEURL4,0.0015612496949769235
CTSW,0.0015611707112147336
CTD-2320J21.1,0.0015611528091523472
FGF12-AS3,0.0015610689840108677
RP11-65B23.5,0.0015609998741222748
RP11-216N14.7,0.0015609552923864572
RP11-234A1.1,0.0015608698812717271
BST1,0.0015608021882364239
RP11-813P10.1,0.0015604960206202676
AC078851.1,0.001560304040170279
ACTBP9,0.0015599297588146561
KB-1562D12.3,0.0015595158753847526
SNORD38A,0.00155949404239588
IFNA6,0.0015593678572370785
RP11-959F10.5,0.0015591875249093068
AC024560.2,0.0015590556145558872
YRDC,0.001559029508983274
DCLRE1CP1,0.0015589580625191405
LL22NC03-13G6.2,0.001558849266848159
ZSCAN23,0.001558761059878207
FAM206BP,0.0015586360390663313
RP11-373N24.2,0.0015585889605081447
NEK4P2,0.0015585510965386423
RP11-822E23.6,0.001558440710656664
C7orf77,0.0015583942173735747
MICF,0.001558134062617886
RP11-356J5.12,0.0015579952202511905
EIF3FP1,0.0015578416740582848
RP11-351M8.2,0.001557704725735634
FAM197Y9,0.0015575557149736343
RP11-820K3.3,0.0015573627108609691
SLC51B,0.0015572604343758057
RP11-793H13.3,0.0015572293072153814
DLEU2L,0.001557039698009045
PDF,0.001557024154007461
CSPG4P12,0.0015569443261985944
RP11-642A1.2,0.00155690377554476
FAM27C,0.0015566876655571322
RP11-446N19.1,0.0015566032633362152
ADO,0.001556494160926587
RP11-95P2.4,0.0015563581599663096
CTA-109P11.1,0.0015561741549946413
SLC32A1,0.0015560800543069511
RP11-215D10.1,0.0015556297273203365
PMPCAP1,0.0015553744435654042
KRT16P6,0.0015553475709259772
SRSF9,0.0015552829889641125
TREML2,0.001555202560558949
RP11-78I14.1,0.0015550652625511076
TAF1A-AS1,0.0015549507750584471
MIR4715,0.0015547574085965341
RP11-294J22.7,0.0015547495688294135
AMD1P3,0.00155465720915165
RP11-232L2.2,0.0015546353272238842
AC124312.1,0.0015543716394320023
RN7SL132P,0.0015534321024189355
RPL35P1,0.0015530379397671913
RP11-145E17.2,0.001552656899759479
AC007875.2,0.0015525566291089915
SDPR,0.0015519139509950004
GSS,0.0015519014819879876
RP11-384C4.7,0.0015518702757926603
RP11-227D2.3,0.0015517142409937586
GS1-124K5.11,0.001551580799534115
HNRNPA3P4,0.0015509128381881719
CHCHD2P9,0.0015506641078268982
MORF4L1P4,0.0015505725806742767
SLC6A7,0.0015501002628698474
BTF3P10,0.0015496283163330452
AC013402.3,0.0015495543050412484
TMEM210,0.0015494849451638106
CORO1C,0.0015492140720438459
RP4-555D20.4,0.0015491236855963827
RP11-680C21.1,0.0015490990504844946
RP5-855D21.1,0.0015484809920240134
CEACAM16,0.0015481760753217136
AC020983.5,0.0015481151603332966
RNU5D-1,0.0015479862728672706
PRPF19,0.001547965372985269
MTATP6P24,0.0015479497092262533
RP11-435O5.6,0.0015478009160918669
MSNP1,0.0015477375578029382
WDFY2,0.001547324272725455
AC016738.4,0.001546733036574637
KCNC1,0.0015466887632279679
RP11-327J17.9,0.0015465452584959819
RN7SL597P,0.0015461772743363726
AC079741.2,0.0015461562852980288
HOOK3,0.0015458432654643936
AC107399.2,0.0015457825682196568
AC008074.3,0.0015457344924278832
FOXD2,0.0015457315752766096
RP11-448G4.2,0.0015454271880062807
RP11-557C18.4,0.0015453329780329534
RP4-641G12.3,0.001545266632088606
CTD-2033D15.2,0.0015452058410607363
CTD-3032J10.3,0.0015451650158352828
OR52V1P,0.001544969924748187
AC092569.2,0.0015447354246598457
PPAT,0.0015446484864461722
RP11-374M1.2,0.0015444963748430574
RP11-264M12.2,0.0015439085235441964
AC010884.1,0.0015438721767074696
PMS2CL,0.0015436859993578614
AC012074.2,0.0015436494282444848
Metazoa_SRP,0.0015436455864996155
STC2,0.0015435188770737374
IGFL1P1,0.0015435058981557097
CTC-398G3.2,0.0015434729833972661
TNPO1P3,0.0015429361197455702
RP11-203F10.5,0.00154283268666315
RSF1-IT1,0.001542584091924688
SMIM2-AS1,0.001542539529841912
RP11-467L19.14,0.0015425188729325464
RP11-12A20.8,0.0015424332858655328
AC007879.7,0.0015423030935880879
ATP5F1P2,0.0015422824926882544
RP11-678G14.2,0.0015422181376499129
RP11-297K8.2,0.0015420929636086578
RP11-483I24.1,0.0015420747068796337
ENO1P3,0.0015420170337284381
GVQW2,0.001541918549988572
TRAM1L1,0.0015417786113165097
RNA5SP78,0.0015417357342104633
RP5-965G21.4,0.001541663052857697
RP11-613D13.4,0.0015415740839457579
RP11-15A1.4,0.001541359361769145
RP13-216E22.5,0.0015412623372359974
MTOR-AS1,0.0015410850312599646
GPHB5,0.001541032573252134
TRAV2,0.001540966063751892
RP11-230C9.4,0.0015405953962142334
DCLK3,0.0015404294985666592
EEF1A1P38,0.0015400610800050296
OR2S2,0.001539958738175322
RNU6-1201P,0.0015398162053123022
PEX5,0.0015396752666349185
PLA2G2F,0.0015396574022576383
RP11-492D6.3,0.0015396018014388715
TTC32,0.0015395267176306956
NKX3-1,0.001539204677366965
INTS6L-AS1,0.0015391463731542613
Y_RNA,0.0015390680650934265
SLPI,0.0015389577422323258
RP11-823P9.3,0.0015389227084237395
RP11-1112G13.3,0.001538812202386503
HIGD1AP14,0.0015387847032511334
PYGO2,0.001538428128405646
RAB27B,0.0015383409468336467
SNORA40,0.0015381117128780142
MIR3619,0.001537747025538632
RP11-488L18.3,0.0015374462110011157
MMP21,0.0015373804110774666
RP11-351I21.7,0.0015372618525699496
RP11-396M11.1,0.0015368026283114203
RP11-586D19.1,0.0015366109386074083
MIR635,0.0015362673502827121
RN7SL431P,0.0015360511877219485
KCTD16,0.0015359273548942877
CTD-2623N2.11,0.0015358962347123552
CTAGE3P,0.0015355393208872697
DPP10-AS1,0.0015352346469480465
AC000370.2,0.0015351143102938518
RPL17P41,0.001534921860813545
RN7SL566P,0.0015349064121386801
RP11-461O7.1,0.0015348780466412375
FBXL14,0.0015348485761553304
RP11-325O24.2,0.0015348323732573721
PRR13P3,0.0015347467081984992
RNA5SP217,0.0015342450704541376
ACTG1,0.0015342259667241336
NCLP1,0.0015339792330243552
CTD-2516K3.3,0.0015339704531331343
STEAP3-AS1,0.0015339629380367108
C1QTNF4,0.0015338125500647486
SLC12A8,0.0015334397594620837
RNU6-95P,0.0015329349390389147
RP11-277P12.6,0.0015329295014138667
TMTC2,0.001532886441036617
SLC2A13P1,0.0015326366535321598
CXorf40A,0.0015322963666290215
RP11-674P19.2,0.001532117640620232
RP11-385G16.1,0.0015318088100305478
RP1-72A23.1,0.0015317971800198904
CTD-2200A16.1,0.001531684627026583
RP11-91P24.7,0.0015316216648850077
CTD-2228A4.1,0.001531591572708924
AP004550.1,0.0015315289358737055
NXNP1,0.0015314049533822
RP11-30P6.6,0.001531397705228192
VENTXP5,0.0015311940737399868
HTRA3,0.0015310767121215299
RP1-118J21.24,0.0015309915168835678
RORB,0.0015307377756440493
SCGB3A1,0.0015306174265586378
TMEM159,0.0015304630520007795
FOXI2,0.0015302032257248918
RP11-2C24.7,0.00152978963826324
LA16c-380H5.2,0.0015296579010116403
CHST12,0.0015296099159727396
RN7SKP263,0.0015294751835349906
LINC01090,0.0015290920350439679
RP5-998H6.2,0.0015289732602329596
RP11-69M1.4,0.0015288142780153094
PLAC8,0.0015287543438965948
AC107081.5,0.0015281580999213175
FAM83H-AS1,0.0015281070522736465
ZFPM1,0.0015277306666593594
RPL10P14,0.0015275438649850637
RN7SL390P,0.0015273247798595758
RP11-697H9.3,0.0015272553588840075
PSMB1,0.0015271622754478857
KCNQ1OT1,0.001527057367478331
RPL4P3,0.0015269814954499406
SERPINE1,0.0015268063845317785
RP11-715J22.1,0.0015265294681723206
RP11-2E11.6,0.0015263459003649752
SLC16A1-AS1,0.001525944064748462
HSPE1P6,0.0015256439211980596
RP11-867G23.13,0.0015254926332485036
CYP4Z1,0.0015253978325752487
RPL35P4,0.001525391441736985
SCGB1A1,0.0015252660363502181
RP11-95P13.1,0.0015252650385720512
ZADH2,0.001525188260812824
MIR5698,0.0015249576814739198
VN1R110P,0.0015248990806501254
FAM131C,0.0015247417949132524
RNU4ATAC,0.0015245177675189717
RP11-134L10.1,0.0015244107482321944
CALM1P2,0.001524279521357076
MED30,0.0015241836959104028
CTD-2012J19.1,0.0015240130047370533
RP11-667F9.1,0.001523976356483106
RP11-407G23.1,0.0015237883087750553
RPS7P12,0.001523590648759383
AP006285.2,0.001523525973818618
SASS6,0.0015235009282440887
RP11-92A5.2,0.0015233674770683764
STYK1,0.0015231238007942418
TSR3,0.0015231104211432592
MIR4424,0.0015227512866622314
RP11-306G20.1,0.001522724708862377
B3GAT3,0.0015227049285046767
RP11-76C10.3,0.0015224846374838736
HNRNPA1P50,0.001522424343059504
NLGN4Y-AS1,0.0015223094496469168
COTL1P1,0.0015219734031263713
ELOVL2,0.0015218949699360028
RP11-771F20.1,0.001521893501760084
OR7E14P,0.0015214762449474678
RP11-178L8.5,0.0015214754224679623
RP11-781P6.1,0.001521384964796334
RP11-164P12.5,0.001521305629278496
FRG1HP,0.0015209105112130744
MIR3941,0.0015208815952823219
RP11-92C4.6,0.0015206685169034597
TUBBP10,0.0015204690148837273
RP11-252M18.3,0.0015203420272855352
SPRY4,0.0015203215415801508
RPL17P45,0.0015202414970489973
H3F3BP2,0.001519980011826429
ZNF100,0.0015199745433849266
RP11-109N23.1,0.0015199503134128427
RP11-158J3.2,0.00151994382628689
AP000640.2,0.0015196094715462345
LSM8,0.0015195835520751297
CYP2T3P,0.0015195013500653159
CSNK2A2,0.001519374015037495
CLK3P2,0.001519364027494482
RP11-5G9.6,0.0015193371496096926
TCEB1P33,0.0015189394372885467
RP3-347M6.3,0.0015188828576216831
SRPK2P,0.0015188360952587841
VDAC1P5,0.0015185026605567416
RN7SL525P,0.001518145988339559
AC068831.17,0.0015175196339202465
GSTA8P,0.001517340042134622
SNRPCP14,0.001517272476407384
MRE11P1,0.0015172400881057675
RP11-58O9.2,0.001517019015766964
RP11-748L13.6,0.0015167646433846189
EEF1A1P16,0.0015166387999100933
PTGER4,0.001516633750054979
RP11-99E15.2,0.0015163839692558495
GLTPD2,0.0015161415969781637
CTD-2655K5.1,0.0015160796716013351
RP11-603J24.4,0.0015160669082396301
NALCN-AS1,0.0015160225448520239
RP11-483P21.6,0.0015159797955959277
ANXA8,0.001515487050679193
PSMC1P12,0.0015154004435752031
RP11-785H5.2,0.0015152375920947261
TMEM178A,0.0015148904912451985
RNY3P16,0.0015146989197609357
GH1,0.0015144804439159614
RP11-480I12.9,0.0015144667361077356
AC007078.4,0.0015143880900342068
ANKRD36BP2,0.0015142865022395662
EEF1A1P9,0.0015139691506658069
RP11-706D8.3,0.0015138853101314082
PRSS2,0.0015138615682250799
OR1P1,0.001513503466262388
SPINT4,0.0015129131504600477
RP11-95M15.2,0.0015122507135264353
PDZD11,0.0015118673499693988
HCG4P8,0.0015113652428270623
RP11-713N11.4,0.0015113280192898429
OSGEPL1-AS1,0.0015112709941966158
RP11-810O3.2,0.0015112311444367705
RP11-174F8.1,0.0015112003836645629
IFNB1,0.0015110634357545416
RP11-384C4.6,0.0015108907356863916
C21orf91-OT1,0.0015108590833904534
OGDHL,0.0015107777321777252
RP11-443G13.2,0.0015097819576460959
AC019330.1,0.0015096002623316029
MYZAP,0.0015094003405010192
EFCAB3,0.001509379792117673
TPI1P2,0.0015092734696586013
RANBP6,0.0015090451573796155
RN7SKP5,0.0015089701932944105
ZBTB41,0.0015087395967597582
RP11-804H8.5,0.0015085731854184202
AC093106.6,0.0015084549926617972
AC093484.4,0.0015084449891174221
MID1IP1-AS1,0.0015083501049386258
RPL24P4,0.0015080478701970893
RP11-67L3.4,0.0015075581123858886
CTD-2207P18.1,0.0015063631782544968
RP1-167A14.2,0.0015062239431349385
RP11-496H1.2,0.0015058580992468294
RP5-1180D12.1,0.0015056540073105668
RP11-497K21.1,0.0015051639732894233
SAR1P3,0.001505085161547861
AC007387.2,0.001504863817726239
RP13-228J13.9,0.0015047145216774162
AC019080.1,0.0015046034114502677
MIR346,0.0015042214528358728
CTC-459F4.1,0.0015040807133629196
RP11-310E22.5,0.001503701330488955
NGB,0.0015036742509956305
SESN2,0.0015033947109879481
RP11-467P9.1,0.0015032862187956918
CTD-3074O7.2,0.0015030639316525147
RP11-15A1.3,0.0015030603963332794
EID3,0.0015027985542923465
PRSS3P4,0.001502745841032508
RP11-437L7.1,0.0015023991521832022
CTC-338M12.13,0.0015022455285193903
LINC00940,0.0015022338488818825
CCDC182,0.0015022243894220908
CTB-152G17.6,0.0015021306391038666
RPL35P5,0.0015019824618017212
RP13-93L13.2,0.001501761980665147
HIST1H2BC,0.0015016961150548635
DPPA5,0.0015016938623699254
RP11-229M1.2,0.0015016657164199478
RNU6-5P,0.0015015327844932484
RP11-644L4.1,0.0015015280050857535
RP11-513G19.1,0.0015012357153989795
RP11-145P16.2,0.0015005790668820294
SNORA42,0.001500242653108063
CTD-3138B18.5,0.0014998485881475353
GPX7,0.0014995249685920435
HBD,0.0014994477308953903
PPIAP2,0.001499321263892718
MIR155HG,0.0014989810129670135
GCNT6,0.0014988440242184897
PLVAP,0.0014988242440585537
AL365202.1,0.0014984752444391278
PAG1,0.0014984335854826229
RP11-421L21.3,0.0014982191435993187
NBPF9,0.0014980714854055427
GAPDHP62,0.0014979572899094054
RP11-798M19.3,0.0014978445797488454
LINC01411,0.0014976457649424886
GPR65,0.0014973953302030915
RP11-522B15.1,0.0014970067836924447
uc_338,0.001496805345158735
TCEAL6,0.0014967947958929532
HDAC1P1,0.0014966846627558503
WNT9A,0.0014965809880790816
IL11,0.0014964098941609909
MED26,0.0014963317300199003
ATP6V1G2,0.0014961726103663719
CTD-2515H24.1,0.0014961423886879883
OR6J1,0.0014961342776778372
MTND2P33,0.0014960820855754408
RP11-805F19.3,0.0014960647586528082
AC004870.5,0.0014959237068066515
STON1,0.0014949782361097488
EIF4BP8,0.0014948433435085597
RNU6-341P,0.001494783933515805
AC124997.1,0.0014945566491137072
RP11-393I23.4,0.0014941810842119452
RP11-426K3.1,0.001493900192111726
C1orf189,0.0014938514752752899
RP11-196B3.1,0.001493782605906377
NR1D1,0.0014934866699655737
HSPD1P21,0.0014932696394194048
KRT18P50,0.0014932157381836906
RP11-254I22.3,0.0014931736737570887
ID2,0.0014931670978014123
RNA5SP65,0.00149287051920732
MKRN3,0.0014927988407770689
RP11-529F4.1,0.0014926504940845477
TEN1-CDK3,0.0014922959758407464
RP11-59N23.1,0.0014921971618140383
AP000679.2,0.0014921664473784761
KLLN,0.0014919183129975529
ZNF847P,0.0014919106236149949
TRIL,0.0014917496599255588
PLA2G2A,0.0014916324294349489
RP11-433J8.1,0.0014913834010865526
AC005262.4,0.0014913580334697289
RP11-447D11.3,0.0014913179530740347
COX7A2P2,0.00149119843281766
OR3A3,0.0014911984167887743
CTD-2012K14.7,0.00149111481127161
SNORA38B,0.0014909351877669152
RP11-554A11.8,0.0014909246466076045
CYCS,0.001490878070369103
HSPD1P10,0.0014906982670540702
RP11-613M10.8,0.0014905901014412846
DNAJB13,0.0014904454394993824
RP11-630A13.4,0.0014904040062488895
RP11-14O19.2,0.0014903999870033307
LIN28B,0.001489968209350407
RP3-445N2.1,0.001489859963582298
RPAP2P1,0.0014890416015122165
RP5-1047A19.4,0.001488769405993413
MIR6514,0.0014887473213782286
RP1-152L7.5,0.0014883778246569022
CLDN17,0.0014883192889396225
NPHP3-ACAD11,0.001488234907712532
RP11-505E24.2,0.001487836256537941
RP11-176N18.2,0.001487537213566539
RAD21-AS1,0.0014874258781477979
RP11-284M14.1,0.001487399931531561
IFNL4,0.0014873408507545427
FSTL1,0.0014872431246232554
IL10RB,0.0014871532829931475
PECAM1,0.0014868735177774794
Y_RNA,0.0014868558620371349
SSBP3-AS1,0.0014866728548908364
AC004386.4,0.0014864463501329925
RP11-65N13.6,0.0014863992101846366
GXYLT1P5,0.0014860816986506744
LL22NC03-104C7.1,0.0014859756521327415
RP11-315I20.3,0.001485922971897913
AATF,0.0014856511387454445
LINC00316,0.0014854200240793907
TM7SF3,0.0014850907308462955
CDO1,0.001484960144465361
RP11-495K9.8,0.0014848199263589918
PCYT2,0.0014846819893854992
TAS2R3,0.0014845765549564422
KCNMB4,0.0014844030773671158
VAX2,0.001484339298409568
CTC-459F4.8,0.0014841537651079128
KB-1448A5.1,0.0014838602751549251
RP11-234K24.3,0.00148384859411506
AC012360.4,0.0014836486908147955
RP11-355E10.1,0.0014834388937652232
SLCO4A1-AS1,0.0014833604040030994
GDF5OS,0.0014829996559840631
RP11-174G17.3,0.001482979468849593
RP3-523C21.2,0.001482946998511146
SOCS2-AS1,0.0014829413752712216
AK4P3,0.0014828938161842644
CTD-2527I21.15,0.001482295806899745
RP11-640L9.1,0.0014818293876059975
PPIAL4C,0.0014816685424291168
PPP1R3D,0.0014810806254422183
PIGB,0.0014810327584567314
CTD-2207O23.10,0.0014808318546905789
RPS29P3,0.0014807384781265638
SLC24A5,0.001480611566935551
LSP1P2,0.0014803886509522676
RN7SL449P,0.0014802575396980224
CTD-2553L13.10,0.0014801746352427903
RP11-274M17.2,0.0014801443375899142
XBP1P1,0.0014796613078678848
RP11-290O12.2,0.0014796278464395726
CHMP4A,0.0014796123280680154
Y_RNA,0.0014795600487160301
RP5-956O18.2,0.0014790424375171693
Y_RNA,0.0014789611219094194
SNORA59B,0.0014783506845153435
C1GALT1P1,0.0014782724357563601
MIR6880,0.0014780780318390543
ACTBP14,0.0014780639091907363
RP11-115C21.4,0.0014779936470133551
MT-TS2,0.0014777962853961147
CIDEC,0.0014777141924779223
XXbac-BPG248L24.10,0.0014776476451471097
ATP5EP2,0.0014774038448875702
AKIRIN2,0.0014771666597377677
NUDCD2,0.0014769846308515264
SLC17A6,0.001476684004599894
AC007229.3,0.0014760870208892917
RP11-69E9.1,0.0014760789506458399
FZD8,0.0014760422139275266
MIR1276,0.0014760292757199354
RP1-72A23.4,0.0014756178740878221
RP11-464F9.21,0.0014752738011374123
AC010136.2,0.001474910251208948
MRPL3,0.0014746839459500623
SULT1A4,0.0014746708435692756
RN7SL267P,0.001474600586332699
CYGB,0.0014743999495795003
RNU6V,0.0014743902677307155
RPL37P1,0.0014741573724823915
KLB,0.001474034429708226
MYOM2,0.0014736357232817325
AC007919.19,0.0014731152686478872
RP11-477N3.1,0.001473043135387036
CARD18,0.0014725546614555213
ERVW-1,0.0014725398725757306
PHLDA2,0.0014722352966878463
RP11-571M6.18,0.0014721532416591924
RP11-467C18.1,0.0014719554142477085
CTD-2283N19.1,0.001471790363749547
RN7SKP80,0.0014708885850416218
RP5-1052I5.2,0.0014708241740489995
GULOP,0.001470751246274391
CDC6,0.0014707486394348768
SEMA3A,0.001470690239647544
RP1-101D8.1,0.0014705034543834516
RP11-7I15.4,0.0014703558221107063
AC016831.7,0.00147022461174209
FGF14-AS2,0.0014701677828249146
PHOX2A,0.0014696288487966547
MIR940,0.0014696086866756654
CTD-2540B15.12,0.0014694583915158606
BNIP3P33,0.001469456887740818
RP11-160H22.3,0.001469439014396835
RP11-289A15.1,0.00146920690860409
RP5-1136G2.1,0.0014686676600251377
ZNF14,0.0014685672934530683
CTD-3203P2.3,0.0014683713432417185
RP13-514E23.2,0.0014683563371307325
CTB-88F18.4,0.001467943774620059
IKBKE,0.0014678387985338835
SLC28A3,0.001467731549759087
ARL4AP5,0.0014677137850322118
MTND4P19,0.0014675855211369086
RP11-54P19.1,0.0014675259329050294
RP11-149I2.4,0.0014672160360175506
AC005740.3,0.0014671814356533388
RP11-56H16.1,0.0014669863723078985
RP11-96J19.4,0.0014669484702141702
RP11-3D23.1,0.0014664314671495242
LINC01375,0.0014662218454213193
COX8C,0.0014661676187168113
DPRXP6,0.001466126668092847
RP11-530A18.1,0.0014660919264889842
CEACAMP1,0.0014660904498059674
RPL13AP17,0.0014660066730674333
PCDHGA9,0.0014659501860180147
RP11-162D16.2,0.0014658271196317002
C9orf40,0.0014655251238907185
RP11-212I21.2,0.001465245784180351
LINC01023,0.0014650063740772976
LINC01104,0.0014647336778406675
AC010894.5,0.0014645813021435976
CKMT1A,0.0014644992641975043
RP11-92F20.1,0.00146435688037904
RPS27AP13,0.0014643031315550122
LINC01513,0.0014641101255463901
LINC00313,0.0014641095098820757
RP11-626G11.1,0.001464005137933208
LINC00500,0.0014638909858511642
PSMD12P,0.0014635011441874203
RP11-143M1.3,0.0014634994540879598
RAB11FIP2,0.0014634909611176512
SUPT16H,0.001463186085524349
RN7SL320P,0.0014628305279548771
RP1-69D17.4,0.001462730534049146
LINC01420,0.001462703162465751
RP11-299P2.1,0.0014626748371774608
RP1-267L14.3,0.0014626731436784119
RP11-108B14.5,0.001462221666694657
VBP1,0.0014616905141617488
MIR5696,0.0014610471387281553
snoU13,0.0014610224052407274
LINC01447,0.0014609997376146034
RPL18AP3,0.0014609122766416312
LRRC55,0.0014608876474988797
RP11-316M21.6,0.0014607949967717568
RP11-14C10.5,0.001460754626126952
NEURL1B,0.0014605703816469146
ZBTB20-AS4,0.0014605089737003958
CTB-179K24.3,0.0014598187192210817
WFDC13,0.0014596474711903392
HPN-AS1,0.0014595679166558725
RP11-950C14.7,0.0014592813638938916
ACTN1-AS1,0.0014592475044630162
REV3L-IT1,0.0014591543992995843
ANAPC4,0.0014590318400777066
RP11-143E21.6,0.0014588523941452057
RP11-506H20.1,0.0014588199854529758
RP11-548P2.2,0.0014588184368877258
AE000661.37,0.0014587348316768647
RP11-606P2.1,0.0014584922572616957
RP4-813D12.3,0.0014581230749622467
RNU6-158P,0.001458117423402265
SCGB1D2,0.0014580642011421457
RPS20P35,0.0014578978687844301
SNORD113-3,0.001457409394521831
RP11-111H13.1,0.001457309842623123
RP11-326N17.2,0.0014571043710127167
RP11-372E1.4,0.0014570609566240988
RP11-195B3.1,0.0014569930527497318
PHACTR2-AS1,0.0014569556751026125
EIF1P4,0.0014569183913472367
LINC00870,0.0014568530018653693
C1orf220,0.001456700139079331
FANCF,0.0014566433154491615
RP11-1C8.5,0.0014566228997295154
TRIML2,0.0014563294139991738
CTD-2370N5.3,0.0014560907598884084
CTD-3014M21.1,0.0014559234454935943
VDAC1P6,0.0014556998666059174
TMIGD2,0.0014554383828556633
RP1-63M2.5,0.001455201051646734
MTCYBP37,0.0014550953497028437
RP11-328L11.1,0.001454950579172739
CTB-105L4.2,0.0014549500726060399
RCN3,0.0014546861927578895
APOF,0.001454446777722718
HIST1H2BF,0.0014544263350126409
RP11-366M4.12,0.0014543611470610948
DLX2,0.001453602190225731
CDC42BPB,0.001453377773744856
RP1-4G17.2,0.001453336101109717
RP4-569M23.4,0.0014533062370508775
LRRTM1,0.0014531491351665795
RP11-1277A3.2,0.001452994388380708
RP3-402G11.26,0.001452992812734046
ST13P20,0.0014526556873575714
FLT1,0.0014526096507283474
LINC00488,0.0014526083103579464
HMGA1P4,0.0014524747119109228
CITED4,0.0014524666249068206
RP11-746P2.5,0.001452408117381703
XKR5,0.001452070385650891
MIR8064,0.0014520677688382845
RP11-667K14.14,0.0014515735874973165
HDGFL1,0.001451555828838728
RP11-314C9.2,0.001451514166844001
RHOQP3,0.0014512700766490154
CTA-992D9.11,0.0014511934913936804
RP11-142E9.1,0.001451166315820482
RP11-101E13.5,0.001450924597699535
RP11-111E14.1,0.0014504258824279137
SNORA48,0.001450362481630209
CTC-523E23.1,0.001449940321863644
RP11-344N10.2,0.001449767550478186
RN7SL471P,0.0014497646542324058
Y_RNA,0.001449345241474092
ZNF441,0.0014493436179461785
RP11-243M5.5,0.0014492728175089457
LINC01089,0.0014491130335165582
RP11-421P23.1,0.0014489798094506482
RP11-159N11.3,0.0014486957343299023
RP11-332H17.1,0.0014486258074025698
AC013275.2,0.0014486088442682416
EEF1A1P33,0.0014485079130407456
POLHP1,0.0014484833431560925
PSMC1P4,0.00144837546519186
RP11-184E9.1,0.0014483225219358424
RP11-16E23.4,0.0014480988233872686
DNMT3L,0.0014480368643858038
MIR199B,0.0014476990399419972
RP11-36I17.2,0.0014475534492253083
AP000351.13,0.0014474516536843551
CTD-2377D24.6,0.0014474514730295415
STK40,0.001447381585999125
EIF4A1P2,0.001447345324287383
RNU6-16P,0.0014469573944208686
RP11-510M2.5,0.0014461592029618683
RPL7AP53,0.0014459265907584035
GSN-AS1,0.0014457758226606792
RP11-734K23.9,0.0014456901469507512
RP11-111F5.4,0.0014455160683060715
OSTCP6,0.001444934293299492
RP11-863K10.7,0.001444785761442265
MIR4477B,0.0014440700982893294
RP11-261C10.5,0.001444024047661114
CCDC92B,0.001443834992788068
FGF9,0.0014434599506149659
PLCL2-AS1,0.0014432452706723672
RP11-461F11.3,0.0014430855124695642
DDX53,0.001442923484997604
CCNJP2,0.0014427458752454018
TPT1P6,0.0014427225410538985
ALPP,0.001442410596723751
RP11-148O21.6,0.0014421097478302756
RNU2-34P,0.0014413696130144266
RP11-284F21.11,0.001441333690455507
UQCRBP3,0.0014410526484477087
RP11-21A7A.3,0.0014409504358256164
LRWD1,0.0014406847485176671
TPSG1,0.0014404767844851173
SNORA36C,0.001440343378700145
RP11-343H5.6,0.0014402105312350088
RP11-331H2.3,0.0014400774525981349
POMC,0.0014400239637730834
RP11-133K1.12,0.0014398342642822299
RP11-122K13.7,0.0014398012616336044
AQP11,0.0014397757577315363
RP11-429P3.8,0.0014396851846723065
RP11-543B16.1,0.0014391406161068307
SDR42E2,0.0014390612827175663
GPR148,0.0014390531937469384
THEG,0.001438911417523696
TPMTP1,0.0014388603463163366
RP11-507K2.2,0.0014387794019058917
RP11-563K23.1,0.0014383112934375046
FAM91A3P,0.0014382589678384112
PDCL3P1,0.0014380065673014642
TMEM70,0.0014379154427242202
SVIL-AS1,0.0014378481534921973
GCNT4,0.001437590362227508
LINC00524,0.0014372844688550809
RP11-300A12.2,0.0014372444688822087
CTB-174D11.2,0.0014372297112008885
POLR2J4,0.0014371332645742392
CST1,0.0014368422886079503
HNRNPA1P76,0.0014364372686734219
MTCO1P11,0.0014362971300643252
CDH17,0.001436200139880838
RP11-540O11.7,0.001435960614166785
RP11-589M4.3,0.0014359020967864716
KLHL11,0.00143494558234534
CTD-3194G12.2,0.0014348793221050453
B3GALT2,0.0014348549656404387
TTC39DP,0.0014346408339668453
GJA1,0.0014345650059754708
RHOT1P3,0.001434403366041559
OR7E121P,0.0014343038318981565
RP11-849F2.10,0.0014341587316963058
RP11-817G13.3,0.001433687037203378
RP11-343C2.11,0.0014332337288854966
AC006042.7,0.0014332089563871553
CTD-3105H18.18,0.0014331141191757663
RP4-635A23.4,0.0014330646610320398
CEACAMP9,0.0014330081083121955
RP11-325D8.1,0.0014329101394024426
SERPINF1,0.0014328359021956313
ATP5B,0.001432811570222429
RP9,0.0014326834852226638
CTD-2308G16.1,0.0014325533092168071
RP11-666A8.9,0.00143238172701412
RP11-490E15.2,0.0014322416547606278
SDHCP4,0.0014318224208008509
RNA5SP370,0.0014316535240828702
RP11-296K13.4,0.0014314998145336436
HNF1A-AS1,0.001431337767998493
RNU6-965P,0.001431327095168653
RPL7AP73,0.0014311399389179249
RPS3AP36,0.0014309596716014735
RP11-802O23.3,0.0014305700170276123
LINC01020,0.0014304543682237428
RP11-604N13.1,0.0014303576943562935
AC105339.1,0.0014302750502880905
ZNF256,0.0014298356792941823
POU3F4,0.0014298300729631292
RP11-22N19.2,0.0014294990189437648
RP11-415C15.2,0.0014294341543294401
IGBP1P4,0.0014294126390552385
LINC00327,0.0014291307315469604
GEM,0.0014290083306666278
AC114730.7,0.001428499829906824
NKX2-5,0.001428344837584724
TM4SF18,0.0014281930667762355
LGALS7,0.0014281447276693116
RP11-497H16.8,0.001427965153738366
MTND6P24,0.0014277765854321825
RP11-247A12.7,0.001427606041451311
AC004471.9,0.0014271544427217919
SNORD115-22,0.0014269405750108651
AC114776.1,0.0014267937731461948
AC005300.5,0.001426792539013814
NCAM1-AS1,0.0014265375239265162
RP11-400N13.2,0.0014265203877405006
RP11-123O10.4,0.00142639748265612
AC002523.1,0.0014263088667290005
OR7E110P,0.0014262833769786674
ZNF670,0.001426163328110628
C2orf80,0.0014261346881492669
TIMM44,0.0014256759615414473
CTD-2298J14.1,0.0014255224004913274
RP11-662I13.3,0.0014254752598971128
MTX1P1,0.0014252137350859433
CD27,0.0014245769127257783
TMSB4XP3,0.0014245292205753498
C17orf50,0.0014243132929706592
RPL9P5,0.0014243026703561431
RPSAP4,0.0014238470262037954
AC006116.19,0.0014235789818181715
AL137164.1,0.0014234694558316312
PCBP3-OT1,0.0014234101124588317
RPS4XP19,0.0014233652758301352
PEX5L-AS2,0.001423018761197839
RP11-143A12.3,0.0014221520054430346
SLURP1,0.0014220894595767524
CYP4F23P,0.0014218654134795952
HMGN1P20,0.0014216911803362675
RP11-511I11.1,0.001421551406470759
F10-AS1,0.0014212556297974988
RNU1-143P,0.0014211370831670599
BASP1P1,0.001420654924751992
Metazoa_SRP,0.0014202034960339013
RP11-963H4.3,0.001420028926281312
RPSAP29,0.0014199510784079655
SNORD93,0.0014198231786570112
MIR421,0.001419086791637531
KHDRBS2,0.001418879789591541
Y_RNA,0.0014185400302163956
AC007312.3,0.0014185312127658516
EEF1A1P34,0.0014183563601475313
RP11-365O16.3,0.0014183035606013803
RPL23AP52,0.0014181704950441258
RP5-1056H1.2,0.0014180881973750441
C8orf86,0.0014180084041516122
F2RL2,0.0014179874172473793
RPS3AP14,0.0014176599559180259
RP11-64C12.8,0.0014174981707288368
RP11-65J3.3,0.001417398457427566
TCF4-AS2,0.0014173906219382424
AC097523.3,0.0014164841042536098
RP4-705O1.1,0.0014161158436383312
RP4-673D20.5,0.0014161040817692934
PCOLCE2,0.0014159925122114603
LRRC10B,0.0014158405936798095
RNF149,0.001415691815639671
RP11-489G11.3,0.001415612530041826
RP11-650P15.1,0.00141546992484446
RP11-26H16.1,0.0014150616645586787
EIF5AP4,0.001414988297952986
CTD-2651B20.6,0.0014148430613808967
LINC00526,0.0014145807089671204
ARHGEF38,0.001414393467453423
RN7SL399P,0.0014142589991403807
CICP27,0.0014142246493429548
RP11-379L18.2,0.0014141290718152444
RP11-584P21.2,0.001414090239516566
GKN2,0.0014140718965258527
MIR4500HG,0.001414054934347387
C10orf111,0.0014137917915542394
RP11-736N17.9,0.0014131370872773913
PPIAP28,0.0014131042578706032
RP11-74C1.2,0.0014130649225150144
C10orf142,0.0014130099952235637
RP1-206D15.5,0.0014126550408581312
GRIN2B,0.0014120562768350578
RPS26P2,0.0014120014984769199
RP1-81D8.4,0.0014118508900510577
MIR6071,0.0014117454990643411
CCDC13-AS1,0.0014117214886169849
AC012593.1,0.0014116241160943932
AC009299.3,0.001411529296310381
ABCG8,0.0014112824956190727
MIR563,0.0014112745720865107
MKRNP2,0.0014111588560900361
RP11-404K5.1,0.0014110216053046618
TUBAP,0.0014109660982826765
RP11-307O13.1,0.001410700226158729
RPL7AP30,0.0014105916023333318
U91319.1,0.001410557928429721
CTC-340A15.2,0.0014105471453835423
RP11-567G11.1,0.0014102627377221308
RP11-753H16.5,0.00140967370705816
RPS2P24,0.001409195030609175
RP11-1018N14.3,0.0014089420535729263
FLJ13224,0.0014088249973003856
Metazoa_SRP,0.0014088219337435612
SPDYE6,0.0014084227399675635
RNU6-361P,0.0014083438244857365
RAB41,0.001408231271763485
RP11-559N14.6,0.001408205613003412
MTCO2P32,0.001408068257337943
RP11-486F17.1,0.0014080547483618679
RP11-309H21.3,0.0014078695027124962
LARGE-AS1,0.0014078503111386595
RP13-36G14.4,0.0014074586901625902
MIR99AHG,0.0014073216633437337
LINC00893,0.001407178223472596
ZNF341-AS1,0.0014070705710192855
RP11-73O6.3,0.0014070248269656737
MTND5P31,0.0014067764436650962
PAICS,0.0014065778416598748
RP1-137H15.2,0.0014065425591420152
C7orf33,0.0014063725796459347
RP11-177H13.2,0.0014063518955514014
BNIP3P16,0.0014062763570567977
RP11-231P20.6,0.001406273539372558
AC004221.2,0.0014062135901955516
RND1,0.0014061822271371719
CTD-2201E9.1,0.001405955915839451
CTD-2589M5.5,0.001405308475727251
NBPF12,0.001405228417157119
TBC1D3P1,0.001405207938633745
RP11-425D10.1,0.0014050101304004079
RP11-345E19.2,0.001404736490508855
KCNMB3P1,0.0014045480861484855
RP11-10C24.1,0.0014038855476634163
PRSS22,0.0014035829972298994
CCNB1IP1P1,0.0014031860343088685
BYSL,0.0014030594616228247
RPS3P7,0.0014029773655073723
RP11-571I18.5,0.0014029116295698027
RP11-681L4.2,0.0014028762167211835
SNRPCP2,0.0014028589108203238
RP11-25I15.3,0.0014027430279483176
DUSP8,0.001402372769711817
RPL7P26,0.001402302591884853
LINC01187,0.0014019758498653857
GRAPL,0.0014017876544330451
RBP3,0.001401724677747797
AC007969.5,0.0014015765977378563
HNRNPA1P23,0.0014015305206818134
VASH1,0.0014013283371392558
LINC01180,0.001400841152427078
HSPA9P1,0.0014007248893477058
RP5-856G1.2,0.001400503942356127
LAMTOR3P2,0.0014000629213396195
CTD-2568A17.8,0.0013999195774254082
RP11-466A19.6,0.001399898185497144
RN7SL385P,0.0013994707622769205
NPTXR,0.0013994263836830047
AVPR1B,0.0013993799112673824
CTA-254O6.1,0.0013993507803015121
FRMD6-AS2,0.0013993226149995465
LINC00578,0.0013992781285316282
PICSAR,0.0013991655246582664
CTA-31J9.2,0.0013990537187104364
RP11-92K2.2,0.0013987872172538016
HSD17B2,0.001398577476605587
PIN4P1,0.001398548869163127
GUSBP10,0.0013984681091422522
RP3-402G11.25,0.001398241520915464
RP11-244F12.1,0.0013980014601600852
bP-21201H5.1,0.0013977931195868281
RP11-435O5.5,0.0013975742629892686
MIA-RAB4B,0.0013972669002272487
LAMP5-AS1,0.0013971102366453353
FAM90A2P,0.0013970770046692112
NDUFA8,0.0013970566773964898
FOXQ1,0.00139700263144858
MESDC2,0.0013969961713684333
RP11-188C12.2,0.001396729070338931
RP11-290H9.5,0.0013965405232863363
MYCNOS,0.0013964077891244142
MTND1P32,0.0013963522855020168
RP4-765C7.2,0.0013963026732982252
LINC01218,0.001396182621167025
STX19,0.0013960004990332885
RP11-627K11.1,0.0013959537025104237
SPINK1,0.001395877383765198
CTC-236F12.4,0.001395807113347108
PRRG4,0.0013953834881392858
USP2-AS1,0.0013952726418655888
RP11-472N19.3,0.0013952116073353245
CTA-722E9.1,0.0013951854990038367
RP11-398E10.1,0.001395100352986587
HSPA8P19,0.0013946542284543598
TMED2,0.0013941742292384082
RP11-305L7.3,0.001394152106407442
RP11-368P15.1,0.0013940004805829602
AP001059.7,0.0013936364303322023
ZNF468,0.001393610871154945
XPOTP1,0.001393518326719783
RP11-318A15.7,0.0013930760740250407
MLNR,0.0013930319357914292
HCG9P5,0.0013928185397518661
CYC1,0.001392769960040305
RP3-437C15.1,0.0013927394791439483
PCSK6-AS1,0.0013926235288868173
AC098820.3,0.0013922963394802223
RP11-717D12.1,0.001392221624466229
RP4-683M8.2,0.0013920578507725216
RPL23AP55,0.0013916845150168844
AC053503.11,0.0013916399527457077
RP11-494K3.2,0.0013912892100164742
RP11-684N3.1,0.0013907799829668366
RP11-54A9.1,0.0013907779401792116
RP13-577H12.2,0.0013903852578342586
RNU6-12P,0.0013901862964051984
RP11-1109M24.5,0.0013901523961163586
QRFP,0.0013900406563776848
OR7E111P,0.001389931349067873
KB-1440D3.14,0.0013899214369619617
GAPDHP33,0.0013897811847765203
UQCRHP2,0.0013894367797888006
CXorf67,0.0013892236370139726
RP11-557H15.5,0.0013890280138887155
TMEM220,0.0013889671364548913
U8,0.0013888393412578054
OTUD6B-AS1,0.0013887894612991233
AC013472.3,0.001388733658623315
RP11-699A5.2,0.0013886538964926571
CTB-131B5.2,0.0013885399481866772
RP1-5O6.4,0.0013883679679750874
RNU6-1316P,0.0013883473751173
AQR,0.0013879955918427473
RP11-173P15.9,0.0013879884059029542
RP11-553N16.1,0.0013878750084413904
RNU6-1128P,0.0013878575616810716
RP5-878I13.2,0.0013877294195857343
RP4-604G5.1,0.0013876785676914586
INHA,0.0013875029689522365
FAUP2,0.001387345379581743
RP11-492E3.2,0.0013872100086320548
AC034228.2,0.0013870050970186476
OR1F12,0.0013869022291137711
RP11-5G18.2,0.0013868819086523937
RP11-622C24.1,0.001386634608127363
AC002542.2,0.001386540443427966
TSEN15P1,0.00138632272052251
ZSCAN12P1,0.00138598802980821
PPT2-EGFL8,0.0013859431375986507
RP11-409K20.6,0.0013858535362674918
PRDX3,0.0013858183035606706
LINC00554,0.0013856979611547929
RN7SL2,0.0013856754071004344
MIR6740,0.001385594309009256
MIR548P,0.0013853333342629971
RP11-151N17.1,0.001385259830161669
CCNI2,0.0013852168892278666
RP11-145A3.2,0.0013852115837522131
DIRC3,0.0013850526650570555
SNORA60,0.0013849462952657257
DGCR10,0.0013847120258412115
RP11-10C8.2,0.0013844411712078109
RN7SL459P,0.0013838596277964423
LINC01169,0.0013836808168184367
IQSEC3P1,0.0013833154654229363
SGCG,0.0013832806896806637
DDR1-AS1,0.0013832793492982384
ZNF846,0.0013832085618759751
RP11-540B6.6,0.0013830550713946922
RP11-745L13.2,0.0013829654745896361
RPL17P43,0.0013826174257252483
AIP,0.001382296236948395
APOA1-AS,0.0013820871097730597
RP11-1M18.1,0.0013820167499033345
NRG3-AS1,0.0013818594265349526
MIR659,0.0013818245963314886
MIR6077,0.0013816123475943215
RNA5SP305,0.0013813269780994122
AC004893.10,0.0013806944487064672
RP1-142L7.9,0.0013806253265436963
RN7SL850P,0.0013805063289800915
RP11-323F24.3,0.0013805053336108024
CTC-499B15.5,0.0013804037652887196
RP11-157E21.1,0.0013799330508826755
RP11-178L8.4,0.0013797896012313832
AC133141.1,0.0013793050060607504
CTD-3006G17.2,0.0013792314209175056
RP11-528A10.1,0.0013785664892535224
KRTAP19-8,0.0013785230025250323
LY86,0.0013783022159671882
PSMD11,0.0013781567523953068
FAM117A,0.0013781532330972965
TMED10,0.0013781191460544382
OTUD7A,0.001377884935978692
RNA5SP290,0.0013775113449073554
RP11-247I13.6,0.0013774042662559939
BTF3P9,0.0013767926375526619
BBS10,0.0013767559301377786
MSL2,0.001376544322230013
RNF133,0.0013763301877843465
RP11-96C23.9,0.0013762856210689394
RP11-433A10.2,0.0013761492214861859
SULT1C2,0.0013760342363556947
TCEAL9,0.0013760161761285543
LINC01097,0.0013754271223737175
PSMD8P1,0.001375415845225104
RPL9P2,0.0013754042912369154
RP11-437B10.1,0.001375365255386496
EGR3,0.0013753383656692371
PLN,0.0013748426545753666
AC006372.6,0.001374835966347365
RN7SL20P,0.001374803729353459
CTD-2010I16.1,0.0013747762010679235
AC007204.3,0.0013746179451176223
AF131216.1,0.0013744418483175045
RNU6-625P,0.0013742300643105796
RP1-45I4.3,0.0013739989515779698
LIN54,0.0013738915398016829
RP11-177F11.1,0.0013737960114449455
SOWAHA,0.0013735112215897557
LY6E,0.0013734871779214478
RP11-9B6.1,0.0013730028431845416
AC009299.5,0.0013729092112553481
RP11-452F19.3,0.0013728032477434771
RP11-781M16.1,0.001372786168004829
C2orf27B,0.0013724567644909731
RP11-91I20.4,0.0013722425869306168
RP11-108M9.6,0.0013718066979223791
AP000696.2,0.0013717876563608634
RP11-116D17.4,0.0013717439678699811
AC005537.2,0.0013716816158127
Y_RNA,0.0013715687837482049
MUC20P1,0.0013714272795402945
PSMB6,0.0013713387248612855
SUGT1P1,0.0013712801297746811
RPSAP10,0.0013712376580882928
DLGAP1-AS4,0.0013710449751928408
MTCO3P43,0.0013709288334202577
HIST3H2BA,0.0013708291825112293
MIR890,0.0013707984988892488
RNU6-88P,0.001370705947215252
RP11-598D12.2,0.0013705180482887856
RP11-269G24.6,0.0013704443226893557
RPS27P29,0.0013704043305571196
RP11-238I10.1,0.0013704028785228978
RP11-346D14.1,0.0013703381340063629
PSMC1P5,0.0013702388090015027
GAS2L1P1,0.0013696368166911783
C8orf87,0.001369616394268815
CCDC58,0.0013695214784739094
GPN3,0.0013693721474819828
GABRA4,0.0013692310411831659
SNORD114-1,0.0013686989631932248
RP11-408J6.1,0.0013685873193262548
RP4-597A16.2,0.0013685730959562428
AC092159.1,0.0013684176574926587
KIAA1211L,0.001368414587128143
ATP6V0CP1,0.0013683881317468815
RPS26P11,0.0013683458494457403
CCL24,0.0013682966300161946
MAN2B2,0.00136805348924812
NLRP9P1,0.001367652664867748
PPIAP9,0.0013675785481991603
BPIFB5P,0.0013675450391600497
RP11-114M5.3,0.0013674196410053405
ASTL,0.0013669320661567213
RPS26P31,0.0013668121926906005
PABPC1L2A,0.0013667632943373705
TRIB3,0.0013667312734696748
OR13C5,0.0013666390147996808
TRGV9,0.0013665889940339992
LINC01480,0.0013663431956128667
HSFX2,0.0013660771453460506
THAP12P6,0.00136581912022525
RTN4RL1,0.0013657948289935535
RP11-405A12.1,0.0013656335112140244
ARHGEF3-AS1,0.0013654659591457927
RMST,0.0013653879870519662
CDR2,0.0013651922845942437
AC011899.10,0.0013651199393124227
RP11-342K6.2,0.0013650697273285151
IL10RA,0.0013650395019248213
HYPK,0.0013648883041532981
RP11-269F21.1,0.0013646833441776814
RP11-471B22.2,0.0013646049484193012
JAZF1-AS1,0.001364593968515028
SLC35C1,0.001364402886286639
RP3-472M2.2,0.0013642832334507483
RNU6-575P,0.0013642497636772819
CTD-2196P11.2,0.0013637713466353159
LINC00904,0.001363740138245725
RPS24P7,0.0013632900294352757
RP11-343P9.1,0.0013630359433167453
RP11-660L16.2,0.0013629059773313454
FCF1P8,0.0013626373981796304
SRGAP3-AS4,0.0013623740474669323
DNAJC5,0.0013623385394297247
RP11-333E13.4,0.001362302653269784
RP1-95L4.2,0.0013622389025566407
PPP1R26,0.0013620609722465517
DEFB109P3,0.0013620207687401378
RP11-248B24.1,0.0013615914958829186
RP4-738P15.1,0.0013614770922701573
CYP17A1-AS1,0.0013611569556760536
C1orf195,0.0013609518537369082
BSND,0.0013608938418585973
RP11-651P23.5,0.0013608197970867086
RP11-271F18.3,0.0013606842244691239
MRGPRF-AS1,0.0013604742823296932
AC093381.2,0.0013600640978024545
LIN7A,0.0013596665871011002
LINC00608,0.0013594921370401103
RP11-556H2.3,0.0013594820597605337
AC092798.2,0.001359164074954782
RP11-257P3.3,0.0013589060429734104
VSTM1,0.0013586356908142007
VN1R37P,0.001358633407353602
HOXB-AS1,0.0013585672225688936
snoU109,0.0013584121648414242
MIR5002,0.0013580868702668968
ACKR4,0.0013578293726112028
AP000351.4,0.0013577412677270252
CRISPLD1,0.0013575658067530591
CTD-2323K18.2,0.0013575540655388649
RP5-944M2.2,0.001357480099253172
C6orf222,0.0013573269320809355
RP5-1147A1.2,0.0013572938571919178
LL21NC02-1C16.2,0.001357096373677503
RP11-150D20.5,0.0013570918172960322
ISCA2P1,0.0013570583586441874
CTD-2265O21.7,0.0013568757957102945
Y_RNA,0.0013564448486021372
RP3-322G13.7,0.0013560613564227752
RPSAP19,0.001356052873442738
AKAP8P1,0.0013552610427696415
RP11-331N16.1,0.001355091198684346
RP11-219E7.2,0.001355070384943202
RP11-493L12.4,0.0013548030741789916
CTB-78O21.1,0.0013544831025845822
RNU6-179P,0.0013544025710726664
Y_RNA,0.0013543950408016184
RP11-545L5.1,0.0013543319340508105
BMP2KL,0.0013541222239960096
RP11-383G6.3,0.0013539641988756846
CTD-2218G20.1,0.0013538806449582782
AC019186.1,0.0013537928540253129
NUDT3,0.0013533366133336897
SERPINB4,0.001353142090193027
ENDOU,0.0013530889398229119
CTA-223H9.9,0.0013528346914384842
RP5-991G20.2,0.0013528302730376877
RP11-31E13.2,0.001352809311154939
IGLV3-25,0.0013527889544873333
RP11-495P10.7,0.0013526426200105091
RP11-574K11.27,0.0013524993171960173
GOLGA2P4,0.0013522026105066134
AC011330.5,0.0013521263481937112
IFNA12P,0.0013521166387400723
AC016712.2,0.0013520333766758616
RP11-51I5.1,0.0013519529700964446
AC002480.4,0.0013519272795504958
SNORD100,0.0013519226672703123
RP11-483H20.4,0.0013517820489555741
RP11-787D11.1,0.0013516144057412654
MIP,0.0013508280207284189
AC091729.8,0.0013507438978213775
CTD-2651B20.4,0.0013506140756680287
ZC3H10,0.0013498502174545991
MIR3677,0.0013496238359356487
RP11-532F6.4,0.00134942382082064
RP11-258C19.4,0.0013490173535714901
RP11-1012A1.4,0.0013487763591754761
RP11-305L7.1,0.0013487640713901175
RP11-495P10.6,0.0013487583018161494
RP11-459I19.1,0.0013487361563238537
RP11-737O24.2,0.0013486919911716725
PAICSP4,0.0013480688957633893
RP4-616B8.5,0.0013479052398219827
RP11-885B4.1,0.0013476457859449913
LGALS2,0.0013474930441227525
RP11-416N4.1,0.0013474404111693138
IL34,0.001347363426673772
ELFN2,0.0013473532386279563
RP11-519G16.2,0.001347289461015546
RBM43P1,0.0013463920538628706
ICAM1,0.0013461506466026082
RP11-154H12.3,0.0013458885493322105
RP5-858B6.1,0.0013458681022789289
AC017074.2,0.0013457561738650194
MTND6P25,0.0013452281912530227
CDH15,0.0013450869992269153
WAC-AS1,0.0013449627144052068
RP1-135L22.1,0.0013449562918586618
RAB44,0.0013448964076304777
CTD-2650P22.2,0.0013448119202936792
MRPL20,0.0013447712238026967
TRBJ2-4,0.001344698007516518
GGT6,0.001344359645564844
HBZP1,0.001344079911496753
IZUMO1R,0.0013437790889949085
AGO1,0.0013433958529472777
TMED11P,0.001343223439684311
AC006116.21,0.0013432216686239103
RPSAP5,0.0013429330827945548
RP11-264E20.2,0.0013429298934054612
RP3-455H14.1,0.0013429063765188873
NDUFA4,0.0013429040836905502
RN7SKP95,0.0013428625638207039
QTRT2,0.001342858660777933
SNORD114-3,0.0013426715292824245
HMGN2P41,0.001342345826648358
UPK3BL,0.0013422917008583982
ASS1P10,0.0013418828844732784
MIR514B,0.0013418562423593143
CATIP,0.0013418239073953162
MIR3181,0.0013417506737671751
RP11-98G7.1,0.0013413626602115074
RP11-499O7.7,0.0013412280323420905
RP11-944L7.6,0.0013408297298622624
ZNF624,0.001340795053721231
FAM160A2,0.0013406828966325062
MTHFD2P6,0.0013405863350586663
C21orf91,0.0013405303689626412
RP11-809C18.3,0.0013400189820929487
MIR600HG,0.0013398269992735369
AC104650.1,0.0013397722884307317
ST13P6,0.0013396263335238166
MIR181B2,0.0013394328975351057
AADACP1,0.0013394155321916528
MIR4419A,0.0013393414355710462
WFDC12,0.0013392186576750122
RP3-331H24.7,0.001338949962913061
RP5-1099D15.1,0.0013387482600660193
SLC16A14,0.00133863112972961
AC008746.12,0.0013384772841457725
GOLGA6L10,0.0013383349548655586
RP3-333A15.2,0.001338253127825904
RP11-95J11.1,0.0013382323244413405
C21orf62-AS1,0.0013381689729508616
BMS1P13,0.0013378632535315286
RP11-572C21.2,0.001337468380615875
AC066692.3,0.0013374144288485917
SYNRG,0.0013371879530529672
RP11-181G12.4,0.001337064300994128
RP11-484D2.4,0.001336848471467398
RP11-323H21.3,0.0013368251790250051
PPIB,0.0013368184608786402
CTC-448F2.4,0.0013366182387527196
RP11-723O4.7,0.0013364779401329966
AC006126.3,0.0013360785973285541
RP11-59C5.3,0.0013360518964546531
RPL9P30,0.0013359230440241452
SLC5A1,0.0013358171796029141
NDUFAB1,0.0013356289927973588
OR7E90P,0.0013354719388790977
RP11-93K22.13,0.00133546393650976
AC019181.2,0.0013353986261877202
P2RY14,0.001335395670369145
RNU6-871P,0.0013352989568672965
RNF139-AS1,0.0013349636593490105
AL354828.2,0.0013349429742093135
RPS3AP41,0.0013348357432299643
RPL37P6,0.0013347873154142766
NDUFV2-AS1,0.001334506770461211
RP6-91H8.3,0.0013341871515418929
RP11-77P16.4,0.0013341040909013282
ACSM4,0.0013339839020335604
RPL12P41,0.0013336723741800122
RP11-98D18.1,0.0013331549732500197
FAM225B,0.0013328782199330154
RP11-128N14.5,0.0013328656262788583
USP32P2,0.001332846484738148
PEX13,0.001332705345907314
SPINK7,0.0013325059769725102
CTD-2561B21.8,0.001332469095247576
SAP30L-AS1,0.0013324263165904074
C6orf229,0.0013321056564521915
RP11-421N8.2,0.0013320199668618517
CETN3,0.001331494396203033
SNAP25-AS1,0.0013314856815077837
C12orf73,0.0013313251561051836
RP11-6J24.3,0.0013312980777995056
CTB-55O6.10,0.0013310711074855511
AP001189.4,0.0013310105563211219
AC016710.1,0.001330826207235601
LYPD3,0.0013306827871414869
RP11-605F22.1,0.0013306475995152995
SLAMF8,0.0013304067508590205
CTB-96E2.3,0.0013303752358572152
RN7SL496P,0.0013303476451450962
AC096664.1,0.0013299882977216193
RP11-386M24.3,0.0013295460822257351
CTA-315H11.2,0.0013295266922114092
GS1-304P7.1,0.001329142010305322
KLF17P1,0.0013290660934138227
CTD-2373H9.5,0.0013290118338726226
CTB-147C22.9,0.0013289468268400822
LLNLR-470E3.1,0.001328847926244716
RP11-523L20.1,0.0013287770105268497
RP3-465N24.5,0.001328679947160149
RPL7P46,0.0013285259999619634
AC004231.2,0.0013285180819726167
MIR643,0.0013284583545254405
VN1R87P,0.0013283549695594287
CASC15,0.0013277947173929523
LINC00499,0.001327680782077924
KB-1269D1.8,0.0013276115635366492
AC004019.10,0.00132745893164818
ZNF800,0.0013274128828424747
RP11-660M5.1,0.001327238728887359
TMEM97P1,0.0013271938284994261
AC008592.4,0.0013271838233881988
RP11-39H3.1,0.001327056939773684
RP11-315D16.2,0.0013265300529176109
RP11-388C12.8,0.0013264058888856885
SPARC,0.0013263482687863952
RP11-16F15.2,0.0013263146555257369
LGALS16,0.0013261107426038728
LINC01047,0.0013256536795833405
RP11-211A18.1,0.0013254980797630775
ZNF845,0.0013254980214029747
RP11-159D12.11,0.0013254756157340592
LINC00602,0.0013251559813998695
RP11-20I20.2,0.001324805392051269
RNU6-103P,0.0013247584298232502
RPS3AP12,0.0013246057978194361
RNY4P19,0.0013245322704248325
LMNTD1,0.0013235242669689144
AC002511.2,0.0013229958158108772
RNU2-11P,0.0013229128587381117
TGM7,0.0013228417614445302
BCAM,0.0013226387017650748
ARSEP1,0.0013226149202963387
PCDH8P1,0.0013223687817153456
SLC35F1,0.0013222126457264499
RP13-228J13.10,0.0013217361818478937
ERH,0.0013217021595121508
RP11-152C17.1,0.0013216907125272724
RNU6-306P,0.001321578448360134
JMJD7,0.0013214523806673885
AC010504.2,0.0013214249809805332
RP11-552E4.3,0.0013209338312345968
RP13-270P17.1,0.0013208614431698843
CTB-113P19.3,0.0013205455875830894
DIO3OS,0.0013203292341575836
BARHL2,0.0013201818960431905
RBPMS-AS1,0.0013199375207819865
CDC73,0.0013195837394437476
RN7SL870P,0.0013184737609925248
RP11-180K7.1,0.0013183808558439366
PPP1R26-AS1,0.001318324982207024
RP11-485G7.5,0.0013181643424022811
CTD-2034I4.1,0.0013181064789251095
MIR122,0.001317724621445587
Metazoa_SRP,0.001317683270875676
TBK1,0.0013176262346268055
DEFB108B,0.001317155128442877
LRRC4C,0.0013169306300909289
RP11-57A19.4,0.001316766853576947
HIST1H2AH,0.0013167214349092207
RP11-547M24.1,0.0013162361892775916
RPS4X,0.0013162235776521237
RP13-270P17.2,0.0013159590695692664
AKAP17BP,0.0013159274065769324
NUAK2,0.0013157795524746773
RP11-180M15.3,0.001315692890857594
RPS7P6,0.001315656236260571
RP13-46H24.1,0.0013154512017848948
RNA5SP295,0.0013152030766966434
LINC01502,0.0013150854204042313
RP11-236P24.1,0.0013150546898441579
MIR146B,0.0013148441681038992
RP11-300J18.2,0.0013147022201785805
RP11-274A11.3,0.0013144142817363706
IL9RP3,0.0013142080931931213
PPIH,0.0013136494875481278
RP11-1000B6.7,0.0013135231491400582
HAND2,0.0013134898990059519
RP11-739B23.1,0.0013133733137571653
AC012512.1,0.0013132066834600138
RP3-467N11.2,0.0013131263474720103
CCPG1,0.001312997636467935
RP4-734C18.1,0.001312636127467974
RP11-167H9.4,0.0013120815966919087
AC012123.1,0.0013120208644620214
UPK3B,0.0013119541361796883
AP000462.2,0.001311839295694513
Y_RNA,0.0013115170086039527
Y_RNA,0.0013112098773643472
MIR4632,0.001310044659590716
RP11-369E15.1,0.0013100375430045042
HNRNPA1P69,0.0013098550625074922
AC133633.1,0.0013098500829158222
CASKIN2,0.00130956659683519
EPHB3,0.0013093226524256963
UTS2B,0.0013093018578870755
RP11-625H11.2,0.0013092359459404386
CTSO,0.001309139907200439
CTD-2340D6.2,0.0013088892828479533
MIR181A2HG,0.001308606068566704
FRRS1L,0.0013084903006040395
RP11-165H4.2,0.0013084778179528619
BOLA2B,0.0013084369832680794
GLIS3-AS1,0.001308425055329305
RN7SL736P,0.001308219554054706
AC090283.3,0.0013081625636998278
OR52N2,0.001307860519603744
TMSB10P1,0.001307150515833872
RP11-288E14.2,0.0013070808246555916
RP11-449D8.1,0.0013070446474376068
RP11-417N10.4,0.0013067342939308494
RP11-736E3.3,0.0013065046111494288
EIF2B5-IT1,0.0013063912347806507
RP11-325L7.2,0.001306361960247605
CHMP4C,0.0013060997286253315
RP11-403A21.1,0.0013060589101029033
RNU6-319P,0.0013060105599425815
RPL22,0.0013058675759831818
RP11-74M13.4,0.0013051136017949434
GLYATL1P4,0.001305084768480582
NDUFB4P2,0.0013050821034464443
AFF2-IT1,0.0013049224498832208
PGM5-AS1,0.0013045608032209008
RP11-575H3.1,0.0013044892519595325
RP4-614O4.11,0.001304399603139634
FTLP6,0.001304395243815085
MIR4520-1,0.001304359411628821
RP11-87E22.2,0.0013042676636287396
AF131216.6,0.0013041441189495953
KLF11,0.001303763107387021
RNU6-992P,0.0013034183103380658
LINC01229,0.0013033278911046679
AC015922.5,0.001303238328405688
CRYGFP,0.0013031168109668616
RP11-161H23.9,0.0013028015876576325
ZFPM2-AS1,0.0013027793364536382
RP1-305B16.3,0.0013027694515801327
RPS15AP6,0.001302450351813918
OR1G1,0.00130231475376815
Y_RNA,0.001302195476432744
C9orf92,0.0013018559722792898
RAB5CP2,0.0013012234777819293
RP11-741G21.1,0.0013008439806803098
CNOT6LP1,0.0013005236476850686
SUCLA2P1,0.0013004373446973431
RNU6-230P,0.001300380438031284
RN7SL353P,0.0012998578651669276
AC006445.6,0.0012997547842035868
RP11-981G7.6,0.0012992932022959835
RP11-386I14.2,0.0012991399848031168
RP11-420K14.1,0.0012990659915836408
WBP4,0.0012989374518841787
NOC2LP2,0.0012988822204649591
RP11-481H12.1,0.001298503538280196
HAS3,0.0012984103813883901
RP11-71N10.1,0.0012983629522804881
PLEKHD1,0.0012983406829285722
AC010127.3,0.0012981185758110807
SCAMP3,0.0012980156265400896
RP3-329E20.2,0.0012978929889039372
CH17-12M21.1,0.0012978663799753508
STK17A,0.0012978478464588691
BTBD8,0.0012977381084331068
OR2U2P,0.0012977072227638997
MYL6P4,0.0012971927273071635
APCDD1L,0.0012969046825211526
RPS27P15,0.001296859358940448
CASC16,0.0012967037804855887
NHP2P2,0.0012965331214907956
PHBP20,0.0012964051527546746
RP11-640N20.8,0.0012963834626170713
RNA5SP511,0.00129634984020799
NKAPP1,0.001296270139756302
FNBP1P1,0.0012961027887227988
AC008155.1,0.001295928874951876
Y_RNA,0.001295882363286285
CST7,0.0012958627623597036
SCGB1D5P,0.0012958395704823031
OVOL3,0.0012957080957420413
ZDHHC20P3,0.0012956647447935376
AC011997.1,0.001295554146043242
HMGB3P26,0.0012955483618847994
AC010547.9,0.001295411759147327
CTA-384D8.34,0.001295355005237669
SUDS3P1,0.0012952635240810156
OSTN-AS1,0.0012951025647883806
RP11-330A16.1,0.0012950993126637535
RP11-872J21.5,0.0012945949078367789
SLC25A3P1,0.001294090983152279
CTA-228A9.3,0.0012939738498398724
LINC01481,0.0012929943215179336
RP3-470B24.5,0.0012928578646863415
RP4-535B20.4,0.0012928358094665394
RP11-370B6.1,0.0012927827310494082
RNU6-554P,0.0012921421215622776
NOX5,0.0012920084188646893
RP11-78F17.1,0.0012919407105005407
TDRG1,0.0012918502134319128
MRPL14,0.0012917875578116547
RP11-77P6.2,0.0012917292732247414
CNTF,0.0012915642541784862
KCNJ6-AS1,0.0012914579006746108
RP11-168L22.2,0.0012913695225306538
CHTF8P1,0.0012913639622565709
AC003988.1,0.00129134641859281
RN7SL217P,0.0012912944854883842
RP11-31H5.1,0.0012908276302002293
RP11-574K11.26,0.00129075628534856
SNORA57,0.0012906125447580774
FAM72A,0.0012905318971910514
LINC01317,0.001290439693314094
RP11-671P2.1,0.001290319411254785
BSN,0.0012902876868411688
ALG1L11P,0.0012902242950564113
RP5-1097F14.3,0.0012900713858614694
RNU6-418P,0.0012900499558563606
RP11-115P21.1,0.0012899645076328795
RNY4P25,0.0012899384959749603
RP11-356K23.2,0.0012898055593015276
RP11-66B24.2,0.0012896997664474923
APOBEC3AP1,0.001289602706331475
RN7SKP9,0.0012895814005058732
Metazoa_SRP,0.0012894986636021522
PLCG1-AS1,0.0012891206973510987
CTB-180A7.8,0.0012890908636513097
NPY1R,0.0012889449155011924
AC069154.4,0.001288675037931751
SUSD3,0.0012885663541890844
RP11-545M17.3,0.001288527491227968
KRTAP5-4,0.0012884794789002926
SLC22A18AS,0.001288383245499945
RP11-85I21.1,0.0012880698277758958
SPAG4,0.0012879982371677996
RP11-401P9.5,0.0012874639534817532
CLEC6A,0.0012872282857735258
SNORD91A,0.0012871912905280994
ANXA2P3,0.0012870459146457664
CCL26,0.0012865736476586342
ACA59,0.0012864721669069044
RN7SL596P,0.0012864269640146032
RP4-771M4.3,0.0012862703369842172
FOXH1,0.00128626928621817
INSL3,0.0012861509441731936
bP-2171C21.3,0.0012860386135803894
RPL3P9,0.0012860303745152789
RP5-973N23.4,0.001285959311910711
ID1,0.0012858144722543512
RP11-133N21.10,0.0012849228887896072
NDUFS5P4,0.0012845930298020036
C6orf120,0.0012844921694412043
SOGA3,0.0012842699236845887
THAP12P4,0.001284242837044592
VGF,0.001284117914546109
MT-RNR1,0.0012841158810573067
RN7SKP197,0.0012841022264252638
IFNW1,0.0012834042496280462
FAIM2,0.0012831399775793254
FAM47C,0.0012830974362474296
CTD-2049O17.1,0.0012827974811970952
ANXA2P1,0.0012825736253348988
RPL13AP,0.0012825223617960123
EXOC7P1,0.00128245040696264
SELENOM,0.0012823776138153051
SLITRK6,0.0012822796631388762
ARMCX3-AS1,0.001282019867612481
MESP2,0.001281664435984374
ZNF793-AS1,0.0012812553811873107
RP5-884C9.2,0.0012809535297148426
MPC1L,0.0012806675103750093
CTD-3253I12.1,0.0012805473230876178
RP4-745K6.1,0.0012803135175221407
RP11-370I10.10,0.0012799255071694916
IFNA2,0.001279111344244644
RP11-497K15.1,0.001279017915378815
RP11-124O11.1,0.0012789409655668599
RP11-252O18.3,0.001278535267317231
RPS26P55,0.0012784501023478372
RP11-427M20.1,0.0012784298437995925
RP6-109B7.2,0.0012779817917308058
RPS26P8,0.0012779203185401943
PSG3,0.0012778609138627513
IGIP,0.0012776236849513438
AC009970.1,0.001277445728832859
LINC00278,0.0012772672516448036
AC092667.2,0.0012772628925613956
GS1-600G8.5,0.0012772520389706021
GPR3,0.001277216915771864
TRPC5OS,0.0012768959082802868
RP11-554D14.3,0.0012767235139584205
ZBTB46,0.0012767065410146544
RP11-298C3.2,0.0012766210769534522
RP11-1099M24.8,0.0012761881092423835
RNU6-1028P,0.0012758412200282571
LINC01058,0.0012757617850137103
CDKL5,0.0012746207882076738
RNU6-823P,0.0012744288533809343
SLC2A3P2,0.0012744216403717634
MTND6P2,0.0012742463805571953
RP11-138B4.1,0.001273977257433544
HNRNPA1P57,0.0012739754725500047
UNC93A,0.0012739730632059278
RP3-453P22.2,0.0012737470741235736
CLEC3A,0.0012736904371000776
RPS27AP2,0.0012733271242767346
ASS1P11,0.0012732930818939857
APPL1,0.0012732165460843537
CTD-2249K22.1,0.0012731876976750213
RP11-573J24.1,0.001272948026094623
LA16c-360A4.1,0.001272851217744389
UBL5P2,0.0012728511580782243
CTD-2193P3.2,0.0012726049740786408
COMMD3-BMI1,0.0012724313600326592
ALOX12P2,0.0012723974389998774
MCHR2,0.001272354717364244
RP11-335L23.5,0.0012722847392279983
RP11-34A14.3,0.0012722652448661717
DGCR5,0.0012722371281778902
ANKRD30BP2,0.0012721842520679795
TBCAP1,0.0012721345479202281
MSANTD1,0.0012720805143422232
AF013593.1,0.0012720764734110365
MIR4642,0.0012720683875809152
FAHD2P1,0.0012715938274804515
XIST,0.0012715695721640975
ZBTB11,0.0012711147296096475
AC021016.7,0.001270280500771545
GAPDHP49,0.0012702537989701759
GRK5-IT1,0.0012700746676691
SETP14,0.0012697058730791176
UBQLN4P1,0.0012695112522099715
SRSF10P1,0.001269440111253737
RP11-545I10.2,0.0012692632901138564
OR51B4,0.0012690721356963734
RP11-85E16.1,0.0012687800462310745
MIR550A2,0.00126849606533887
RP5-1025A1.3,0.0012684699100442036
CTB-58E17.2,0.0012682883491869255
RP11-693J15.3,0.0012680551458001648
MIR1262,0.0012679930459337236
MIR381,0.0012679917298605826
PSMD6-AS2,0.0012679368752329457
RP11-157L3.12,0.0012678859187603005
ZFP3,0.0012674103149732188
RNU6-790P,0.0012673630345313939
RP11-70F11.11,0.0012672645298472613
RNA5SP373,0.0012671169823219076
RP11-395B7.4,0.0012669732751018111
C22orf42,0.001266887222842947
VTI1BP2,0.0012668044957512433
RP11-1258F18.1,0.0012665838945517026
RP11-420N3.2,0.001266479722449913
RP11-588H23.3,0.0012663464744523058
RP11-278I4.1,0.00126632823868194
RP11-98D18.16,0.001265852258683465
CTC-436P18.4,0.0012657102414856767
CTD-2547E10.3,0.0012655750570438103
MRPL50P2,0.001265551158046722
CTD-2012J19.2,0.0012655379391771269
Y_RNA,0.0012654510228785
HSBP1,0.0012652942115451713
RP11-284A20.2,0.0012651838787982718
UTP15,0.0012648950956438837
RPL34P27,0.0012645619101116072
KCND2,0.0012644134402170304
CTDSP2,0.0012644119821357536
RP11-793H4.1,0.0012636663523566895
RP11-274B21.12,0.0012636594040969936
RP3-518E13.2,0.0012632581468752949
RP11-1023L17.1,0.0012631994159579168
ORM2,0.0012631609573089085
AC009487.5,0.0012631476187549406
TATDN2P2,0.0012631000791844403
ZNF526,0.001262846394496198
SLC27A5,0.0012626578707600228
POU4F1,0.001261930998072986
RP11-532M24.1,0.0012619267533997137
RPL5P9,0.0012618571581030627
RP11-155L15.1,0.0012615726285197795
RN7SL417P,0.001260864537567846
RP11-185J20.1,0.00126066190744934
RP11-73B2.6,0.00126048659894339
TNFSF12-TNFSF13,0.001260435370509894
CXCL2,0.001260064324845406
CTC-431G16.2,0.0012600521818314746
RP11-839G9.1,0.0012599380934057824
RP11-544O24.2,0.0012598829027044148
C2orf57,0.0012594893305607746
NCAPGP2,0.0012593907973254175
RP11-495K9.7,0.0012593336043637922
LINC00290,0.0012591787815913725
ALOXE3,0.001259047562503623
CD164L2,0.0012589492260120956
RP5-940J5.3,0.0012584587944693508
RP11-49I11.4,0.0012583685497816878
AP006547.3,0.0012583445149192739
LINC00271,0.0012581426280216846
CCS,0.0012578862148499579
PIK3IP1-AS1,0.0012574413477060126
ST13P2,0.0012574327237796993
CITF22-62D4.1,0.0012573616069932935
MAPKAPK5-AS1,0.0012573551870054842
TAS2R42,0.001257225244160041
RP11-1096G20.5,0.0012564050037245948
CRHR1,0.001256238093041154
AP000563.2,0.0012562160225294335
LRP6,0.001255981843049434
PIK3CD-AS1,0.0012555983540001416
MIR367,0.0012555325553914717
RPL7AP58,0.0012553899577650324
RP11-184M15.2,0.0012553535978872881
SPDYE1,0.0012551551604113465
RP11-61O11.1,0.0012549167490478192
CTC-535M15.1,0.0012547167615237055
Y_RNA,0.0012542782848746258
CTC-436P18.3,0.0012542047418155605
RP11-1149M10.2,0.0012541527318837135
CTD-2540F13.2,0.0012541419436293245
PRKCSH,0.00125385753095467
CTD-2528A14.5,0.0012534748011892212
CUBNP3,0.0012534153971665756
RP11-323C15.2,0.001253328930493408
RP11-433O3.1,0.0012531960875896057
RNU6-940P,0.0012530556849733193
RP11-203F10.6,0.0012529991746761055
RP11-76P2.4,0.00125281561265509
TMEM132C,0.0012526960555376246
PIK3C2G,0.0012525669612443203
NIFKP8,0.001252493148627966
PCDHGC5,0.0012524720314410175
SCG2,0.0012524617101013252
KRTAP1-3,0.0012524502616943183
TPT1P1,0.0012524249721847706
RP11-661C3.2,0.001252011446358304
THSD4-AS1,0.001251944729706698
RP11-769N22.1,0.0012517206142505888
TRPA1,0.0012516617598729127
CTB-88F18.2,0.0012516111721654051
LINC00428,0.00125130404440717
RP11-83B20.2,0.0012511179722609158
RAB6B,0.0012510004133531004
RP3-388M5.9,0.0012508421585151629
RP11-141E13.1,0.0012504966435154445
AC097533.1,0.00125020245192382
VSTM5,0.0012501589683916552
MIR5687,0.0012499254366082496
RP11-445N18.5,0.001249331585837751
RP11-963H4.2,0.0012492628640160162
MTHFD2P2,0.0012491883685734426
RPSAP76,0.0012491254363832334
RNU6ATAC3P,0.001248825262593079
RNU7-11P,0.0012486519921439318
RP3-414A15.10,0.0012485967979272798
RP6-99M1.1,0.0012484853927695562
RP11-571O6.2,0.0012483958264478824
RN7SL832P,0.0012481961552852725
RP11-332H18.3,0.001248177419437139
bP-2171C21.4,0.0012479409473447325
RP11-25C19.3,0.0012476392784142637
LINGO1-AS2,0.0012470933044964859
C8orf31,0.0012469450342346808
CNTNAP3P5,0.0012468037567153712
SNORA26,0.001246433262537625
RP11-273B20.1,0.0012463686184834878
Y_RNA,0.0012460529551594646
RN7SKP143,0.0012460446730474244
RP11-638F5.2,0.0012458581305784505
AC010132.10,0.001245755942927085
YWHAEP5,0.001245684558455007
RP11-377G16.2,0.0012453910732299596
RP11-763E3.1,0.0012448874006877734
RP11-38L15.3,0.0012447913963468816
C2orf71,0.001244661733943216
MAST1,0.0012445813634257995
AP000351.3,0.0012445018287397744
SNORD39,0.0012441091912121444
SLCO6A1,0.0012439967339838284
C10orf25,0.0012438275257654328
RP11-429B14.1,0.0012438059176390888
RP11-234B24.4,0.0012437474434447877
RP11-118M9.3,0.0012431331374297746
LINC00589,0.0012426111789870739
RPS3AP37,0.001242509200849397
RN7SKP129,0.0012424427308111257
LINC00102,0.0012422356927149732
C6orf3,0.001242060029863285
RP11-565F19.3,0.001242025687469979
RP11-806L2.5,0.00124188316637563
MRPL16,0.001241548553769713
LAT,0.0012414783511832768
RPS12P10,0.001241394640759117
RP5-1121H13.1,0.0012413859048616151
INMT,0.0012413641386736416
NAMPTP1,0.0012410798750394434
ST3GAL6-AS1,0.0012401887482257166
PPIAP7,0.0012401444132372505
MIR8070,0.0012398522541618082
GAPT,0.0012396486809396732
PPIAL4G,0.0012395041172672033
MRPL15P1,0.001239119441496988
RP11-52A20.2,0.0012388953191260473
RP11-669M16.1,0.0012383000106797346
RPL17P25,0.0012381161962388772
KIF18A,0.0012380898579187891
HS1BP3-IT1,0.0012379576063431968
Y_RNA,0.001237649019232833
RN7SL78P,0.0012376374916755282
MAP1S,0.0012375300585058951
AC093326.3,0.0012373773210994851
TMEM185AP1,0.001237348630730537
RP11-392O1.4,0.0012370881897117848
ING2,0.0012368655433023295
CTC-429L19.3,0.0012367859348934355
NPM1P47,0.0012366506507878133
RPL23AP61,0.0012364066532670355
RN7SL726P,0.0012363490682570399
RPL35AP4,0.0012363180256500937
RP11-165H23.1,0.0012361462574637001
BANF1P5,0.0012359392505270409
CNN2P2,0.0012357955073855412
RAC3,0.0012355662164580269
LINC00473,0.0012355626491950085
DKK4,0.0012353916053414423
RPS6P20,0.001235386878181556
NCR3,0.0012353833801182796
COX7BP2,0.0012353773727604694
RP4-761J14.8,0.0012353384294287583
ACVR2B-AS1,0.0012353119999592116
GADD45B,0.0012346911215535986
INE1,0.0012341927617644309
RP5-1174J21.2,0.001234156732743609
PBX2P1,0.0012339976775948432
MARCH3,0.0012338693480607843
GS1-114I9.3,0.0012336349092729386
RP11-692M12.5,0.001233429052648908
LINC01597,0.00123337325592372
BNIP3P20,0.0012331631305946094
MTCO2P20,0.0012331169778121939
RP11-650L12.2,0.0012330742863377144
CTB-47B8.1,0.0012326193240013335
LINC01603,0.0012324377353189085
RP11-263G22.1,0.0012323294604164115
RPL23AP56,0.0012322602127240725
AKR7A3,0.0012322110327169663
RP5-1136G13.2,0.001232157215829994
RP11-325K4.2,0.0012321021772807137
COX6B1P4,0.0012320786561577646
TRBV6-7,0.00123202328419848
CTD-2193G5.1,0.0012318559044212285
CTC-459F4.6,0.0012314514377041712
RNU6-269P,0.0012312550758551877
AC092620.3,0.0012312237567178466
RP11-489O18.1,0.0012308895501390814
CRHBP,0.0012307792118445423
CTD-2571L23.9,0.0012305898901747822
AC138517.5,0.0012305760693809924
GK3P,0.0012304810671055263
OR13H1,0.0012304318230047567
RP11-75L1.6,0.0012303682458491253
FKBP1AP3,0.0012301631354673262
CARD8-AS1,0.0012297685608257409
EIF3LP2,0.0012292018398587868
CTD-2385L22.2,0.001229076548373498
RPS3AP4,0.0012289291558024585
RP11-15B17.2,0.0012286440422344812
RP11-379L18.1,0.0012284301967282482
RP11-351O1.3,0.0012281785435639605
NLRP14,0.00122813242787996
RP4-775C13.1,0.0012279618723955788
PFDN4,0.0012279471011457399
RP4-758J24.4,0.0012276970288112362
RP11-367G18.1,0.0012275525688627863
CALM2P4,0.0012275268923695052
AC009892.9,0.001227404248334778
C3orf62,0.0012271803917711006
RP4-784A16.3,0.0012271641755663325
RP11-135F9.3,0.0012270469633842672
RP3-407E4.4,0.001225975749491824
PSMC1P7,0.001225972402008304
ECHS1,0.0012259420547735189
CTC-137K3.1,0.0012256088788174487
HCG23,0.0012253962266454562
LAIR2,0.0012252292061419412
CTD-2210P24.6,0.001224928614166689
RP11-3B7.7,0.001224844361026366
Metazoa_SRP,0.0012246128967812668
CBSL,0.0012243129264658333
GS1-304P7.2,0.001224266053385791
RPL31P28,0.0012242123759071692
CRYAB,0.001224191407579129
RP11-635O16.1,0.0012239800439495386
RP11-422P24.9,0.0012238033092020577
RP13-560N11.1,0.0012236050122815696
LRRN4,0.0012234715424673946
AC005624.2,0.0012234130710958085
CTD-3128G10.7,0.0012232312943650013
RP11-244J10.1,0.0012231295983722008
HRG,0.0012230209662273798
CTD-2537I9.15,0.001222896778950566
RNU6-917P,0.0012224401197713456
GAPDHP38,0.001222337388253361
FLJ37453,0.0012222447809931048
LINC01616,0.001221736627001248
RP11-236P24.3,0.0012216878349299025
RP11-713C5.1,0.0012214880008091485
PNMA2,0.0012214291488875921
Metazoa_SRP,0.0012213190957268472
OTOG,0.0012212628420025821
RP11-314N13.3,0.0012212361726602926
BRDTP1,0.0012211630990976866
CTAGE9,0.0012211383804853384
Metazoa_SRP,0.0012208053952564553
MIR6124,0.0012205866406099879
RP11-356M20.3,0.0012204940534041797
RP11-46H11.2,0.001220334738403997
MARS2,0.0012203169841166585
HMGN2P28,0.001220242070189509
AF131215.8,0.0012202071946726524
Y_RNA,0.0012200482516992732
DTHD1,0.0012199564812535387
RP11-515O17.2,0.001219711458949747
AC079117.1,0.0012193119671159098
RP11-379K22.3,0.0012185790093712373
PGAM5P1,0.0012179527937674396
SNORD41,0.0012179287718973811
CHKB-CPT1B,0.0012177809945502945
PDZK1P1,0.001217725758759079
RP1-302D9.1,0.001217609079021754
RP11-325E14.5,0.001217180740785894
CACNB3,0.0012171219436246208
ZBTB8OSP2,0.0012171181550364452
GS1-306C12.1,0.001216481948921033
RP11-22B10.3,0.0012161165484433454
RP5-1184F4.5,0.001216050510370382
RP11-44N11.3,0.0012160212111248022
RP11-349G13.2,0.001215774994757309
MIR6500,0.0012156908081393024
SLC17A7,0.0012155642691767342
RP11-102D18.1,0.0012155444882357407
ZNF519P1,0.0012152650305931544
ALDOAP2,0.0012152616594324132
CDKN2AIPNL,0.0012147415003441453
RP11-615I2.2,0.0012145323274866623
HMGN2P27,0.001214386641668602
SPATA19,0.0012143135169701484
CTD-3216D2.5,0.0012143030295514604
ZMIZ1-AS1,0.0012141688991313645
NKAPL,0.001213920793096896
RP11-316N24.2,0.001213671039593774
RP11-274H24.1,0.0012134321953082864
RP11-259P15.4,0.0012134056625390432
FAM209A,0.0012133173591882631
RP11-264J4.8,0.0012133090906080962
RP11-196H14.2,0.0012129938787797804
RP4-785G19.2,0.0012129883088651634
AC093702.1,0.0012122351314678035
PIGHP1,0.0012122173858134908
AC009237.10,0.001212153381997337
RN7SL810P,0.0012120881515030111
ITGB3,0.0012120570177688885
NECTIN1,0.0012117275482637344
RP11-804H8.6,0.001211615385676603
SLC25A15P3,0.0012115248250397436
RP11-462G12.4,0.0012114951147932553
RN7SL209P,0.001211440000666205
RP11-110J1.2,0.001211437327972705
RNA5SP154,0.001211408065538373
RP11-308D13.3,0.0012110164656468907
CTD-2357A8.3,0.0012105916985142573
RP11-234G16.5,0.0012104699447695701
RP5-1103B4.3,0.0012102870727184656
HNRNPA3P7,0.0012102233037361103
RP11-378J18.6,0.0012100185013206822
Y_RNA,0.0012099537226537315
HMGN1P14,0.00120986000396971
CTB-14A14.1,0.0012095578050148725
RP11-654A16.1,0.0012093999125714194
AP000662.9,0.001209359116097372
RN7SKP246,0.0012092064295291384
FAM9A,0.0012091954500540994
NXF4,0.001209118627848972
LA16c-395F10.2,0.0012090261062625237
CHRNB3,0.0012089897402817954
RPS3AP6,0.0012086877759763333
CAT,0.0012085141061402454
RP11-462B18.3,0.0012084909586378403
ZCCHC16,0.0012084817596712395
RP11-234N17.1,0.0012084093029413447
OR7E145P,0.0012083182876872617
RP11-420M1.2,0.0012081554719208772
AC007326.10,0.0012079157319966997
RP11-13A1.2,0.001207538075576262
RPL21P93,0.0012074088798685468
RP13-143G15.4,0.0012072352265727721
NTSR1,0.0012071938547175978
LINC00349,0.001206847348614083
AC079922.3,0.0012068157156636297
RPL36A-HNRNPH2,0.0012067292082969011
RP11-262D11.2,0.0012066703298615963
RP11-545G3.1,0.0012060548582007017
RP11-759A9.1,0.0012057635423350082
TPT1P10,0.0012054930514733978
RP11-521A24.1,0.0012049192117467267
FMO8P,0.0012047875037909767
RP11-132M7.2,0.001204489997926318
RP11-798K23.4,0.0012044817734463721
RP11-57H14.2,0.0012042757746389568
RP11-373D23.2,0.0012042529411204841
RP11-335I12.2,0.0012040150255787135
FRG1KP,0.0012039467604140377
RP11-703M24.5,0.0012039118247248162
TMEM215,0.0012038260614932292
ASTN2-AS1,0.0012037266492720437
RP1-228P16.4,0.001203702826015704
RP11-138H8.6,0.0012036518846882545
LINC00333,0.0012036103866515256
CTC-542B22.2,0.0012034187613997281
RP11-1008C21.1,0.001203406006175137
LINC01099,0.0012032965366367656
5S_rRNA,0.001203217824119053
TNFSF8,0.0012031253298143323
RN7SL715P,0.001203119165169862
RP11-274B21.14,0.0012030601283078552
CTA-360L10.1,0.0012029426973187002
AC004057.1,0.001202915735335159
ITGA1,0.0012029115152625836
MIR4323,0.0012029023627435408
FRG2DP,0.001202646943420447
GPR174,0.0012024192473871903
Y_RNA,0.0012024166583641663
Y_RNA,0.0012022787462896535
AC006195.2,0.001201878263840906
RP5-991G20.1,0.0012017783096123092
CHST11,0.0012017015597485493
POLR3G,0.0012016594881161572
RP4-564O4.1,0.001201540677073376
CAB39P1,0.001201408727650275
TIMD4,0.0012011547060796351
RP11-255A11.2,0.001200975221072747
MIR4655,0.0012008876376457416
LINC00836,0.0012006249502124248
RP11-61L19.3,0.001200411992412539
RP11-138E16.1,0.0012003751129916085
RP11-758N13.1,0.0012002792066549517
AC005786.5,0.0011998893815707678
RP11-720L3.1,0.0011997451536730405
RP3-417O22.3,0.0011995307022328722
MTND3P10,0.001199398504572235
SUB1P1,0.0011993910821508937
AC018737.3,0.0011992897123965737
SPON1,0.0011992711460359188
RP11-488C13.1,0.0011990376304678026
IL18RAP,0.0011990123771561825
C7orf72,0.00119897116547705
CTD-2576N18.1,0.0011988712091144332
SLC25A5P2,0.0011988306051705642
FAM83E,0.001198744054182697
SSSCA1-AS1,0.001198592516031976
RP11-678G14.5,0.0011982971092136527
MIRLET7A2,0.00119809944701736
MARK3P3,0.0011980701915669043
ZNF29P,0.0011979634627275414
LINC01234,0.0011976404738666935
OR5G3,0.0011976384327672316
RP1-40E16.2,0.001197397178974568
RP11-1102P22.2,0.001197147432657412
RP11-324J13.1,0.0011971251076573004
COX10,0.0011970282820356675
CTB-113D17.1,0.0011969883134469244
POLR2I,0.0011969700962870813
UBBP3,0.0011969507902021821
MIR548A3,0.001196879866785076
C17orf51,0.0011967170285408018
MRPL30P1,0.0011966232936536344
RP11-1072A3.4,0.0011964632393375487
SSMEM1,0.00119624959308826
RP5-1056L3.3,0.0011961820820561731
CTD-2023N9.2,0.0011961509660481525
CLIP1-AS1,0.0011959776047717802
ZBED5-AS1,0.0011959563762462277
CTA-293F17.1,0.001195608074094079
RP11-20P5.2,0.0011955902179775497
CTD-2555A7.1,0.0011950382961093786
CTD-2561J22.2,0.0011948941893324438
ALDH1L1-AS2,0.00119483210353221
RP11-32B5.7,0.0011946397172958164
RP11-61J19.3,0.001194565858645869
RP11-603J24.7,0.0011944926550547276
SNHG8,0.001194299415219998
AC104076.2,0.0011938803983907555
MIR199A1,0.0011938138267902022
OR7E37P,0.0011936795931877964
Y_RNA,0.001193663461436192
RNPS1P1,0.0011934674679326372
MIR661,0.0011933042286129555
RPSAP48,0.0011932113829705609
RPL39P6,0.001192873648659331
MTCO3P23,0.0011927571575549754
RPL21P41,0.0011927509045202114
MRGPRX3,0.0011927346380833242
SUSD5,0.0011926124241697558
TXNP3,0.0011925992947201464
RAC1P2,0.0011925979935256763
RP11-319E12.2,0.0011924855482070263
PRKACG,0.0011924128887581102
H2BFWT,0.0011924081224400152
RP11-578F21.6,0.0011923344230455968
NUFIP1,0.0011920443741640192
RP11-95M5.1,0.001191760981816897
PCSK1,0.0011916635663149755
SNORA12,0.0011915070566511571
RP11-177G23.1,0.001191486216583657
MRPS18C,0.0011914533428105498
RP11-890B15.3,0.0011912435170317872
HBBP1,0.0011911682856164177
CT45A1,0.0011911159202297869
MIR222,0.0011911095358999996
CTD-2026G22.1,0.0011909201284786152
CD177P1,0.0011907817581867622
TEX29,0.001190777039461555
CACNG6,0.0011904312200639237
MT-TH,0.0011903094277762624
RP11-115D19.4,0.0011902387445713255
RP11-49O14.3,0.0011901572979306377
TPTE2P1,0.0011901290806153025
ZNF708,0.0011899701064572174
HOXC13,0.0011899434588245987
ZNF516,0.0011898495707302567
RP5-1178H5.2,0.0011895153972437964
RP4-669P10.16,0.0011894188743937766
LINC01581,0.0011893547064392568
RP11-624M8.1,0.0011890667556543604
HMGN3P1,0.0011888034018674922
NPM1P8,0.0011887290757246222
COX6CP16,0.0011883468258674728
RP11-544M22.8,0.0011883058219642013
RP11-127B20.3,0.0011882835909025411
RP11-118E18.2,0.0011879202278897887
AC004692.4,0.0011878476718724465
RP11-624L4.1,0.0011877776117094892
SNRPGP9,0.0011875728078238762
RP11-680F20.4,0.0011875547458960838
HEPACAM,0.0011874190583325245
CTD-2515C13.1,0.0011873956740338543
RP11-253I19.4,0.0011868855478380268
RP11-39E3.5,0.0011866628158158934
AC002550.5,0.0011865656313180743
SMAD1-AS1,0.001186017250581767
COPS8P3,0.0011859669883834887
DYNLT1,0.0011857040671006925
RPS8P4,0.0011856755389431939
RP11-119H12.5,0.0011856662470755375
ATF4P3,0.001185596051954359
RP11-34F13.2,0.001185525073406103
RNU6-799P,0.0011853595063596538
LINC00266-1,0.0011853076521612968
RP5-951N9.1,0.001185284280981335
LINC01598,0.001185262887372931
MRPL49,0.0011851999601150995
RP11-1338A24.1,0.0011851705464487917
OXSM,0.0011851643774447313
RNU6-40P,0.0011850762204303783
SCHLAP1,0.0011850443344850524
ZNF724,0.0011849421547068864
RPSAP7,0.0011848440114429304
BNIP3P38,0.0011847570953650035
RP11-120E13.1,0.0011844484657787602
ALKBH4,0.0011844039450135727
LINC01007,0.0011843351879142448
ST3GAL5-AS1,0.0011842653261720517
KRTAP5-14P,0.0011840871057137224
SNX18P12,0.0011839775880798792
RP11-867G2.6,0.0011837691789241369
LINC01444,0.0011834462542449995
OR2A13P,0.0011833933453183063
RP11-177N22.2,0.0011833668957004786
RP11-459F6.1,0.0011833323680306793
Metazoa_SRP,0.0011833029042169444
SULT1A2,0.0011832666943838814
RNU1-88P,0.0011831957856456403
SPACA5B,0.0011831795357985818
LINC00636,0.0011822993776646816
RP11-713H12.1,0.0011822965471406125
RP11-86H7.6,0.0011821224892320876
RPSAP71,0.0011819825029236208
PHBP2,0.001181753559672336
KRT20,0.0011815560681424336
VDAC1P13,0.0011813568332405583
RP11-385E5.5,0.0011811947920559026
LL0XNC01-237H1.3,0.00118102314070377
RP11-616M17.1,0.0011810108835641976
AC010226.4,0.0011809955373087526
RP4-597N16.4,0.001180951820048241
Z83851.4,0.001180651601432556
RP11-368I23.2,0.00117999276151707
RP11-294N21.3,0.0011799429320419879
RP13-554M15.2,0.0011797115348349207
RP11-568K15.2,0.0011796645869629428
RP11-356J5.4,0.0011791909920157158
AC022182.2,0.0011791752158921878
RP11-138H8.2,0.0011788112067871712
RP11-390K5.3,0.0011787892928417508
ATP13A5,0.001178690189232151
DLL3,0.0011786236717777295
RPL15P14,0.0011786170409958908
RNU6-106P,0.0011786109673415663
RP11-752G15.10,0.001178578967919576
RP3-508I15.21,0.0011785449151955475
RP5-854E16.2,0.0011783324589998282
RP11-400N13.1,0.0011782216710904676
RP11-569G13.2,0.001178063027891673
OR2L3,0.0011777966927364986
AC012668.1,0.0011775868601159069
RP11-490D19.8,0.0011774837321216554
CTA-276F8.1,0.0011773527670879455
LINC00484,0.0011771762187390488
RNA5SP57,0.001177174093739666
RP11-956E11.1,0.0011768727306702555
LINC01266,0.0011767615822671025
RNVU1-18,0.001176609779911427
CTD-3220F14.2,0.001176584020180922
RP11-46I1.2,0.0011765116344952102
RPL18AP7,0.001176454694640443
MIR4677,0.0011763717556605956
CTC-471C19.1,0.0011760748454035558
PHEX,0.0011759459003999719
RP11-540B6.3,0.0011758875190967671
ENTHD1,0.0011758580184536894
RP11-94M14.2,0.0011758566190056025
CISTR,0.0011758392260493172
PHBP10,0.0011758321876611038
DCSTAMP,0.0011757377819773375
RP11-840I19.3,0.0011755067771395994
SATB2-AS1,0.0011751564191550808
RP11-170M17.1,0.0011748776987602187
WIZP1,0.001174537281372327
HIST1H4I,0.0011744013429432884
MIR365A,0.001174378752788741
RBPJP6,0.0011743273557290618
H19_3,0.0011738018947185212
PRSS55,0.0011738000789908584
LRRC31,0.0011736607598252671
RP11-8P13.5,0.0011734743555684038
RN7SL583P,0.0011733149699747838
PCCA-AS1,0.0011732724532022782
CTD-2140G10.2,0.0011732408093350038
RP11-463D19.2,0.0011732331085396253
HNRNPA3P14,0.001173195213856458
RP4-635E18.9,0.0011729067618700124
RP11-848P1.2,0.0011727854572659072
RP11-460B17.3,0.0011727584070695854
IQCJ-SCHIP1-AS1,0.00117270016589504
SETD1B,0.0011723190283545522
HRCT1,0.0011722045587249518
RP11-885L14.1,0.0011721909731555332
GAPDHP66,0.0011716722210308652
RP11-217L21.1,0.0011713856733946196
NNT-AS1,0.0011713409270935498
TAS2R30,0.0011712114038912567
RP11-218E20.3,0.0011709676676629035
RP11-218M11.3,0.0011709195238577758
RP6-204F4.2,0.0011708345008018405
PPIAP19,0.0011707240876673926
FAAHP1,0.0011704848092073752
MIR544B,0.0011704648951778934
EPN2-AS1,0.0011704461484198956
TRIM64B,0.0011699075392978488
PRKDC,0.001169798337044328
RP11-403D15.1,0.001169135907520466
SF3A3P1,0.001168920510553868
RP11-322L17.1,0.001168164859985522
EIF4BP7,0.0011679982598719514
UBTFL9,0.0011676904262151878
SMIM3,0.0011673688330606671
uc_338,0.001167301121434465
AC008592.3,0.0011671382652394056
RPL7P6,0.0011670116260809737
RP11-27G22.1,0.0011669708858391603
BLACAT1,0.0011666512079615756
CTD-2542L18.1,0.001166470588358151
FLG-AS1,0.0011663129488807872
RP11-20O24.1,0.0011662472605293013
Y_RNA,0.0011661273895295229
STPG3,0.001166045181904522
NDUFAF1,0.0011660042132547483
RP11-802D6.1,0.0011658576601493152
MTCO3P44,0.001165833885674171
AC016991.1,0.0011657784820827506
GJC3,0.0011656624257706477
RP4-705F19.1,0.001165622528096864
LINC01153,0.0011656057181466967
RP11-165F24.5,0.0011646474868916902
MIR137HG,0.0011645867222381256
AC005224.2,0.0011645644294639144
SLC35G6,0.0011645348709401742
MINOS1-NBL1,0.0011645131800182343
RAB19,0.0011645033172479281
RP11-475D12.2,0.0011642762651099692
MTCO1P29,0.001164216860170539
CRH,0.0011639733607393646
ZNF101P1,0.0011638866395035925
MMP24,0.0011637151183292805
RP11-802O23.4,0.0011636234626753073
Y_RNA,0.0011636012166928386
CTB-167B5.1,0.001163524669906123
RP13-895J2.8,0.0011634205069373344
IDI2,0.0011633945584344407
PCGF7P,0.0011633846894840633
RP11-157H4.1,0.0011632226104172872
RP11-403P17.6,0.0011628595830416829
RP11-543E8.2,0.0011627542881134905
PAICSP3,0.0011627005014879007
AC098617.1,0.001162577747904937
PIGU,0.0011625193531727151
RP11-529H2.2,0.0011624617613567114
PDK4,0.0011621997852599882
RHNO1,0.0011619994902913433
RP11-599J14.2,0.0011619668443738117
RP11-296I10.5,0.001161964207976469
TMEM69,0.0011611339869050088
AC087650.1,0.0011611278625213266
RP11-42A4.1,0.0011611142540839592
RPL7AP28,0.0011610765033216398
MIR374A,0.0011610134454569342
AC006946.17,0.0011609993964559174
TPM3P1,0.0011608110810873327
RP11-386G11.5,0.0011607795038695936
RP11-77O7.1,0.0011605928052355787
RP11-399C16.3,0.0011605774358307405
RP11-47I22.1,0.0011605430143462458
RP11-572B2.1,0.001160033962669887
CHRM3-AS1,0.0011599423216859723
C1orf210,0.0011598023241346275
CTA-445C9.14,0.001159761869364029
RP11-562A8.4,0.0011596586551408826
CTD-2555O16.1,0.001159584277235836
CTD-2342N23.1,0.00115954618569505
AC093110.3,0.0011592599136742649
PNPT1P1,0.0011592411073595113
LHX1,0.0011591647919233297
RP11-139G7.1,0.001158828364208327
RP11-69L16.6,0.0011587976754076476
A2ML1-AS1,0.0011585794535744248
RP11-45F15.2,0.0011585629393686613
RP11-423P10.2,0.0011585259999941657
LHFPL4,0.0011585215285655828
RN7SKP195,0.0011581530865274628
ZNF602P,0.0011581432602729969
CBLN2,0.0011581382071148341
HUNK-AS1,0.0011578891721864965
HNRNPCP6,0.0011578852467351165
uc_338,0.0011577975042135937
RP11-752L20.3,0.0011577125840830438
SNORA9,0.001157704559918231
KRTAP5-7,0.0011576137007167032
PRH1,0.001157470201790182
LINC01587,0.0011571561652606737
RP5-1172A22.1,0.0011570267483991309
YRDCP1,0.0011569188891919857
RPL17P49,0.0011568552884081375
YWHAZP4,0.0011567662220370732
RP3-348I23.2,0.001156552455440061
AP001601.2,0.00115653915925446
RP11-554D15.1,0.0011565220206274222
RP5-867C24.1,0.0011564799059274981
MAB21L1,0.0011563836793832248
RP11-162D9.3,0.001156375207802072
RP11-17A4.4,0.0011563347540741705
RP11-431K24.3,0.0011559122801386539
CTC-436K13.1,0.0011558105668843695
RP13-895J2.2,0.0011557630163449811
RP11-334E6.3,0.0011555136323521445
CTB-50L17.14,0.0011553472463782088
MTCYBP41,0.0011553422739143235
RP11-145A3.1,0.0011552464111280493
RP11-723D22.2,0.0011550626142300484
HMGA1P7,0.0011550220115403114
PFN1P6,0.0011549794008488472
RP11-1H8.1,0.0011548785011958988
RP5-935K16.2,0.0011547375725782924
S1PR3,0.0011544771832568536
RP11-93K22.6,0.0011543858316730537
MIR5579,0.0011543449494311952
RP11-706O15.3,0.0011542957449878725
RP3-426I6.6,0.0011538701708183048
RP4-677H15.4,0.0011538473614693295
RP11-394I13.3,0.001152762761039286
RPS4XP16,0.0011525701530612801
RNU6-650P,0.001152542497092673
HIGD2B,0.0011520000335684345
AC008280.1,0.00115188341844386
WI2-8325B5.1,0.0011518555075721905
AC007365.4,0.0011515677978458751
RP11-140K17.3,0.0011513298865857698
GLTSCR2-AS1,0.001151121262753443
MYO19,0.0011510371072853227
ALX4,0.0011509822845943037
SNORD53_SNORD92,0.0011509718431614723
DHX29,0.0011509642081496477
RP11-361F15.5,0.0011508888981485786
RP11-405L18.4,0.0011507294858830303
RN7SKP145,0.0011506747619220515
OR6T1,0.0011496928971304703
IL13RA1,0.0011496088776624988
HSD3B2,0.001149605637490378
RP11-323J4.1,0.0011495646773409226
RP11-624D20.1,0.0011494151393918344
HNRNPA1P72,0.001149374164434157
PDCD6IPP1,0.0011485785202118778
C3orf14,0.0011485059694589395
CTD-2560E9.5,0.0011484861354724152
RP11-149F8.3,0.0011481819161225561
RP4-625H18.2,0.0011481598068710083
RPS4XP14,0.0011477657628914402
RP11-427P5.3,0.001147703940455945
RP11-300D11.3,0.0011476416283164733
GPR50,0.0011474252707720269
AF011889.5,0.0011474023372721972
BGLT3,0.0011473906558524928
VTA1P1,0.0011473822001054682
SLC25A24P1,0.001147267462418564
AC005609.2,0.0011466544758855512
RP4-590F24.1,0.0011465152305191492
RNU6-1143P,0.0011464935755498486
RP11-506O24.2,0.0011464833357392073
NANOS2,0.001146477991805876
NUDT16P1,0.0011462749315019913
RP11-662G23.1,0.001145846681893118
RP11-1035H13.3,0.0011457540849165993
RP11-386G11.11,0.0011457346573963913
ZNF768,0.0011453740146254291
KHSRPP1,0.0011450678411352162
RP11-326I11.5,0.0011447221642284819
SNORD116-7,0.0011445468812029918
MIR4736,0.00114441885048911
ZNF259P1,0.0011442374421434017
RP11-855O10.3,0.0011439887712531448
CSNK1A1P3,0.0011438434290713343
AC092675.4,0.0011437542882007672
RP11-37J13.1,0.0011436825146725791
PI3,0.0011434665928594782
STMND1,0.0011432819376977381
NDUFB9P1,0.0011431970627454908
RP1-191J18.66,0.0011431789207761848
Y_RNA,0.0011429230370168509
RP11-587H10.1,0.0011427555218069738
TRBV5-2,0.0011427446319609417
RP11-180M15.4,0.0011423194595421213
RP11-212P7.2,0.0011418047941564918
SUMO2P3,0.0011417977529205644
SNORD27,0.001141668863965878
RP11-10C24.3,0.001141443013943146
WASIR2,0.0011413086485929042
CHST7,0.0011412230524290546
RPL17P22,0.0011403040562093041
ARL2BPP1,0.001140207692747061
VASN,0.0011399646446727957
RP11-434H6.7,0.0011398311722518298
SLITRK2,0.0011395412941687505
ZNF788,0.0011392974336387586
SPATA13,0.0011392763051541182
RP11-46D6.1,0.0011390754730630148
RPL17P35,0.0011390330757029279
RP11-655M14.13,0.0011389904463950367
TGFBR3L,0.001138797306052432
UBTFL10,0.001138531004244504
RP11-521D12.2,0.001138397426808589
THEMIS,0.001138202134958916
RHEBP3,0.001138033138143555
AC009948.5,0.0011377549722770895
RP11-542K23.7,0.001137447322741942
ASS1P8,0.0011374239704060106
DENND5A,0.0011373476258907456
OR5B19P,0.0011371027200551454
RP13-884E18.4,0.0011370621570978706
RPL15P18,0.001136932767779329
CX3CL1,0.0011367936085943206
RP11-381N20.1,0.0011366452912159324
LINC01102,0.0011361086730012823
CDC34,0.0011360429563259027
RP11-434H6.2,0.001135891818154359
RP11-3M1.3,0.0011358065573658536
RN7SL273P,0.0011357799372350846
FBLL1,0.0011357744650184209
LINC01057,0.0011354520976517817
RPL31P7,0.0011352339701892773
MIR151A,0.001135135102903595
SCOCP1,0.0011349891974609698
RP11-15B17.4,0.0011349640436852106
MT-ND6,0.0011344113689114377
ELAVL3,0.0011342141616433026
INS,0.0011341336569297015
AF186192.1,0.001134123881901725
RP11-286N22.10,0.0011340871943433535
GACAT3,0.0011340044985087225
LA16c-361A3.3,0.0011339334149911304
ZNF564,0.0011336433559121662
CTD-2653D5.1,0.001133247966063442
AC104131.1,0.001132948342153526
ZBTB45P1,0.0011329383913525118
RP11-231C14.7,0.0011329101354802464
LXN,0.001132850247720449
OR1D4,0.0011325476960335071
KATNBL1P2,0.0011325268700973711
CYP26B1,0.0011324126777704734
CBY1,0.0011323160825057045
RP11-863P13.4,0.0011322014137183868
RPL22P17,0.0011321293387303347
VPS35P1,0.0011320113168042621
HS3ST3A1,0.0011318969120651585
CCND2-AS1,0.0011317872712661475
MIA,0.001131772029575185
RP11-133K1.9,0.0011316406440875595
RP4-717M23.2,0.0011316040655912907
RP11-223C24.1,0.0011315587370634864
HIST1H2BB,0.001131159603951204
CH17-262O2.1,0.0011311158215153935
RP11-678L1.1,0.0011309939935294252
RP11-358N2.2,0.0011309377332521298
RN7SL288P,0.0011304755556414393
SNRPEP4,0.0011302118841094895
SNORA46,0.0011296245170744873
CTD-2525I3.8,0.0011295296554892302
MIR571,0.0011292308547354113
UBE2NP1,0.0011288630900902425
RP11-425A6.5,0.0011287471882272554
RP11-478K15.6,0.0011285287568298652
MAN1A2P1,0.0011284918023495804
HCG2040054,0.0011284413082560795
STARD13-AS,0.0011283852823993062
MIR4646,0.0011283477373621679
ORAI1,0.0011283335592069366
CLPTM1LP1,0.001128267292562475
MC3R,0.0011280130891396982
OR5B21,0.001127791481962811
RPL35P3,0.001127639848349097
RP11-407H12.8,0.001127365924226571
CTC-573M9.1,0.0011272606232014804
RN7SL517P,0.0011270339265154578
RP11-386D6.2,0.0011267047367346547
F5,0.0011265834289428916
RP11-368I23.4,0.001126545077204163
GS1-519E5.1,0.0011263967648101017
CTC-268N12.2,0.0011261624675521303
RNU6-1311P,0.0011261260573785944
RP11-227G15.10,0.0011260850738030767
AC092162.2,0.0011260372768978877
ARHGEF34P,0.0011254392104822174
TRGV11,0.001125223026600663
RTL1,0.0011251301586262944
OR2B4P,0.0011248820007664882
RN7SL124P,0.0011247146094930892
MTND4LP5,0.001124425471210825
SUSD6,0.0011240435406262399
AC067945.2,0.0011239294590167839
RP11-416N4.4,0.001123784567812926
LA16c-306E5.2,0.001123768821052309
RP11-10J21.5,0.0011236053009474444
RPEP1,0.0011230816529719065
Metazoa_SRP,0.0011230723350780082
SNHG7,0.001123004187055232
AC007389.1,0.001122858842077846
AC016700.6,0.001122567967880851
E2F6P3,0.00112244223009178
OTULIN,0.0011223203200954291
KDELR3,0.0011223015200630372
RP11-66B24.5,0.0011221421377593573
RP11-715I4.1,0.0011219406807885556
LINC01446,0.0011218059642715452
CTB-33O18.1,0.0011217262715731164
RP11-366H4.3,0.0011216716280717585
LSMEM2,0.0011212876460806654
RARRES3,0.0011212320019079853
SNHG6,0.0011211724773071464
RPS7P4,0.0011210825768086946
SNORD115-35,0.0011204301562614835
RP6-149D17.1,0.001120412853176049
OTUD4P1,0.0011203082428815631
LINC00882,0.0011203043735494506
RP1-267L14.6,0.0011197868546208216
RP1-93H18.1,0.0011196873043270539
FAM200A,0.0011196168216795613
RP11-793H13.10,0.0011195972623832416
ITCH-IT1,0.0011195716365203284
SCARNA17,0.0011194651250139472
RP11-493P1.2,0.0011194157618580561
VN1R2,0.0011193838804579581
LRRC26,0.0011192687199212412
AURKAPS2,0.0011192439036829462
LINC00890,0.0011191512813670055
CTD-3018O17.6,0.0011189082742175604
NTAN1,0.0011188694738541018
PNPT1P2,0.0011188191229810247
FAR2P3,0.0011184062274394954
NBPF7,0.0011181373296871985
RP11-575M22.1,0.0011180314558290607
ST13P5,0.0011180231193043868
ZNF853,0.0011177964137756098
AC018730.4,0.0011177184267288547
AC108868.3,0.0011177072174176764
RP11-430H10.3,0.001117705648237645
RP11-362J17.1,0.0011175885793977792
PLXNA4,0.001117535766875518
AGAP1-IT1,0.0011173426593296312
NAP1L6,0.001117261153390138
GLYATL1P2,0.0011172484466457527
Y_RNA,0.00111717803127934
CKS1BP7,0.0011170919131804637
MIR1226,0.0011168111791064132
UBE2CP1,0.001116708636537362
NDUFA3P1,0.0011164863724314569
RP11-500G22.5,0.0011163335798751101
RP11-152P23.2,0.0011163151692575562
H3F3AP3,0.0011159493871368022
RP11-120D5.1,0.0011158346363929542
FGFBP2,0.0011158267572101495
CTD-3074O7.11,0.0011157475303853438
RP11-824M15.3,0.0011156377468567727
RP11-587D21.4,0.0011152672412110415
RP1-101G11.3,0.0011147339668012971
RP13-565O16.2,0.0011145157916396006
BRCC3P1,0.001114479053654046
RP4-550H1.7,0.0011142360739226913
RP11-51F16.9,0.0011141080006110066
FAM86C2P,0.0011140466089097241
ME2P1,0.001114044108268425
RPSAP35,0.0011138546485732143
RP11-95I19.2,0.00111368598110039
BNIP3P34,0.001113630436030129
RP11-85A1.3,0.0011133238681578113
RP1-13D10.3,0.0011132528657840346
RPL7AP26,0.0011132446341430775
MUCL1,0.0011131684698606197
Y_RNA,0.001113011752103517
RP11-713D19.1,0.0011129663233710946
CH17-258A22.4,0.0011129310267580545
RP11-100N20.1,0.0011128786047897902
RP11-403I13.4,0.001112863649831627
GAPDHP67,0.0011128074488434847
Y_RNA,0.0011127366245183045
NEURL1,0.0011126877526016238
RASSF10,0.0011126780471116908
RP11-40F6.1,0.0011126413028644546
RP11-32B5.8,0.0011126412820676528
SNORD11,0.0011123491080679254
RP1-209A6.1,0.0011123076183058365
RNU6-907P,0.0011123060319293324
NENF,0.001112252330337989
SPAG7,0.0011122038533118957
FTLP13,0.0011121379421640074
RP11-649E7.7,0.0011120918255933638
RAB11AP1,0.0011119890318765134
SRGAP2D,0.0011119200545204838
BEND3P1,0.0011118823648420325
GOLGA2P11,0.0011117434337798938
RPL21P13,0.0011115626710894622
RP11-62G11.2,0.0011114671527688883
TIGD7,0.0011114521377857936
RN7SL754P,0.001111225551423575
RP6-24A23.8,0.0011110698912702626
CTD-2024I7.13,0.0011109323846443936
AVPR1A,0.0011109112134474798
RP11-383C5.5,0.0011108544050136078
INSRR,0.0011107690522295112
RP11-897M7.2,0.001110715359002906
MAGEB6P1,0.0011106916137390477
WASH7P,0.001110426428239793
FAM90A11P,0.0011100983218126613
RP11-437J2.3,0.0011100101738882953
AC068538.4,0.0011099808284333954
GCC1,0.001109978507252825
FAM222A-AS1,0.0011097624444152082
GAPDHP72,0.0011096674443672884
MIR5590,0.001109658025440006
DNAJA1P3,0.0011096425719444537
RP5-928E24.4,0.0011094384527394626
AP001092.4,0.001109396940005002
RP11-673P17.4,0.001109278281396268
SGMS1-AS1,0.0011091724469531534
RNU6-346P,0.0011091649438997046
RP11-687E1.2,0.0011090308378264588
SNORD115-5,0.0011087173297024088
RP3-333B15.5,0.0011087025724759777
OSTM1-AS1,0.0011086919076205386
SLC6A6P1,0.001108687006682947
RP11-740D6.3,0.0011086185278248958
RP4-761J14.9,0.0011085551361142568
RBMX2P3,0.0011083200294194164
RP11-211G3.3,0.001108026516862898
RP11-438E8.2,0.0011078945037831692
CTD-2021H9.1,0.0011078257566216805
RP11-589B3.6,0.001107507495379999
FTLP10,0.001107291376665372
RP11-375N15.1,0.0011068653217791672
MTRNR2L7,0.0011066779415032243
SOHLH1,0.0011065691411513484
NAV2-AS4,0.0011065092052372934
FGFBP1,0.0011060757544324163
CKMT2-AS1,0.0011057469047600508
PRDM5,0.0011056055735035148
RP11-370I10.2,0.0011055953110987293
RN7SL713P,0.0011052066811455808
RP11-157F20.1,0.0011051844756109158
CTD-2007A10.1,0.0011050412307797334
CBX3P4,0.001105039723932259
RPL7P25,0.0011049289407017802
HOXA1,0.0011047344570327608
GAPDHP40,0.001104604919271707
RP11-511I11.2,0.0011045670749953778
CTD-2240E14.4,0.0011045626108541731
HCN4,0.0011045621951030246
RP3-466I7.1,0.001104419127538252
RP11-576D8.4,0.0011041664055599697
SNORD115-4,0.0011040604597224578
NECAP1P1,0.0011039247947095359
RP11-686G8.1,0.0011039170216861792
MTCO3P40,0.0011039110633660294
TACR3,0.001103906546454835
RP11-190D6.1,0.0011038673500370396
RNF144B,0.0011037221908822743
AC008074.1,0.0011036123828907097
HCRT,0.0011035902015789987
SEPT14P12,0.0011031515557780053
CNRIP1,0.0011029932331039014
AC087163.3,0.0011027423136642093
RP11-159N11.4,0.001102689761553771
SNORA5A,0.0011026777679640951
CTD-2240J17.2,0.0011026422585445868
RP11-57H14.3,0.0011024833767071208
ANKHD1-EIF4EBP3,0.0011024637721720753
CTD-2561J22.1,0.001102165299308316
Y_RNA,0.0011020415186538289
RNU6-1138P,0.0011019499396211347
CTD-2210P24.3,0.001101312990280922
RRP9,0.001101211250471752
RP5-874C20.6,0.0011011894195842524
WASH4P,0.0011008411846009593
PCDHGB3,0.0011006874166668537
AC063976.2,0.0011006711105845024
AOC4P,0.0011006120938004736
RPS23P7,0.001100441538667456
GAPDHS,0.001100190634880508
AC018731.3,0.0011001785058089518
RPS20P23,0.0011001486968689697
HES1,0.0011000838574787943
CTD-2595P9.2,0.0010999423134820262
TFP1,0.0010998724562280226
AC012506.2,0.001099772167541867
MIR6770-1,0.0010997694382282404
RP11-451G4.2,0.0010996986615764163
PSG10P,0.001099339886846858
ZNF367,0.0010992097094833508
CTD-2651B20.8,0.0010991723555546587
RPS15AP27,0.0010987651477766046
GNG10,0.0010987580729097464
RP11-182N22.8,0.0010983865345581586
BTF3P5,0.0010983285515110454
SLC5A8,0.0010981813884636783
RP11-775B15.3,0.001098070505983428
AC008065.1,0.0010979078510999424
RNASE3,0.0010976694154889888
CBX5P1,0.0010975352068897882
CNN2P1,0.0010973794685073266
IL1RAP,0.0010972983765928507
RP11-267C16.2,0.0010972883112031942
AP000265.1,0.0010970857901323656
LINC01615,0.0010968004464340664
RP5-1112D6.4,0.001096761913512343
Metazoa_SRP,0.001096655489943233
RP11-281A20.1,0.0010964437182088942
RP11-163O19.16,0.001095702531669143
SLC25A5P4,0.0010956489572705955
OR2R1P,0.0010956385532008143
EIF4A1P5,0.0010952862067507493
OR2T10,0.0010952450458322468
CTD-3075F15.1,0.001095203676070269
RP11-359H3.4,0.0010951931456140728
RP11-983P16.2,0.001094761071613382
RP11-578B16.1,0.0010947408709351806
RNU7-71P,0.0010947310629043127
CTD-2013N17.1,0.0010946559470015646
PENK,0.0010944223576644923
CASC20,0.00109417352207454
DCAF4L2,0.0010941571159477964
SNORD114-13,0.0010941557222981255
RPS27AP16,0.0010941326063886013
AC010091.1,0.0010940530507191019
TMEM117,0.0010939521341025709
DLX3,0.0010939037903741951
RP11-454E5.4,0.0010938806938611727
RAPSN,0.0010935934126971398
AP000487.4,0.001093573496615454
CSMD2-AS1,0.001093447864509013
AP001258.4,0.0010931363808769938
RPL30P16,0.0010929863849032874
TCTE3,0.0010928034423743275
CTD-2310F14.1,0.0010924471612302204
MRVI1-AS1,0.0010924047562466952
RP11-665C14.2,0.0010924036305653422
RPSAP69,0.001092320658699698
ETFB,0.0010922974404724262
FCF1P4,0.0010919390930388027
DDIT4L,0.0010916535609860763
GNAI2P1,0.0010913142282584227
RP11-31K23.1,0.0010913110665605034
RNU6-453P,0.0010910608328269199
CROCC2,0.0010908941436601146
DCAF13P2,0.0010908882057512716
C2CD4B,0.0010907665636047256
MIR4269,0.0010906398255989453
CTD-2012J19.3,0.0010904905297062395
CORO7,0.001090378995916151
AC073072.5,0.001090161901931659
AD001527.7,0.0010901431683732427
RP11-79N23.1,0.0010899748165130918
GABARAPL2,0.0010897894842098355
KRTAP5-AS1,0.0010897052481493828
GPR20,0.0010896823208716366
RP11-809N8.6,0.0010893654654215781
ASPA,0.0010893525916439298
LSM10,0.001089290860684491
ACTG1P12,0.0010892617790573614
GAPDHP23,0.0010888768992538933
CTD-2049O4.2,0.0010888645338816823
RP11-303E16.3,0.0010888024599123032
SOX1,0.001088788209617839
ST6GAL2-IT1,0.0010885143953213883
FAM8A4P,0.0010883737491769912
RP11-157P1.4,0.001088358464083707
RP11-1250I15.3,0.001088241348513213
RP5-1139B12.2,0.0010879958966882543
CICP20,0.0010879718644999424
HMGB1P26,0.0010879535939525276
RP1-209B5.2,0.0010877525169192665
RP11-1058N17.1,0.0010875105558578481
LINC01004,0.0010873169075575834
PADI3,0.00108702377718583
RP11-661A12.4,0.0010868224012550306
RP11-387H17.6,0.0010868196290047304
TAF15,0.0010866717916480722
SNHG4,0.0010866102695285941
RP11-344P13.6,0.0010865807958647695
MTND2P21,0.0010863595671265118
RP11-255A11.4,0.0010861532903658658
C3orf80,0.0010861174812820302
RP11-388K12.1,0.0010861029835781849
OR6B1,0.0010860207376187166
RP3-523E19.2,0.0010859409409881798
AC005229.7,0.0010858694836967217
PTMAP5,0.0010858668329976446
RP4-726N1.2,0.0010858021493779096
RP11-19D2.2,0.0010855977064097191
RP11-789L4.1,0.0010853380040566334
SLC43A1,0.0010850278535639887
RN7SKP43,0.0010849868807271152
RP11-43P5.1,0.0010847485470604785
RPS27AP12,0.0010845702078445228
SLC7A5P1,0.0010845425336382358
MIR598,0.0010839666645676182
CTB-113P19.4,0.001083887081570663
FXYD6P1,0.0010838841909326248
RP11-243J16.8,0.0010836768695017317
CHL1-AS2,0.001083623394740844
LRRC37A5P,0.001083312956276707
RP11-111K18.1,0.0010824524316218568
PSMC1P3,0.0010822778218687774
MESP1,0.0010822620493544425
AC097381.1,0.0010822442960289073
RP11-429K17.1,0.0010819391955327355
LARS2,0.0010816513130609358
RP11-380G5.2,0.0010814738597251516
OR52E8,0.001081213978253478
CEACAMP5,0.0010810711948840413
RP11-400G3.5,0.001080677824853099
RP11-68I3.10,0.0010804621297517399
SNORD116-9,0.0010804131749122333
RNU6-651P,0.0010802092009614688
MIR378J,0.0010802016603629649
RP11-399K21.11,0.001080134939144143
RP11-846F4.6,0.001080001854693641
RP11-81H14.3,0.0010796896550468798
SERPINA10,0.00107966142573382
RP11-58K22.5,0.0010795797838620592
AC004837.5,0.0010792360285940673
FKBP4P6,0.0010791929708376836
RP1-278E11.3,0.0010790127982860317
WEE2,0.0010790124293896014
RP11-611L7.2,0.0010789427531884424
RP11-66D17.3,0.0010786473854282462
MIR3661,0.0010784675115592887
METTL12,0.0010780615077000215
CTAGE1,0.0010778940145938103
ENPEP,0.0010778059229892274
AC009110.1,0.0010772382890497575
RPS16P5,0.0010769346491099664
CTD-2108O9.4,0.0010769095386345946
BCYRN1,0.0010767922251399666
RP11-3G20.2,0.0010766547737405567
RP11-14C10.3,0.0010765921519929438
TSC22D4,0.0010763613641947404
RP5-930J4.5,0.0010763476438799071
RNU6-882P,0.0010760170862275536
CCDC153,0.0010759805964061931
RNU4-88P,0.0010759571560953391
RP11-441F2.4,0.0010758585739557983
C4orf45,0.00107584555014678
ARHGAP19,0.0010758236299995567
RP11-452I5.2,0.0010757123791153142
RP11-767N15.1,0.0010756400840405127
RP11-395A13.2,0.00107558352294602
JAG2,0.00107557100883178
FKBP1AP2,0.001075254943516676
HNRNPA1P51,0.001075225573763775
MAP1LC3BP1,0.0010744580187028023
TCEANC,0.0010742399525690896
RP11-440D17.4,0.0010740972324367983
LINC01202,0.001074010626192649
FLJ40288,0.0010732910605505766
RP11-445J14.1,0.0010732878155684555
RP11-783K16.5,0.0010731253881877659
RP11-526P6.1,0.001073005659873177
RNU7-8P,0.0010729145072292557
RNU6-510P,0.0010724710021887197
RP11-484N16.1,0.0010724606995652353
EEF1A1P22,0.0010724476510349924
MRPL23-AS1,0.0010723467987262605
RNA5SP282,0.0010722880428454297
C1QTNF2,0.0010720857884659982
BRS3,0.001071986399004374
DHRS4L1,0.0010717174924546732
RP6-102O10.1,0.0010715808153092658
MYF6,0.0010711795264435576
CYCSP45,0.0010711765959842353
LINC01395,0.0010710303088331521
HIGD1C,0.001070937996947496
RP11-460G11.2,0.0010709284770408012
YPEL2,0.0010708903163988252
RP11-923I11.6,0.0010708382810301492
POM121L4P,0.0010707219252655239
CTC-264K15.6,0.001070671353993469
CTD-3179P9.1,0.001070636503714572
RP11-85B7.2,0.0010705503761258785
PPP3R1,0.001070189869251672
RNU6-36P,0.0010700727024160815
RP11-432M24.4,0.001069977473868888
RNU6-321P,0.001069624283584843
RP11-1C8.7,0.001069493405060719
SRPX2,0.0010693725499710338
SAPCD2P3,0.0010684424248316715
RNU6-786P,0.001068400514201723
CROCCP1,0.0010683980083078723
RP11-378A12.1,0.0010682846328122397
AC004448.5,0.001067987176844499
ZNF560,0.001067938754236144
RP11-489D6.2,0.0010678951959729897
RP11-629N8.4,0.001067586943300614
AC133633.2,0.0010675440614893608
HIST1H3E,0.0010668975841118748
RP11-653B10.1,0.001066565341627797
AC005614.5,0.001066326691603204
LINC01335,0.001066029628776289
RP5-1021I20.4,0.0010658246846509526
RP11-347C18.5,0.0010656781674424655
RPL23AP80,0.0010655730296539082
AC104843.3,0.0010654471807864925
CTD-3037G24.4,0.0010653940688278225
RP11-420H19.3,0.0010653582991736366
RP11-220I1.4,0.0010648212026213096
RNF214,0.0010647571835182847
SNORD8,0.0010646948626333325
MSI1,0.001064268619681993
RNU6-1322P,0.0010642440674037388
AC073115.7,0.0010641773321451065
MTND6P9,0.001064086769951442
EIF4A2P4,0.0010640631431109938
NPPA,0.0010638656704451774
LINC00534,0.0010634166250491136
CNFN,0.0010634067917752964
RP11-488L18.4,0.0010631948659353605
RBPMS2P1,0.00106318779070503
PABPC1P1,0.0010631852080879476
RN7SL728P,0.0010630248890409284
NDUFS5P1,0.001062870160529482
GAPDHP36,0.0010628572601685924
RNU6-80P,0.0010627032820035873
RP11-170L3.2,0.001062579482204408
BX322557.10,0.0010625397418920865
MARCH11,0.0010625228482868824
CAMSAP3,0.0010625129237843793
PLEKHM1,0.0010624807584128197
RP11-13A1.3,0.0010622624061773485
RNU6-519P,0.0010622006749466948
BLOC1S1,0.001062194673737157
RP13-20L14.10,0.0010621428871695905
RP11-494M8.1,0.0010620563585045824
RP11-408H1.3,0.0010618614835442095
PLIN5,0.0010616933814405762
RP11-166A12.1,0.0010613806783852505
TPTE2P2,0.0010613698583385991
KRT33A,0.0010611191836877726
MIR30E,0.0010610076773507789
CH17-132F21.5,0.0010608009771152036
RP11-1148O4.1,0.0010606875259348524
RPL5P17,0.0010599019919224192
NCKAP5-IT1,0.0010597256158753772
CTD-2560K21.6,0.001059541500680561
CTD-3064M3.7,0.0010594515519128135
PNO1,0.0010594009767060668
RP11-58A18.2,0.0010593646311227217
RP11-481G8.2,0.0010590165339542192
LINC00106,0.001058922403437844
SNX29P2,0.0010588657662174165
RP11-205M3.3,0.0010588173410051673
AC106883.1,0.001058782105708007
IQCB2P,0.0010585459254199893
AC005758.1,0.0010582059235451186
XXbac-BPGBPG55C20.1,0.001058068679502673
RP11-54F2.9,0.0010579686889517295
CTD-2256P15.1,0.0010575356044677073
RP5-1029F21.4,0.0010574021061482582
GJA3,0.001057383510124567
PTGES3P3,0.0010573140149382797
RP11-54O7.1,0.0010571988061366085
FIG4,0.0010570142980825703
RP5-1142A6.8,0.0010568336962174373
PLCH1-AS2,0.0010564121593856798
RP5-1121H13.4,0.001056304580158752
GPHA2,0.0010563017810660514
SERINC1,0.0010561924953288034
MAGEB6,0.0010560544841567855
AC073115.6,0.001055944472767921
RP11-316J7.4,0.0010558760579281153
TNFAIP2,0.0010556602085556508
LHFPL3-AS2,0.0010553299868890022
RP11-466F5.10,0.0010553197902533062
TIGD1,0.0010553146301785581
RPL7P43,0.0010552215558707388
RP11-930O11.3,0.001055180068912015
AC109631.1,0.0010550080375613543
RP11-478C6.4,0.0010549870914948808
ASNSD1,0.0010547574705123493
PALMD,0.0010545207324697701
MAST4-AS1,0.0010545082117767012
LINC00456,0.0010544127815830116
AC005355.2,0.001054172821167693
GBX1,0.0010539496685653211
AC010642.1,0.0010536650721819916
BASP1,0.001053660526417526
RP11-151E14.1,0.001053646216766869
ABT1P1,0.0010532170660929718
RP11-756A22.7,0.0010530762159256172
RP11-444D3.1,0.001053038965432457
LINC00440,0.0010527624586725882
ZNF790-AS1,0.001052549130982841
SMIM9,0.0010525165467053232
AC017104.4,0.0010524882637071183
TMX4,0.0010521744485060367
MYL3,0.0010519708442185206
RP11-232L2.1,0.001051644692298816
GPANK1,0.0010515753042289655
RPL5P7,0.0010515677907179629
TUNAR,0.0010510116052857889
C16orf97,0.0010509295120669224
CTD-2523D13.2,0.001050600152674189
LINC01476,0.0010505365858175491
CDCP1,0.001050438954314632
C3orf79,0.001050430023411046
CTD-2371O3.2,0.0010504235239267366
GNG3,0.0010504097435536477
AC002551.1,0.0010503827393593865
AL035610.1,0.0010503493710358033
RP11-526I2.1,0.0010501956921351119
NLRP3P1,0.0010500427237496535
GRIN3B,0.0010497613251508485
AF131215.9,0.0010497235581424257
CDC20P1,0.00104939636753006
RP11-143E21.3,0.0010493325899040063
CFC1,0.0010492595813160306
LINC00491,0.0010490600338971428
RNU6-520P,0.0010490332117238258
RP11-688I9.5,0.0010489906541484165
TSPAN15,0.0010487763361791168
RP11-107N7.1,0.0010487659378570322
BNIP3P25,0.0010483848335852513
OSR1,0.001048240216036717
C6orf25,0.0010481352476616297
ZNF512,0.0010480581956689853
RPL24P2,0.0010479169733178715
MTND4LP14,0.0010478179469367334
ZNF556,0.0010477915769495224
SNORD116-8,0.001047662387211417
RP11-114J13.1,0.0010472461489325392
SLC6A21P,0.001047118076995862
RP1-128O3.6,0.0010469108462302203
RN7SL634P,0.0010465916951955684
RP11-81H14.4,0.0010464836257468493
RP1-21O18.3,0.0010463731518735538
HIST1H3A,0.0010462352303798148
CTD-2008N3.1,0.0010461556477789067
RN7SL498P,0.0010456130523894905
RP11-43D4.2,0.0010454570605993043
RP11-863P13.2,0.0010454109654860183
OR2AG2,0.0010453119099556052
HSP90AB3P,0.0010449788759711027
FAM229B,0.0010447586738687223
RP11-777B9.5,0.0010445024685352326
RP11-810P12.1,0.0010444840562294354
AC137932.4,0.0010443812106311564
EEF1GP2,0.0010442953772293588
MIR323B,0.0010442259869771861
CARNS1,0.0010439964678266521
RNU6-456P,0.0010438879056137614
RP11-540A21.2,0.0010433994015215382
C20orf203,0.0010426404900495659
RIMS3,0.0010424500854928126
LCE1E,0.001042335394456059
DCTPP1,0.0010421402549714205
RNA5SP300,0.0010420788723462721
CCDC60,0.0010416485192240477
LRFN4,0.001041580481501331
RP11-180O5.2,0.001041492111121615
P2RY13,0.001041486387120468
MTCO1P6,0.0010413946653195331
RP11-588G21.1,0.0010410656942573145
CTD-2194A8.2,0.001040756860056478
TRBV24-1,0.0010401371417788025
RP11-313P18.1,0.0010396282545031578
HOXB13,0.0010394468247753726
DANT2,0.0010390744342203772
PROK2,0.0010389948972830668
CNTN3,0.0010386526516260042
RN7SL748P,0.0010385804631999982
Y_RNA,0.0010385340108543834
RP11-170N16.3,0.0010384965245621536
CTD-2235C13.3,0.0010384407092359185
CTD-2122P11.1,0.0010383111248324164
IFITM9P,0.0010379999281999962
RPL36AP26,0.0010378707229942363
AL772307.1,0.001037817915229086
HINT1P1,0.001037806592658494
RP11-1379J22.7,0.0010374633950559692
RP11-613F22.7,0.0010374315841360708
FLJ38576,0.0010373898519259817
PROX1-AS1,0.001037367485289974
SEC62-AS1,0.001037131777270024
RP1-5O6.5,0.001037017839055699
OR2V1,0.0010366622100535054
RP11-424I19.2,0.0010366513575082146
MIR769,0.0010365930564480042
RP11-344B2.3,0.0010365321909613086
RP11-1072C15.4,0.0010364811529224474
PTGDR,0.001036411112117297
TRBV5-4,0.0010362250399876037
C21orf140,0.0010361485998787482
RN7SKP192,0.0010360884106606198
RP1-313L4.3,0.0010360866829873592
RPL34P33,0.0010360866133897913
RP5-1093G23.1,0.001036032444593782
RP11-149I23.3,0.0010358954737610111
DIRAS2,0.0010356307642409898
RP11-285F7.2,0.0010355429522493204
RP11-310H4.3,0.0010355300068435552
PGM5-AS1,0.001035367275762637
HSPA8P7,0.0010350503655855486
SEMG2,0.0010350416609095578
RP11-815J21.1,0.0010348130403506441
ZSCAN4,0.0010347822751411904
EIF4A2P1,0.001034769572704875
MIR3926-1,0.0010344265868772577
CTD-2593A12.3,0.0010344253692664864
RP11-1079K10.5,0.001034184997572518
ALOX15P2,0.0010341619346849905
RP11-693N9.2,0.0010340352282215885
RP3-461P17.6,0.0010339308132143866
ZNF815P,0.0010336360029629772
RP11-342M1.7,0.0010335162769676734
BMP7-AS1,0.0010334697194280184
SMPD4P2,0.0010333039338373034
RP11-79C6.2,0.001032959605587713
XXbac-B444P24.8,0.001032936564427237
RN7SKP207,0.001032672269738255
RP11-542C10.1,0.0010325822365512102
RP1-193H18.3,0.0010324598316570736
SH3BGRL2,0.0010319853862600036
RP11-154H23.4,0.0010319079843551732
BMP5,0.0010318719076508021
RP11-2I17.4,0.0010315054547672107
UBXN10-AS1,0.0010314901963874878
RNU6-766P,0.0010314541290443572
CCT6P4,0.0010312870598844976
LVCAT1,0.001031234696454648
TRAV21,0.0010309705494569398
RP11-340L3.1,0.0010305156096973454
MMP28,0.001030395772020084
RP13-923O23.7,0.001030338038387336
HRH4,0.001030325344476193
MTHFS,0.0010303179271936775
RP3-352A20.1,0.0010301847529145419
RP11-473O4.1,0.0010301716173340772
FRY-AS1,0.001030165460212631
TCTEX1D4,0.0010301085818177676
TERF1P2,0.0010300629890940393
CKS2,0.0010300194633228725
FAM196A,0.0010298228899842856
RP11-182N22.7,0.001029582907184682
RP11-21B23.3,0.0010294469878069012
S100A10,0.0010293269345284532
RP11-313I2.7,0.0010292109763120802
GLRB,0.0010291981768264075
RP11-702F3.3,0.0010291800073917072
CTD-2537O9.1,0.0010290698654120644
PUDPP1,0.001029037752973345
AC105398.3,0.001029019562437767
RP5-1132H15.2,0.0010288711752369833
RP11-151G12.2,0.0010286496152104685
RP11-501J20.5,0.0010286355957916577
F2RL3,0.0010285726766348466
TBC1D28,0.00102810887414115
RP4-701O16.5,0.001028021329895146
RANP3,0.0010279956960796439
DTX2P1-UPK3BP1-PMS2P11,0.0010278697859636202
RS1,0.0010278225297368194
HRK,0.0010274734443906522
FBXO40,0.0010270699063585334
PCDHGA3,0.00102683706451451
RP11-175P19.2,0.0010266562956196983
MIR222HG,0.0010264173271047165
CFL1P7,0.0010263762106732226
CTC-251D13.1,0.001026328931555758
RNY4P24,0.001026269337436034
PARP4P2,0.0010261777252346818
VCAM1,0.001025896638801562
RP11-343J18.1,0.0010256959781854765
YWHAZP2,0.001025639257111476
RP11-431K24.2,0.0010250020297419618
ZNF225,0.0010249694739265607
LINC01125,0.0010248096244175034
CTD-2315M5.2,0.0010247822588629913
LINC01471,0.0010246084124489647
CALM2P2,0.0010243892809174919
AC010468.2,0.0010243157166934108
MIMT1,0.0010242074307330905
RNU6ATAC35P,0.0010240455555968254
RP11-343B18.2,0.001023975831707197
TRMT112P5,0.0010238455143706446
RP11-1055B8.1,0.0010238011939861502
MSC-AS1,0.0010233735423142726
TIMM23,0.0010230043097551724
RNU6-726P,0.001022726178623969
ARPC3P1,0.0010224374399695644
RP11-462P6.1,0.0010221107268721893
RP13-766D20.2,0.0010220667586783184
RP11-33E15.1,0.0010219785283689584
KRT8P48,0.0010218708560763609
POLD2,0.0010218476004337231
LOXL1-AS1,0.0010218405223768577
CTA-243E7.3,0.001021773131690235
IGLV4-3,0.00102175499549958
REG1B,0.0010216243805235246
RARRES2P2,0.0010211709351649507
TSEN34,0.001021165650775925
SERPIND1,0.0010209973223937652
RP11-996F15.2,0.0010209019653896205
MIR23B,0.001020885896072192
ZBTB8OSP1,0.0010208116623988748
BCAR4,0.0010206889322654789
ATP23,0.0010206495558316296
AC019097.7,0.00102059628937277
RP11-374A4.1,0.001020546894495356
PRPH2,0.0010205434713801587
AC003973.4,0.0010203102105898016
RNU6-302P,0.001020172090927089
RP11-329B9.5,0.00102006327619537
SUCLA2P3,0.0010196031915189654
RP6-91H8.1,0.0010195605412907044
RP5-894D12.4,0.0010195387638505166
NYX,0.0010193480746908709
MIR4717,0.0010191526755998221
UQCRBP1,0.0010186000094121422
MYLK-AS1,0.001018541334477068
RP11-679C8.2,0.001018498243759806
RP1-155D22.1,0.0010184380229097205
AC104389.31,0.0010182222926625067
ABHD17AP3,0.0010180191485423544
LINC00452,0.0010179203717140001
CTD-2537I9.16,0.001017542791171174
RP11-715L17.1,0.0010175008720133027
GOT1L1,0.0010174448229951472
IGFBP5,0.0010173068739440189
AC007919.18,0.0010170487572020276
SNORD13P1,0.0010170377704731256
LRRC37A6P,0.0010165160588765146
RSL24D1P11,0.0010164861685354927
RP11-114H23.2,0.001016458761983475
CTD-2213F21.2,0.0010163186759235693
HHEX,0.001016307761215612
TRPC7-AS1,0.0010161974110277448
GGTLC3,0.0010159179059014269
RNY1P3,0.0010158711197125582
RNU6-851P,0.0010157686344629587
RP11-778D12.2,0.0010154522621500601
RP11-337A23.5,0.0010154249281124248
UBR2,0.001015096810206864
ENPP7P10,0.0010150911963341975
AGAP13P,0.001014878455427657
AHCYP4,0.0010146525775073455
RP11-475C16.1,0.0010143792058155828
RP11-458K10.1,0.0010143058789053605
RP11-428J1.4,0.001014184236193517
RBMS2P1,0.0010140264573370939
GPAT2P1,0.001013816728652445
CTD-2270P14.5,0.00101361062648781
RP11-483F11.7,0.0010135050556171557
RPS26P3,0.0010135006744450073
KRT8P34,0.0010131204101314227
SNRPCP3,0.0010130603131734937
ZNF609,0.0010130350369364537
THAP12P2,0.0010129872023227728
CTD-3051D23.4,0.0010129538188162904
YEATS4,0.001012722878092147
CH507-9B2.4,0.0010126321856247238
GCLM,0.0010126040902807172
MIR1296,0.0010123656111534717
MTND4P5,0.001012322886321276
RPL21P44,0.0010123130294287194
PKD1P5,0.0010122449593978021
RP11-1079K10.1,0.0010120987699662352
MIR4769,0.001011862390766462
CTD-2005H7.2,0.0010117837490124354
TRBV7-3,0.0010116791298319062
KIAA0196-AS1,0.001011669229979594
HBE1,0.0010115650859569831
RP1-151F17.1,0.0010115588126352701
Y_RNA,0.0010111717436424247
IGKV2-30,0.0010103087499989836
UNQ6494,0.001010256779882841
ZFYVE9P1,0.0010100360384701068
ZBTB33,0.0010098865727669927
ATP5G3,0.0010098061693172488
ZNF80,0.0010097797930142365
CTB-39G8.3,0.0010097256099936564
RP11-1114A5.6,0.001009597684873244
GSX1,0.0010095294843427878
KRT18P31,0.0010092962697036145
RN7SL665P,0.0010088203166132013
RNA5SP393,0.001008804436588737
SALL1P1,0.001008494129726231
ZMYM4-AS1,0.001008481429440923
RP1-72E17.2,0.0010084084852242832
RP5-1029F21.3,0.0010083876918466294
AC105052.1,0.0010083485445954864
RP11-239L20.6,0.001008318565519176
RP11-109P14.8,0.0010081403357240844
RP11-3B12.5,0.0010080144430537656
CLCN1,0.0010078038184054615
RNU6-143P,0.001007688031394534
RP11-89K18.1,0.0010075860686669287
MIR6753,0.0010074089479298388
RP13-444K19.1,0.0010073470790401406
RP11-457M11.6,0.0010070668557720416
VIM2P,0.0010070139306871861
AC024619.2,0.00100693706351528
RP11-255E6.6,0.0010068694524227309
LOC100421166,0.0010068558733167495
RP4-797C5.2,0.0010068089533524602
RP11-402L5.1,0.0010067860014501846
RP4-640E24.1,0.0010066638851984634
STAC2,0.001006520456157784
CTD-2287O16.1,0.0010061341851386608
RP11-107I14.4,0.0010061296807900287
RP11-452L6.8,0.0010061135253596563
PRG3,0.0010059367937925862
RP11-643A5.2,0.001005883711927443
RP11-498C9.12,0.0010058570776156632
MIR26A2,0.00100581532019521
RP11-649A16.1,0.0010057788118414347
ZNF214,0.0010056498865808755
KRT2,0.0010054688814745921
AC067945.4,0.0010054119147908061
RNU6-1245P,0.0010054113535128734
RPS6KA2-IT1,0.0010051299984018584
MARCH9,0.0010049518654313627
MTND5P4,0.0010048278007702082
MTND5P7,0.0010047722469052301
TMEM125,0.0010044905371457819
MIR1268B,0.0010044354379128261
TOMM20L,0.001004411487051986
NXPH2,0.001004399063693828
RP11-394G3.2,0.0010042361009803492
RP11-302F12.2,0.0010042291361164754
RP11-315A16.1,0.001004084169941627
NDUFA5P6,0.0010039014566636183
MGAT3-AS1,0.0010038949392649713
AC009961.5,0.0010038212092538588
CTD-2012K14.5,0.0010034546346415437
RP11-278H7.3,0.001003326642887537
RP11-397E7.1,0.001003213011681133
PANO1,0.001002843734943052
TMSB4XP1,0.001002777372303133
RP1-170O19.17,0.001002729137036363
KRT84,0.0010026933651771687
RP11-134G8.5,0.001002413758958383
A3GALT2,0.0010021086640645941
RP11-70L8.5,0.0010017684971861225
MIR365B,0.0010015277263315772
TMEM41B,0.001001480095847154
CHRM1,0.0010013943518544326
AC005391.2,0.001001371401642495
LINC00971,0.0010012907698917907
LA16c-395F10.1,0.0010012056463879083
GOLGA2P10,0.0010011668502463453
SLC41A1,0.00100100017733162
RP11-20I20.1,0.0010005758084518834
ARNTL2-AS1,0.0010005697207175737
SECTM1,0.001000083701400047
RNU6-313P,0.0010000397396156804
RP5-1164C1.2,0.0009996175169763677
FEM1B,0.0009994261926690386
POU4F2,0.0009993320518623396
RP11-343B5.1,0.000999199476575213
METTL21C,0.0009990800581287829
RPSAP28,0.0009990167708209096
RNU4-13P,0.0009985735436254656
HNRNPA1P63,0.0009984824747918857
AC020550.7,0.0009982758947637627
RP11-602N24.3,0.0009981382127446062
AC104623.2,0.000998065714900226
HSD3BP5,0.0009980193576925457
LRRTM2,0.0009980022160693929
CTC-512J14.7,0.0009979237587418447
RP1-228H13.2,0.0009977766603405539
OR7E47P,0.000997688581531197
ARHGEF7-IT1,0.000997634360757835
JRKL,0.000997432335469371
AJ006998.2,0.0009973707629698438
TMEM82,0.000997316216719184
MTND5P25,0.0009972978716720103
FOXD2-AS1,0.0009972543925344998
CTD-2017D11.1,0.0009969034869986466
RP11-195F19.29,0.0009968280899069026
RP11-1145L24.1,0.0009967691801563694
CTD-2299I21.1,0.0009967546907272413
AC012501.3,0.000996645340884179
SCAMP4,0.0009963182114880469
RP11-442N1.1,0.0009963108510026293
PRKAB1,0.0009958456658247126
RP11-85G21.3,0.000995695047169583
AIG1P1,0.000995443911493595
AC011998.4,0.0009954000055111753
C8orf34-AS1,0.0009949644426285784
CGB5,0.0009949260393151695
TTYH2,0.0009949107901655557
FAM3D,0.0009947775754323123
NPM1P32,0.000994749557314287
RP11-470L19.2,0.0009944807031493383
CTB-114C7.4,0.000994418671923247
RP11-552D8.1,0.0009943652987891415
KRT18P19,0.0009942941612254505
RPS12P27,0.0009941960391871589
RP11-796I2.1,0.0009941941936135582
UG0898H09,0.0009940919493184092
RP11-731J8.1,0.0009939974012611872
RNU6-1181P,0.0009938920399462485
RP11-600L4.1,0.0009934082664898544
RP11-567C2.1,0.000993309807896298
STRC,0.0009932328476527398
RP11-167N24.3,0.0009932183808298383
MIR5685,0.000993163327834437
RP13-16H11.5,0.0009930396962671043
HMGN1P12,0.0009930143820355512
GS1-5L10.1,0.0009929320157552376
RP3-495K2.2,0.000992732290840834
RP1-142L7.8,0.0009926752581598094
LEPROT,0.0009925272795854611
RP11-162K11.4,0.0009925141740628402
CEACAM18,0.0009922278097400207
LINC00359,0.0009919389085975405
ZSCAN1,0.0009918376364570656
EDN2,0.0009916917616571573
RNU6-123P,0.0009913734596700963
RP5-882O7.4,0.0009913329383868378
MRPS25,0.0009912621782098485
RP11-278H7.4,0.000991037354470338
AC006262.6,0.0009908651480687737
RP11-370B11.3,0.0009907606206693389
SPRR2D,0.00099029654928812
RP11-777B9.1,0.0009901284077348952
Metazoa_SRP,0.0009900043969476547
RP11-383H17.4,0.0009895492239888155
LARGE-IT1,0.0009891994091211016
TRBJ2-7,0.000989055722028004
RP11-728F11.3,0.0009889816716582055
RPL32P34,0.0009889758241133602
RPL21P75,0.0009888866338298393
CCNO,0.0009887916067663836
RP11-160N1.11,0.0009886164401982532
GAPDHP74,0.0009883409037797421
RP11-98L5.5,0.0009881021424949315
ADGRF5P1,0.0009880944972098025
RP11-424C20.2,0.000987944018172576
FADS2P1,0.00098791968591033
BLVRB,0.00098752140953321
RP11-184A2.2,0.000987497395914153
EEF1GP1,0.0009874507396599272
XDH,0.0009873422804346956
FAM105A,0.000987337494851787
RNASEH1P2,0.0009872692832477727
ATP8A2P2,0.0009871930843104045
RP11-166B14.1,0.000987061541402594
AC005042.4,0.0009869225780824494
RP11-505P4.6,0.0009867304908382519
TMEM81,0.0009867303348614906
RP11-118D22.3,0.0009865060892270123
FAM19A1,0.00098644277519286
RP11-574K11.5,0.000986356477537833
RP11-10N23.2,0.0009862007829176886
RP11-216L13.18,0.0009861135855903065
CTB-113P19.1,0.0009859310850475647
RNASE7,0.0009857480485043705
CTD-2342N23.3,0.000985571976902517
HNRNPA1P43,0.0009852157031698984
CHRNE,0.000985118451736303
LCN15,0.000985103618749659
FGF7P6,0.0009849374802066856
OR7E33P,0.0009847510511291748
PRKX,0.0009844013618829348
RP11-133N21.7,0.0009843770591913673
DPYD-AS2,0.0009842815437065596
EXOGP1,0.0009839379485540786
RP11-34P1.1,0.0009837709496538518
AC008937.3,0.0009837517012012658
RP11-210H10__A.1,0.0009837507217604188
CTD-2540L5.6,0.0009837366580621914
RP11-429G19.3,0.000983726936897205
SNORD116-6,0.0009835027150349937
MT-TF,0.0009832365269598494
AC108059.2,0.000983190224421584
CTD-2381F24.1,0.0009830801312916064
MIR3679,0.000982972771480404
PGM2L1,0.0009829078688043797
AP000431.1,0.0009827570858964311
UTP20,0.0009827314095476468
AC062029.1,0.0009826959973215212
RP11-552J9.9,0.0009826602020725527
RPS7P11,0.0009824042073503087
AC090625.1,0.0009823488718624402
CTC-301O7.4,0.0009820290821516383
KCNJ9,0.000981773851002726
CDH9,0.0009817042544545374
SCARNA3,0.0009816492010725729
RP5-1033H2.1,0.0009814761990069307
RN7SKP285,0.000981313398591021
RP11-475E11.2,0.000981205576760437
RP11-589C21.5,0.0009808473593967862
RP11-517O13.3,0.0009804291182568912
RP4-612B18.3,0.000980327489956641
CTD-2199O4.3,0.000980311166718999
AP000355.2,0.0009801722966652673
RP11-432I5.6,0.0009799339004308856
RPSAP46,0.0009798301475885199
MIR4285,0.000979639924670049
RP11-79C6.1,0.0009793708596678153
RBM8A,0.0009792444258541644
RN7SL153P,0.0009791977647747136
RP11-168K9.1,0.0009787843647087603
GAPDHP51,0.000978691498991652
DLGAP1-AS2,0.000978587780413407
RP11-409I10.2,0.0009785714809168312
SLC25A4,0.000978439314207662
GDAP2,0.0009783014904689686
U3,0.0009780652245186773
RP11-770E5.1,0.0009779696714228706
RP11-77K12.5,0.0009777591682466418
CAMK1,0.0009776022563863914
SNORA63,0.0009773882233312164
RPS26P47,0.0009773793437606684
RP11-228G3.1,0.000977328269635326
RP11-356C4.5,0.000976936048280801
MALRD1,0.000976815071280088
IL17B,0.000976797660332319
AC006373.1,0.0009767153774984357
USP27X,0.0009766836371066818
PTPN20CP,0.0009765930077830487
THCAT158,0.0009765471395275134
RP11-826N14.2,0.0009763467826297142
AP000432.1,0.0009762132475293992
RNU6-1034P,0.0009761508697138336
SNORA70F,0.0009754286482529822
XXbac-BPG246D15.9,0.0009753329263331332
RNU6-4P,0.0009753221407334047
AC068533.7,0.000975098610602135
PSCA,0.0009750813047358662
RP11-193E15.4,0.0009747781903226989
RP5-875H18.9,0.0009744645728549143
CTD-2026D20.2,0.0009743181959177169
RP11-94B19.2,0.000974119905433286
CDK7P1,0.0009731817629932421
TMEM88B,0.0009731641334807158
DCDC2C,0.0009731510065050711
MIR3945HG,0.0009731020570999969
LL22NC03-88E1.17,0.0009727074375639327
RNU6-1285P,0.0009725948710487394
ACTN4P2,0.0009720910382179017
HCN1,0.000971959968102752
LINC01358,0.0009719041452113316
LINC01554,0.0009716267136665462
RN7SKP268,0.0009714500885152459
RP11-568N6.1,0.0009714196409595983
AC079145.4,0.0009712789991891577
MYSM1,0.0009710492083433654
RP11-122K13.12,0.000970931936127683
TUSC5,0.0009708931569574118
MIR572,0.0009706084796618757
LINC01331,0.0009703037542651787
RPSAP39,0.0009702400815810749
RP11-1D12.2,0.0009700860725045783
CNN2P4,0.0009699270819628471
RNA5SP294,0.0009699152338892168
ARL2-SNX15,0.0009698866922768488
ASNSP6,0.0009698185049329068
RNVU1-3,0.0009697525610258903
AC104653.1,0.0009697108980986266
RP11-260M19.1,0.0009694995042961528
LINC00331,0.0009694988935304573
RP11-8H2.1,0.0009694811001375554
DGKD,0.0009694747616336121
RPL10P12,0.0009692465852719597
CTA-503F6.2,0.0009692023159882065
RP1-93H18.6,0.0009691800287787496
RP11-395B20.2,0.0009688259515986339
RNU6-1095P,0.0009687246495282022
AL109767.1,0.0009685159566831267
RPS4XP11,0.0009684784562594873
RP11-323I15.5,0.0009684257091967446
COL10A1,0.0009682723589764927
Hammerhead_HH9,0.0009681657812365171
MIR548AM,0.0009680879789429539
Y_RNA,0.0009679163974908796
RP3-354J5.3,0.0009677879644148445
RP11-329E24.6,0.0009677202721411011
CTD-2124B20.3,0.0009676917540231298
MYCNUT,0.0009668221053582977
SV2A,0.0009667433276886643
RP6-91H8.5,0.0009667391002823752
SPDYE22P,0.0009666464475839039
RP11-305P22.9,0.000966512431762341
PTP4A1,0.0009664798529965192
OR6M2P,0.0009663946143919329
TM4SF1-AS1,0.0009662125321903915
RPS2P55,0.0009660709081416584
ZNF675,0.0009657220833962924
RP11-378A13.2,0.0009656269235312514
WDR45BP1,0.0009655330930068181
RP11-35O15.2,0.0009654258584994204
RP11-422N16.3,0.0009652400144205698
MTATP6P20,0.0009650466958433047
AP000867.14,0.0009649497327135261
MIR3609,0.0009649055928125802
RP11-83M16.3,0.0009647828345038599
U91328.19,0.0009646061510393234
AC007557.2,0.0009645971992929938
RP11-5P18.10,0.0009645643424609149
RP11-141J13.5,0.0009645169768458226
RPS15AP11,0.000964157654487242
AP000959.2,0.0009641143846639933
CCL27,0.0009641085987367159
RP11-398J5.1,0.0009637315806426145
RP11-250B2.3,0.0009632768643372207
RPL5P3,0.0009632620197970063
RP11-65L19.4,0.0009631438818089642
VN1R85P,0.0009628580159615882
OR2B11,0.0009628211798152713
RP11-619J20.1,0.0009627167277953858
RP11-982M15.5,0.0009626054379742976
PRDM12,0.0009623110687546714
RP11-17E3.1,0.0009623035917347543
RPL12P40,0.0009622329418401998
VN2R19P,0.0009619470621193886
MYO5BP3,0.000961570243494954
OR1Q1,0.0009615366979225024
RN7SL300P,0.000961482273745991
LSAMP-AS1,0.0009613841125389941
RP11-446F3.2,0.0009613481996071114
RP11-654E17.2,0.0009610470495878783
SNX18P3,0.0009609361478196994
H3F3AP5,0.000960696905651831
RP11-799D4.4,0.0009603881276667342
SNX18P13,0.0009602571152019188
SLC20A1P2,0.0009602515250208291
AC073218.1,0.0009601973639199679
RP4-682C21.5,0.000960178074215615
AC034110.1,0.0009601272313052215
KRTAP1-5,0.000959794902236833
RP11-321F6.2,0.0009597343637128021
VRK1,0.0009596088275273732
APOOP5,0.000959321722823896
RPL5P14,0.0009591413867009572
AC005251.3,0.0009590785014946994
RP11-973N13.2,0.0009587684955929043
RNU6-577P,0.0009583379098537416
SUMO1P4,0.000958163534068739
ELMO2P1,0.0009581570253599231
HSPA8P15,0.0009581266174887714
RP11-49K24.4,0.0009580571962198894
SNORA80A,0.0009579071893807406
RP11-70F11.2,0.0009578414967893023
RP11-371M22.1,0.0009577495973317474
OR10G7,0.0009576881444351953
KRT31,0.0009575941202246197
WI2-87327B8.2,0.0009575113773278011
MTA2,0.0009574474566058445
RP11-107F6.4,0.0009573852415287063
RP11-317B3.2,0.0009573473627567516
RBPJL,0.0009573117139589118
RP11-402N8.1,0.0009569555173355932
RP4-568C11.4,0.0009566062316169212
CTC-513N18.6,0.0009564285547560801
U1,0.0009560882762435006
RP11-142C4.6,0.0009560508356986162
BMS1P17,0.0009559953784288405
RP11-24J19.1,0.000955485751197817
CTC-487M23.8,0.000955418491890088
ITM2A,0.0009554160886609909
RP4-706A16.3,0.0009552708139479066
LINC00501,0.0009550126330540253
ZFP64P1,0.0009547585597169421
MIR541,0.0009543474090272929
METTL21AP1,0.0009543320479795932
PABPC1L2B,0.0009542258674832084
SCARNA10,0.0009541104327924796
IHH,0.0009540713665088816
RP5-827C21.2,0.0009539214780137714
RP11-349A8.3,0.0009538027192923664
MIR1302-8,0.0009536677340398641
CTB-12A17.2,0.0009536615297347621
EEF1B2P6,0.0009535533122704793
MRTO4,0.0009534879393369402
RN7SL507P,0.0009534516951436847
CTB-60E11.9,0.0009533750051537872
WAS,0.000953325940069142
ANKRD62P1,0.0009532445956397835
RP11-395I6.3,0.0009531610090131023
RN7SL621P,0.0009530843600799611
RP3-403A15.5,0.0009529582274162245
RP11-14N4.1,0.0009528780156280792
RP11-141A19.2,0.000952668081136369
AC125421.1,0.0009520506162651536
U1,0.0009520174057374789
ZNF8,0.0009517659280966994
CTC-518P12.6,0.0009516991199552038
RP11-554A11.4,0.000951590567895934
RP11-1252D15.1,0.0009513092637072462
RPSAP36,0.0009511201533085456
RP11-1E4.1,0.000950998412068092
LLNLR-268E12.1,0.0009509391489587151
SNORD114-21,0.0009507780684464847
ADH4,0.0009506829129105773
HMGN2P8,0.0009506743321793873
Y_RNA,0.0009501996780391177
BORCS8,0.0009500791685403071
RP11-161M6.6,0.0009497768517248958
RP4-545C24.1,0.0009495296942953873
FAM21FP,0.0009494977023117554
AL133243.3,0.0009493373248492758
THUMPD3-AS1,0.0009493232251137538
RP11-529P9.1,0.0009493149048626796
RP11-85O21.5,0.0009486571226369269
ABHD5,0.0009486562658832011
S100A11P1,0.0009486144706686647
RP1-122K4.3,0.0009484512545657026
CYP3A52P,0.000948279313440928
LL22NC03-86D4.1,0.0009480113740233738
RPS29P5,0.0009478229136782438
DRD5P2,0.0009476751909190224
WTH3DI,0.0009474718748667733
CTD-3131K8.1,0.0009470428208163875
RP11-468H14.1,0.0009469890593895655
RPL23AP42,0.000946840626381561
CRYBB3,0.0009468020353422327
HOXC6,0.0009462978690743515
GPC1,0.0009462204543766901
PDCD5P1,0.0009460958884785999
AC073257.1,0.0009458923651475138
GAPDHP42,0.0009455943038667956
NDUFB3,0.0009454521795862182
PMS2P6,0.0009454437769011578
WDR49,0.0009452383363601316
RP11-521D12.5,0.0009447437534586307
RP11-707O23.5,0.0009443910888601168
RP11-831F12.3,0.0009442688391890518
ATP6V1G1P6,0.0009441118281149986
RP11-113E21.2,0.000943897513357446
SUMO2P1,0.0009438098912338138
NPIPB7,0.000943631498540873
RNU6-876P,0.0009433039521559967
RP11-563N4.1,0.0009432789586399129
RP11-354E11.2,0.000943007613005467
RP1-46F2.3,0.0009429451482867656
CTC-471J1.8,0.0009428355215077551
RP11-515O17.3,0.0009428340921531177
PCDHGC4,0.0009428278141949038
ANKRD20A21P,0.0009428207426138503
RP11-466F5.6,0.0009427492744530782
RP11-5A11.2,0.0009425656479756025
RP11-184J23.2,0.00094247663575448
PIK3R6,0.0009424325792920539
RP1-178F15.4,0.0009424063266815476
RP11-341N2.1,0.000942167927807298
LRRC10,0.0009421663914683342
LINC00533,0.0009420385813470807
CTD-2298J14.2,0.0009419916377585176
CCDC70,0.0009419867705486054
RPL7P57,0.0009419714501995589
CTB-164N12.1,0.0009419327739703459
RP11-578F21.10,0.0009419116493745503
AGPAT1,0.0009416064301061708
AC005304.1,0.0009414809627093921
RP11-333A23.3,0.0009414741550089148
PCP4L1,0.0009412503426258864
RP11-335F8.2,0.000941191435168924
RNU6-1068P,0.0009410166009508754
RPL29P11,0.0009409957057649872
SNX19P2,0.0009409160408959022
TPT1P13,0.0009408447157916985
ATP5A1P5,0.0009406293242616077
PCDHB15,0.0009404780764259509
AC002056.5,0.0009398583577677567
RPSAP68,0.0009396529122668608
NPM1P11,0.0009396395271418326
RN7SL812P,0.0009390238893484311
WNT2,0.0009388097220953233
RP11-312B8.1,0.0009386892900926333
RN7SKP128,0.0009386668910739175
KCNK12,0.0009382131754845111
AL117190.1,0.000937800141605915
AC004066.3,0.0009375676748428477
KCNJ18,0.000937511083870717
Y_RNA,0.0009372865176511798
KRTAP9-8,0.0009371039479149706
CDR1,0.0009366289026779775
MSL3P1,0.0009365311871700961
ANKRD31,0.0009361893423970248
MTERF3,0.0009361827063163592
LCN1P1,0.0009361331792324542
RP11-141M1.1,0.0009359712944930675
HLA-N,0.0009355306654509723
RP11-352M15.1,0.0009350503379284306
RP11-20G13.3,0.00093501294836143
INHBA,0.0009349403934802928
RP11-481K9.4,0.0009349041841073515
RP11-452H21.4,0.0009346945019320246
EEF1A1P41,0.0009346421803293948
POU1F1,0.0009345670317826604
LIN28B-AS1,0.0009344178421067717
RP11-158M2.2,0.0009343054338685805
TMSB4Y,0.0009339563200410122
METRN,0.0009338554491117093
RP11-150C16.1,0.0009338103334025688
MMP9,0.0009336081442488573
AC079779.5,0.0009335500817503249
DCHS1,0.000933482212604202
RP11-686O6.1,0.000933478127579193
GBP1P1,0.0009328863931961189
RP11-321P16.1,0.0009328165126523508
RP11-263C24.3,0.0009327929572578604
HSP90AB2P,0.0009324245458776336
RP5-872K7.7,0.0009323647014779652
RPS23P1,0.0009321103102280918
LINC01060,0.000932000940291014
RP11-503C24.6,0.0009317019982440265
CTD-2306A12.1,0.0009315793935030767
ZNF729,0.0009314791280157687
AC104389.1,0.0009314285160731692
RNA5SP108,0.0009313730511384027
CALM1,0.000931136724577203
OR13D2P,0.000930836138505971
RN7SL356P,0.0009298529094540184
SNORD116-10,0.0009297762893522203
PAQR9,0.0009295056923943419
ATP5D,0.0009293582974352385
CTSLP4,0.0009287776401269337
KRT8P35,0.0009285785662925567
DDTP1,0.000928518142494677
RN7SL594P,0.0009284613587655543
RP11-30J20.1,0.000928150284145175
GAPDHP46,0.0009279667162286272
RNU1-1,0.0009279248657233033
RPL21P3,0.000927786780205775
AC079922.2,0.0009275240236552286
RP1-286D6.5,0.000927475272355282
KRT18P52,0.0009274731195289198
RP4-756H11.5,0.0009274002434759343
ACTN4P1,0.0009273612196056125
CA3,0.0009272241703607581
RN7SL258P,0.0009272240967846506
Y_RNA,0.0009270634178909997
RP11-116O11.1,0.0009270097530583671
RP4-710M3.2,0.0009269046322860726
Y_RNA,0.0009266560976997252
RP11-321N4.5,0.0009260492897107977
RP11-288L9.1,0.0009259551994379341
CTB-174D11.1,0.0009259290542388388
RP5-864K19.4,0.0009257109569905912
KRTAP8-2P,0.000925686616206333
RP11-713P17.4,0.0009254824683428775
RP11-230C9.2,0.0009254466567680869
RP11-687F6.4,0.000925244288566058
CYTOR,0.0009252016426171275
UMAD1,0.0009251321999150393
RP11-249L21.4,0.0009240197773944769
RP3-359N14.2,0.0009237372329542941
CYCSP23,0.0009235785899766383
RP11-1012A1.7,0.0009235202347757987
PCDHB11,0.0009234126557311373
CARMN,0.0009233692223339456
GATA6,0.0009225795159673441
CH17-260O16.1,0.0009225387718550291
AC008691.1,0.0009224579903504885
RP11-293B20.2,0.0009223880084159905
RNU4-16P,0.0009223859458806499
PROCR,0.0009222793580374077
MYLK2,0.0009221999809311869
DTX2P1,0.0009220132047759683
CDCA4P2,0.0009218502952744359
RP11-783L4.1,0.0009215864761431381
RP11-367O10.1,0.0009215536668028606
CLEC4C,0.00092153343457006
RP11-158I13.2,0.0009214542133218664
SNORD7,0.0009213404085798096
RP4-745E8.2,0.0009212546038869054
RNU6-316P,0.0009212301251443353
RP11-77H9.8,0.0009210796661632485
GRM3,0.0009210334841403352
LINC00511,0.0009206961450443325
SFRP5,0.0009206954593773832
Y_RNA,0.0009201067723526669
EFNB3,0.0009196703004948662
POPDC3,0.0009194466963899843
PLA2G12A,0.0009193086519331509
RBM22P13,0.0009191054278429174
EPPK1,0.0009189650022171252
RP11-19O2.2,0.0009188725592649298
ATP6V1B2,0.0009187927601313162
AMDHD1,0.0009187327674561272
RN7SL606P,0.0009186861942817396
RP11-94C24.6,0.0009184577505891956
AE000662.93,0.0009183979094432853
CTD-2014D20.1,0.0009183802230448773
OR8B9P,0.0009182673029326806
RP11-143A22.1,0.0009182320352166376
RP11-328K22.1,0.0009179673491916667
ACTG1P3,0.000917952211288352
RP11-554D14.2,0.0009178202277593475
OR10A2,0.0009177438562357164
XXbac-B476C20.14,0.0009177085674395956
RP11-57C19.2,0.0009174512107418222
HSD17B11,0.000917340499051431
MIR1180,0.0009170906008167675
RP11-258O13.1,0.000917025374017059
RP11-43D4.3,0.0009167869935884126
RNU6-237P,0.0009165300250177155
LINC01565,0.00091642408823196
CMA1,0.0009163771810865758
RP11-462G22.2,0.0009160606419499773
RP11-29P20.1,0.0009159821965446474
MAPK6PS6,0.0009159656972918663
RP11-705C15.2,0.0009159214591327236
RNU6-1282P,0.000915883394709046
GPRIN2,0.0009156309160531745
OSTN,0.0009155218201047555
MIR4484,0.0009154317060182009
RP11-323F24.4,0.0009152703333870029
NOS2P3,0.0009152636469377005
RPL26P6,0.0009152319005067118
CTD-2050E21.1,0.0009151498419684604
CLEC3B,0.0009151331613358457
CTA-313A17.5,0.0009151291571393953
RP11-484D2.2,0.0009150755260137064
RP11-693J15.5,0.0009150019901361602
MIR3168,0.0009148596253635988
RP11-255E6.5,0.0009142815291799252
PPIAP26,0.0009140926822604736
IFNWP9,0.0009138782782938735
PANK3,0.0009138736816853285
RP11-83J21.3,0.0009138712433151764
RP5-1068H6.6,0.0009138194779727621
C2orf72,0.0009136016495510465
AP001350.4,0.0009134857190193615
RP11-96P7.1,0.00091327155893352
RP1-29C18.10,0.0009132665739265578
Metazoa_SRP,0.0009129872114398041
RP11-22A3.1,0.0009129013471920655
LARP4P,0.0009126016726887815
HELQ,0.0009125929940068663
RP3-446N13.1,0.0009124307474683124
AC104843.4,0.0009124214009030705
RBBP4P4,0.0009121636422426558
RP3-522P13.3,0.0009120798495683892
RNU6-1,0.0009118119452065123
RP11-314D7.2,0.0009115817521960133
RP4-796I8.1,0.0009115596149626823
SNORD113-8,0.0009115047484948191
MIR4667,0.0009114312925836591
KLHL30-AS1,0.0009114090469979538
RPS24P12,0.0009113002134568413
XPA,0.0009112310015217242
AC093901.1,0.0009108723125815352
CHMP2A,0.0009108660374902958
RFTN1P1,0.000910735444625511
RP11-214K3.23,0.0009106998002388001
C15orf54,0.0009106332605086351
OR10AB1P,0.0009104381645876419
CTB-50L17.16,0.0009104123229231027
PNMA6A,0.0009103674736202664
RP11-305L7.5,0.0009102812299714946
KB-1507C5.4,0.0009102556910862196
FRS3,0.0009101478118567187
RN7SL688P,0.0009101066063479126
RP11-347C18.3,0.0009099313646855094
ANKRD33B-AS1,0.0009098775582971688
RP11-299A16.1,0.0009098025615764624
RP5-858L17.1,0.0009096666241022824
RP11-491F9.5,0.0009094129595996138
RP1-122O8.7,0.0009089689661095846
HNRNPA1P46,0.0009085656526888583
PKNOX2-AS1,0.0009085469612841636
RP11-116O11.2,0.0009085306847050445
RP11-128B16.5,0.0009084006855938412
SGPP2,0.0009082835669319342
ERICH5,0.0009081697812423207
GUSBP4,0.000908127871063467
CCDC121,0.0009077457825198939
GOLT1B,0.0009076949103448649
RP11-480D4.2,0.0009076257573449019
RAI1-AS1,0.0009074570986394937
DPH3,0.000907232811723134
RP11-210K20.6,0.0009070958072158763
LL21NC02-21A1.1,0.0009070474462250389
TREML5P,0.0009068110702037103
RP11-316O14.1,0.0009067825392726347
LINC01511,0.0009065025987878891
RP11-52L5.6,0.0009065020577390842
KRT8P46,0.0009063347071119185
RP11-152H18.4,0.0009060859289357523
FAXDC2,0.0009058911389805838
RP1-130H16.18,0.0009056711062160026
RP11-533E19.2,0.0009056216339694869
VGLL3,0.0009054824706125408
TMEM30CP,0.0009054748748988046
RPL21P32,0.0009054320051800736
SOX4,0.0009054129564816712
FAM109B,0.0009048069057758861
AC011995.3,0.0009048030862671167
RP1-102D24.5,0.0009047513382301816
RP11-2N1.2,0.0009046008216636764
SCN3B,0.0009045234551993972
RP11-44N21.4,0.0009045234346130765
GRASP,0.0009043369217251156
RP11-509A17.3,0.0009043110191787094
RPS3AP44,0.0009041999165913451
RP11-307C12.12,0.0009041257226975819
RP11-411B10.5,0.0009040733964928056
RP11-64C12.5,0.0009039723741154834
AP001347.6,0.0009038688612391932
Y_RNA,0.0009033812553912681
RP11-208P4.1,0.0009030307403274773
MFSD13B,0.0009029957324386799
RP11-4C20.3,0.0009027386423953214
RP11-165A20.3,0.0009026083045381744
RP3-499B10.3,0.0009024470865314897
HSPB9,0.0009023390059305406
RP4-595K12.1,0.0009022926140356879
TNR-IT1,0.0009021855066703497
AL162426.1,0.0009019927394636314
RP11-507E23.1,0.0009018452296066168
MYT1L-AS1,0.0009014828614218361
RP11-33I11.2,0.0009006489903995434
TDGP1,0.0009004771052545827
FRG1JP,0.0009003523572369365
PIR,0.0009002980034641617
AC108488.4,0.0008998726661348503
AC118754.4,0.0008995186932597619
RAET1G,0.0008994550636973336
AC012613.2,0.0008993652655726339
RP11-182L7.1,0.0008991610461366818
SNRPCP10,0.0008990432930352587
PIGUP1,0.0008989443165852809
SNORA72,0.0008988424461827076
SCARNA21,0.0008988391548447184
RP11-513O13.1,0.000898579241832107
RP11-441F2.5,0.0008982763165756172
MNAT1,0.0008980631152485769
ATP1B3,0.0008972580455106586
RP11-1081L13.3,0.0008970207387339788
OR10AD1,0.0008969579970329654
RP11-282M24.1,0.0008965334284686071
TOMM22,0.0008963857359660674
RTEL1,0.0008963588843487111
IBSP,0.0008962919664418414
RP11-529H22.1,0.0008960535331871796
GDF6,0.0008959131352845374
SYNGR4,0.0008958369106046948
RP11-96G10.1,0.000895671703479424
RP11-138H11.1,0.0008955340544898152
NPM1P38,0.0008953517863639092
IL36B,0.0008952772946197742
Y_RNA,0.0008952067924032453
AC016722.3,0.0008950678703915348
AC115617.2,0.0008948948266167806
RPS15AP10,0.0008947565887631365
KCNS2,0.0008947005793728516
NOP14-AS1,0.0008946093383238026
VN1R21P,0.0008942975135403218
EFTUD1P1,0.0008941070964028843
RP11-236J17.6,0.0008940984469359251
AP003900.6,0.0008940350817372199
AL355480.4,0.0008935925479825984
RN7SKP71,0.0008929373452539
RNU6-1091P,0.0008929253857878266
RP11-579D7.8,0.0008926786787604124
CTC-260E6.4,0.0008926190976639652
RP11-389J22.1,0.0008925250158578067
SLAMF6P1,0.000892504507178284
AC009237.11,0.0008924723964001121
C17orf82,0.0008924370901753425
GATA2-AS1,0.0008923745620604914
MIR6799,0.0008919663879130127
RP11-767C1.1,0.0008916409190164822
XRCC6P3,0.0008913315095343474
XXbac-B33L19.15,0.0008911235077899625
SAA2-SAA4,0.0008911050605381819
NKX2-8,0.0008909689914795646
ADAP2,0.0008908348585748869
CTA-796E4.4,0.0008906735527229999
PSMD7P1,0.0008906105441256529
RP11-651K21.1,0.0008905628435576628
PGAM1P6,0.0008904099496848971
TDRD7,0.0008903857840834011
BANF1P3,0.0008903560540601613
AC006427.2,0.0008902056013215702
NDUFAB1P1,0.0008899234027076745
LINC01205,0.0008898952259786605
HIST3H3,0.0008898433524976106
RNU6-1327P,0.0008898245272059175
CTB-167G5.6,0.0008898053837423488
AS3MT,0.0008894584585879493
RP5-1125N11.1,0.000889302194724712
VTRNA1-3,0.000889265271351512
HAUS1P1,0.0008890173088936851
AC003002.6,0.0008885386794352482
RPL34P6,0.0008885380796281074
RP5-864K19.7,0.0008884941246189901
RP11-467I20.2,0.0008884772411362453
RP11-26J3.1,0.0008881841635065658
GAGE10,0.0008880371596831341
RP11-53B2.5,0.0008877969172212614
CTD-2228K2.1,0.0008876475177731519
MIR6127,0.0008875049230413776
RP5-1022J11.2,0.0008874667227107508
RP11-436M15.3,0.000887196895741478
RP11-932A10.1,0.0008867492350905878
LINC01285,0.0008866622249507511
GRPR,0.0008866097007801899
CA8,0.0008864419683961757
FCN1,0.0008861774300458855
SLC15A5,0.0008861029020958398
LINC01441,0.0008860747097522684
Y_RNA,0.0008860390517604182
RP11-525G12.1,0.000885609491315143
ME1,0.0008855705972182648
C17orf107,0.0008854868704108133
RP11-357G3.1,0.0008854432172124817
RP11-864J10.2,0.0008853244752685773
CTD-2536I1.3,0.0008851850866893864
RPL21P12,0.0008851336403715796
RP11-430C7.2,0.0008850024019989558
RP11-461L13.5,0.0008850017981746377
RN7SL724P,0.0008849759711604573
RP3-465N24.6,0.0008848502550406978
AC013402.4,0.0008848245870776274
RP11-338E21.1,0.0008846080878184748
RP11-550A5.2,0.0008843740748371073
MIR153-1,0.0008843418896561651
RP11-96C23.14,0.0008841317655605022
RP11-742B18.1,0.0008839627356291624
RP11-57G22.1,0.0008835988290138621
PPIAP21,0.0008833920559640491
PPP1CB,0.0008831874739119166
FTCD-AS1,0.0008830520426433044
AC104820.2,0.0008827740273997227
AC124789.1,0.0008826678160846636
FAM86B3P,0.0008825080555506465
TIMM17BP1,0.000882030906605453
LINC01257,0.0008819875021027584
RP11-277P12.10,0.0008818964425183183
RP11-304F15.6,0.0008815057298602835
CHCHD2P3,0.0008813974249125061
PADI1,0.0008812084408240204
RP11-697E14.2,0.0008812076701105388
GABRD,0.0008811984166372583
RP11-867G2.5,0.0008811685734226601
CLRN2,0.0008809889453978903
REXO2,0.0008809038509069952
CD79A,0.0008808401078402253
RP11-793K1.1,0.0008807748405049633
AC111155.1,0.0008806843043023377
MAPK6PS4,0.0008802188924571803
RP11-570L14.1,0.0008801040155420434
RP11-642D21.1,0.000879871399745466
RP11-73M18.8,0.0008798494333856074
FBN2,0.000879844805382628
RP11-543D10.2,0.0008795221848903933
RP11-432J9.6,0.0008794655736467707
KRT9,0.000879276423960012
RP11-69C17.3,0.0008791518167862013
RPL6P30,0.0008791445684137324
KIAA0753,0.0008791140719942275
MAP2K1P1,0.0008790996014333783
NACA3P,0.0008790593936567025
RP11-413H22.2,0.0008790502395376644
RP11-639B1.1,0.0008790044291420622
AC006509.4,0.0008788589612918013
RP11-700H6.2,0.0008788361387809065
HMGB1P16,0.0008787349631847696
HNRNPA1P55,0.0008785502224369419
MIR496,0.0008785261281163279
TMEM50A,0.0008784468685135651
ARL6,0.0008784288511682599
RP11-534P6.1,0.0008782792369213643
RP11-993B23.3,0.0008782679685273146
AC008073.9,0.0008778370319936439
RP11-742D12.2,0.0008777849863413597
RPL17P46,0.0008776093522800041
RDH8,0.0008775394959253465
CTD-2186M15.3,0.000877466689626044
SMOC1,0.0008771983359728699
HMGB1P7,0.0008771812205317748
AC010890.1,0.0008771691633447926
CTD-2576F9.1,0.0008771377479728828
LINC00844,0.0008771259264318324
C15orf59-AS1,0.0008769856222316688
AC016739.2,0.0008769570404346456
DHX8,0.00087684341281265
RP11-248G5.8,0.0008766717810325864
CTC-450M9.1,0.0008766398505523495
SNORD81,0.0008764539296134204
RP11-348N5.7,0.000876119242831478
OR6M1,0.0008760757933710112
RPS26P41,0.0008759380625471756
SPACA4,0.0008758461454002347
SNHG10,0.0008753702090483095
SNORD74,0.0008753282656630106
RP11-310H4.2,0.0008751641603556644
RP11-117L5.1,0.0008751217650913127
RP11-326I11.3,0.000874908039911203
DHH,0.0008746443295512168
UNC5A,0.0008746440477983221
EIF5,0.0008745895069300392
HORMAD2-AS1,0.0008744288845524685
RP5-824H1.1,0.0008742289201944177
RP11-59H7.4,0.0008741023564386415
HLA-DQB1-AS1,0.0008740210829920352
AC005777.3,0.0008737331261957978
CTSLP2,0.0008736932881210734
RP5-828H9.1,0.0008733546160861802
REG1CP,0.0008732021970374806
RN7SL792P,0.0008731193180184335
ADAMTS9-AS2,0.0008730579642806794
RP11-641A6.5,0.00087298628595835
RP11-108F13.2,0.0008727912486078353
KRT77,0.0008726908494016796
C20orf141,0.0008725136573501986
RP11-6B19.1,0.000872400404533614
RP11-422P24.11,0.000871974720820386
RP11-423F24.3,0.0008719407401100399
AP000281.1,0.0008718887451277181
RP11-396C23.3,0.0008717265633956497
LUM,0.0008716962866635321
KB-1517D11.4,0.000871503906967594
RNU6-495P,0.0008710741801903382
AC005753.1,0.0008709243904120976
RP11-47P18.1,0.0008706317737003102
ARL2,0.0008706291356105649
MIR4671,0.0008706054046756593
RBM8B,0.0008703653331014307
CTD-2373J6.2,0.0008702819675512507
EDRF1-AS1,0.0008701896633762551
RP11-479I16.2,0.0008701477388678778
RP11-236B18.5,0.000869964747100165
RP11-66N11.7,0.0008698623295317761
FAU,0.0008698412188773456
RP11-91I20.3,0.0008698080743050799
RP4-715N11.2,0.000869761725735069
SCARNA20,0.0008697241729736775
RP11-495K9.5,0.0008696510800477544
ZNF33CP,0.0008696490527957971
CTC-367F4.1,0.0008696460977109428
LINC00545,0.000869579590713707
RN7SL614P,0.0008693538715663691
CCDC58P1,0.0008692891878133579
CTA-390C10.10,0.0008689915294621914
BARX2,0.0008687680177454468
CFAP20,0.0008687374324980382
VN1R91P,0.0008687249755938989
SEC11C,0.000868651006175939
AC109829.1,0.0008685227807688485
MIR892B,0.0008685224256934967
CTD-2373H9.3,0.0008683422508754681
HSPA8P9,0.0008673368852328413
RP11-87C12.5,0.0008670045543506423
RP11-109P14.2,0.0008669837082741905
SNAI3,0.0008667618199612307
SMPD4P1,0.0008666500427732947
RP11-166D18.1,0.00086651668669525
PRB1,0.0008661316808773199
SNORD45,0.0008658779061396234
LINC00684,0.0008658276270500448
AC003092.1,0.0008658211186284023
FAS-AS1,0.0008657296761657811
AC093326.2,0.0008657181028154168
RP11-529E10.7,0.00086569232292037
RP1-261D10.2,0.0008656043943563153
RP11-407B7.1,0.0008655827404089472
PRKCQ-AS1,0.0008648915795838394
CTB-78F1.1,0.0008640588229394916
ALG3,0.0008635085763192543
GIPC2,0.0008634228801499687
RP11-84C10.2,0.0008631738862062069
BLOC1S5-TXNDC5,0.0008631736333622763
RP11-421E14.2,0.0008630770538761884
CTC-436P18.5,0.0008628874364868243
ZNF839P1,0.0008626993298043163
EIF4EBP2P2,0.0008624281557629179
RP11-135A1.2,0.0008623624903223404
CTD-2378E12.1,0.0008623222760771251
RN7SL361P,0.0008621739658315927
RP4-603I14.3,0.0008621150019456707
RP11-1012E15.2,0.0008619734445079683
RP11-803B1.2,0.0008619067771435286
RPS6P12,0.0008617819014767565
PFN3,0.0008617743718801793
AC110754.3,0.0008616370084573125
RP11-44F21.5,0.0008613904628628895
RP11-510M2.4,0.0008613695201519434
TRUB2,0.0008613073365920395
RP11-1023P17.2,0.0008612975615394412
RP11-342M3.5,0.0008612944328640823
RP11-64C12.1,0.0008610422602959282
RP11-686D22.6,0.0008607739858048035
TUBB8P12,0.0008607342087938853
PQLC2L,0.0008607254203689831
MIR4648,0.0008606934675134192
PDE6A,0.0008603280649415467
RP3-422G23.4,0.0008602757445660678
C4orf26,0.0008602550336660396
RP11-675P14.1,0.0008601782767717142
CALHM1,0.0008599737533993709
DNAJC9-AS1,0.0008597852456800911
RP4-597J3.1,0.000859540783867763
RP11-9G10.1,0.0008595325137852935
GBAS,0.0008593127314616756
RN7SL381P,0.0008592489450656664
TMEM200C,0.0008591797989432056
RP11-108O10.2,0.0008591267098481818
RP11-452H21.1,0.0008589120684235205
RP11-139K4.2,0.0008588453752264074
HMGA1P6,0.0008587546564040939
RP11-139H14.5,0.000857977292522649
RP11-613C6.4,0.0008579466342611214
SNORA67,0.0008577453083648113
EPYC,0.0008576677852857437
HSPE1P4,0.0008574867482146994
RP11-110I1.12,0.0008574142171076498
RP11-686D22.9,0.0008567307962558359
LRP1-AS,0.0008566933125567515
RP5-842K16.1,0.0008565609257939433
RP11-463D19.1,0.0008563915188662543
BNIP3P15,0.0008561135351346931
FARP1-AS1,0.0008560789825623234
SFTA3,0.0008560156381792473
RAB43P1,0.0008556999967753763
DAD1,0.0008555139382443773
DDN,0.0008555006691844947
SRFBP1,0.0008554694075759863
NRAS,0.0008553871345801149
FRG2C,0.0008552173375503639
RP11-176H8.1,0.0008551682969287905
PRODH2,0.0008550925069533412
LA16c-306A4.1,0.0008549042400935528
RP11-583F24.5,0.00085479920817095
MIR486-1,0.0008547980261560386
OR2L5,0.0008547512725568556
WDR86-AS1,0.0008547442502607977
RP11-758I14.3,0.0008545944362686863
RP11-762I7.5,0.0008543236716201928
RP11-166P13.3,0.0008542083973773492
RP11-14C10.6,0.0008540094757124983
MIR4506,0.0008539827056558881
SNORD114-25,0.0008539382194126223
CCDC58P5,0.0008536603031314944
BAATP1,0.0008536047763031043
KIRREL3-AS1,0.0008532960718730855
DSCAM-IT1,0.0008532342968908058
RP3-400B16.4,0.000853168728309728
RP11-586L23.1,0.0008529680934732142
ZBTB20-AS2,0.000852780825776511
AC002454.1,0.0008527767522687968
FOSL1P1,0.000852729811435034
RP11-673E1.4,0.0008527075726856661
RP11-210K20.5,0.0008526648190115512
SLC9A9-AS1,0.0008526603225233548
MT-TD,0.0008525902819403562
ASS1P5,0.0008525293705466291
RP11-634B22.4,0.0008523378275783919
RBMX2P2,0.000852293985950731
AC007386.4,0.0008520239107839343
GNAT3,0.0008517296172371582
RP11-770J1.4,0.0008512633295628306
RN7SKP203,0.0008512492246294302
CTD-3107M8.1,0.0008510646864747323
GRID1-AS1,0.0008509830674050943
AC073316.2,0.0008509590964790737
MRPL58,0.0008507627077253093
BNIP3P19,0.0008507600462136872
SMLR1,0.000850597145904292
CENPVL3,0.0008505844332152033
AC092881.1,0.0008504311243200898
ERCC6,0.0008502922639732209
RP4-612B18.1,0.0008502580823687896
RP11-390P24.1,0.0008498073727421381
RPL3P1,0.0008494780742080639
RP11-521L9.1,0.0008493920502789607
AC016831.5,0.0008492322363795661
ENPP7P11,0.0008487741239319661
TSTD3,0.0008487697163781837
OMD,0.0008485271910161992
KRT8P7,0.0008484635218631516
CTD-2281E23.1,0.0008476941140638706
RP11-11K13.1,0.0008476919063395152
RP5-877J2.1,0.0008476351305742493
SLC45A4,0.0008472906267508386
NEFH,0.0008468932986761739
Y_RNA,0.0008464555462341771
RP11-551L14.8,0.0008464492401610135
HNRNPA1P54,0.0008459625995395552
RP11-76E17.3,0.0008456100298500848
SNORD113,0.0008449575149431954
RP11-311H10.4,0.0008449057539791119
CFAP77,0.0008449000973743496
ZBED9,0.000844862550668612
LURAP1L-AS1,0.0008444335240703877
PRF1,0.0008441238826461682
SLC30A3,0.0008440220081630737
PRDM9,0.0008438200897128177
RP5-1011O1.3,0.0008438069366262571
PSMB3P2,0.000843705170127212
TRIM77BP,0.0008436591689406959
KCNV2,0.0008435446414888994
EEF1A1P26,0.0008434536117731604
RP11-278H7.5,0.0008433514508833267
FGF12-AS1,0.0008432944949020375
RNU6-17P,0.0008430340914655386
RP11-64C12.7,0.0008426327801984823
ST13P12,0.0008423251894817996
OR5AK1P,0.0008422629641838368
HOXC9,0.0008421909179962085
RP11-26M5.2,0.0008421906226693161
C4orf46,0.0008421393889930477
RP11-707A18.1,0.0008419964741170066
IFNA17,0.0008419558639750008
RP11-716H6.1,0.0008417755477520837
LINC00686,0.0008413778496367571
AL109763.1,0.0008409451923930968
Y_RNA,0.0008409234747506039
AC016691.2,0.000840755180226703
OR2T6,0.0008405217973681248
RP11-282A11.4,0.0008402230997634069
SLC18A3,0.0008402224226946932
RP11-722G7.1,0.0008396849025956978
AC008622.1,0.0008396710418514449
RP11-20D14.3,0.0008392858858593211
NNAT,0.0008392825313704957
DESI1,0.0008392012047921525
LINC01412,0.000839158019413958
RP11-626P14.1,0.0008389044621819481
EDDM3B,0.0008387974864727476
Y_RNA,0.0008387815727239839
SVILP1,0.0008386895809157172
RP11-429A20.4,0.0008384387656669583
Y_RNA,0.0008384354875629938
RP11-335O13.8,0.0008383272862618807
FAM184B,0.0008381847914373659
CDCA4P4,0.0008380336036461315
CILP2,0.0008378806121397301
RP4-673D20.6,0.0008377837332709991
RP1-272E8.2,0.0008377226854293888
LINC00403,0.0008374035775436222
DIO3,0.0008370780918422997
AC108868.6,0.0008369850709792052
DBX1,0.0008363345990961491
RP11-98H4.1,0.0008363106150707441
RP11-327J17.7,0.0008362194629285564
SNORA31,0.0008356093264556123
RP11-766H1.1,0.000835601527379006
SOX8,0.0008353490599498166
RP11-806L2.6,0.0008350718961649885
CTD-2008P7.6,0.0008350711266606125
LINC01561,0.0008350032916199194
RP11-63G10.2,0.0008349856391886033
AC007255.8,0.0008349320646167086
AC022182.3,0.0008348961077488469
BCRP3,0.0008347095797468526
CTD-2022H16.1,0.0008346575319399485
AC005682.5,0.0008346467957316384
IGFBP6,0.0008345722982398277
RP11-792A8.3,0.000834531068786418
MIR99B,0.0008344924265526473
RNA5SP209,0.0008344545258852888
FAM224A,0.0008342064145053837
KPNA5,0.0008341763526355918
PARD6A,0.0008341069087143163
EVPLL,0.0008339980080274587
RP11-889D3.2,0.0008339767454255953
FAM87B,0.0008339215401218187
Metazoa_SRP,0.0008337845662267373
RP11-747E23.1,0.0008336073220345348
RP11-26M5.3,0.0008334038338891303
YWHAZP7,0.0008333818259589368
RP11-329J18.4,0.0008333026489694741
MCEE,0.0008329913761990125
OR1M1,0.0008328799664602101
LINC01494,0.0008328269908067536
RP3-337H4.9,0.0008324283108673634
AC092171.2,0.0008322701560645514
LINC01208,0.0008322476161476604
CLNS1A,0.0008321273314820745
RP11-458I7.1,0.0008319717384385931
LINC00944,0.0008319286228688855
DDX39AP1,0.0008318692846107297
ZBTB34,0.0008318481780969012
LINC00189,0.0008315762584092515
ZNF140,0.000831548827499364
CTD-2013N24.2,0.0008314070516693725
RP13-487P22.1,0.000831327338648837
CTC-260E6.3,0.0008312316645810902
SLC25A21-AS1,0.0008310206298510704
KLHDC7A,0.0008309119017262266
CTD-2207A17.1,0.0008305787382917911
RP11-94B19.5,0.0008305464556037993
CTC-457E21.5,0.0008303623845428265
RP11-113D6.6,0.0008300554840520891
SPATA24,0.0008299714335687189
RNU6-616P,0.000829181523141371
RPL5P24,0.0008291725456622013
TRA2A,0.000829018040583654
CTD-2160D9.1,0.0008288050971251972
AC073869.2,0.0008286695421894677
CTB-3M24.3,0.0008285126829314843
snoU13,0.0008283804911472309
RP5-1177M21.1,0.0008282096501859524
SNORD113,0.0008282041659377722
RP11-356I2.4,0.0008280332086235194
MIR28,0.0008280178155192822
RP11-119B16.2,0.0008275804189974589
LINC00507,0.0008275122141249397
RP11-421N8.1,0.0008274726652196048
RP11-424G14.1,0.0008272617072374699
PDPK2P,0.0008271488480711915
CTB-152G17.5,0.0008271349770481124
RP11-104D3.2,0.0008266496311951729
RP3-329A5.1,0.000826571420164976
RP11-157D18.2,0.0008265245815679145
MSX2P1,0.0008263989397389744
AL355480.1,0.0008263590847961454
LINC01503,0.0008261425955717107
CDK2AP2P3,0.0008258532968641965
AC021218.2,0.0008254592938619234
G6PC3,0.0008253337670205639
RP11-94P11.4,0.0008252716177500602
RP11-70F11.8,0.0008249076694912318
MTND1P23,0.0008248946966926371
RP11-16C18.3,0.0008247076947965514
CTD-3149D2.2,0.0008246690482817347
MIR4737,0.000824177048854014
EMP2,0.000824169781761189
RP11-397G5.2,0.0008241668105077749
AC114765.1,0.0008238946529011956
CSPG4P10,0.0008235509285865104
RP11-579E24.2,0.0008234885063487068
OR2A1-AS1,0.0008234572254956035
VPS37A,0.0008234560815787334
LINC01198,0.0008232880272181445
ANKRD34A,0.0008229773090685995
RP11-331K21.1,0.0008229756359014996
KHDC1L,0.0008228836864517781
MT-TT,0.000822564372605149
ZNF28,0.0008224990374372107
CTSE,0.0008222742295042952
RP11-989F5.3,0.0008222522019150061
TTC9B,0.0008219760579427982
AC005740.5,0.0008218691707878418
COX20P2,0.0008214749285075268
PSME2P2,0.0008209346050709525
SLC38A7,0.0008208179154448659
CTD-2550O8.7,0.0008205341931500398
CAPN12,0.0008203482757695225
PGA3,0.0008202609032656019
ZNF280A,0.0008202417940291293
RP11-428F8.2,0.0008201756657540499
AC156455.1,0.0008201458972736779
RP4-781K5.6,0.0008200628744042715
IGHV4-59,0.000819940573324375
MTND4P2,0.0008198355928157705
APOA1,0.0008193298899909912
RP11-459D22.1,0.0008187948581665207
TACSTD2,0.0008187357320286798
GJA4,0.0008187072524148667
CTD-2196E14.5,0.0008184610137975816
AC007182.6,0.0008184525507394513
CD300C,0.0008183371106925477
MIRLET7G,0.0008182766943152105
MGC16275,0.0008178390453880784
ZFP91-CNTF,0.0008175931853789503
RP11-395L14.17,0.0008171191072861958
AKR1B1P3,0.0008170225486843225
GRAMD4P8,0.00081685468253294
PDE12,0.0008166635630390198
RFPL3,0.0008164520275868076
RP13-582L3.4,0.0008163523271900935
KRT42P,0.0008163087887755733
RP11-462G12.1,0.0008162772219605644
CTC-490G23.4,0.0008161416576072894
BTBD10P1,0.0008160025084416108
MIR7851,0.0008159888637720924
CYP7A1,0.0008159546568831451
MIR1278,0.0008158554563881347
RP5-836J3.1,0.0008153725476592197
RNU6-234P,0.0008153694874552213
ARG2,0.0008152960870689038
ECM1P1,0.0008150632118446755
RP11-460N11.2,0.000815006712090539
RP1-43E13.2,0.0008147778713854607
HES3,0.0008146823301878813
CTD-3065J16.9,0.0008142218670136825
TMEM8C,0.0008141149990188907
RP11-6I2.4,0.0008137861177197382
RP11-709A23.1,0.0008136557026591184
AF240627.2,0.0008136041961527127
RP11-747D18.1,0.0008135244444871859
RPL11P3,0.0008133265433525344
RP11-274B21.3,0.0008132994532652591
AC009299.2,0.0008132753027675248
RP11-147G16.1,0.000813239975140446
SNORD75,0.0008131479087586877
RP11-756H6.1,0.0008130390344388497
RP1-232P20.1,0.0008128703530984719
AC010731.3,0.0008127595359805252
GOLT1A,0.0008126748512487803
RP11-149B9.2,0.0008123545783009687
THEGL,0.0008122243791323213
MUC13,0.0008119336746614864
TFAP2A,0.0008111382769225149
AC073052.1,0.0008111283029172222
CNN2P3,0.0008110581558677043
FAM181A,0.0008110548777112354
AC112715.2,0.0008108994379023223
TSPAN33,0.0008108874584907325
RP11-415D17.4,0.0008104596928659453
RP11-214K3.18,0.0008103261996593552
PTP4A1P2,0.0008102199129632243
RP5-1053E7.3,0.0008101138346981408
RP11-696F12.1,0.0008101134187152205
RPL23AP25,0.0008099353065662775
RP11-88H12.2,0.0008098847808263486
MIR379,0.0008097032225582961
RP11-454F8.4,0.0008096635774611741
RP11-214K3.19,0.0008094878908406741
CDCA8,0.000809462226536735
RP11-24M17.4,0.0008091864183013637
Y_RNA,0.0008086910074664832
RP11-263K4.1,0.0008085939376342517
NKG7,0.0008085284777670077
AC140912.1,0.0008084006777103663
PELI2,0.0008082288305476526
AY269186.2,0.000808130113991596
GS1-166A23.1,0.0008080379120645402
RP11-729I10.2,0.0008079503829344027
U51244.2,0.0008078264091744342
RP1-184J9.2,0.0008078084169881091
RP11-103C3.1,0.0008076809411995461
RNU6-180P,0.0008074119648744837
LRRC59,0.0008073905125354146
CTA-268H5.14,0.0008073629077976593
GHSR,0.0008072730868046925
RN7SKP189,0.0008072645370628714
ARSDP1,0.0008067895328163857
CTD-2024P10.1,0.000806716801802892
MIR4635,0.000806416845847285
SLC35G3,0.0008064016280842955
SNHG1,0.0008063665344808207
ANXA9,0.000806191236093186
WBP11P1,0.0008061489347744349
E2F4P1,0.0008059559998169506
ANO8,0.0008058436021691928
RP11-597M12.2,0.0008058102842561294
GS1-600G8.4,0.000805767274186848
RNU6ATAC39P,0.0008057328547684356
Metazoa_SRP,0.0008056405654813948
NTAN1P3,0.0008055628952376743
ARF1P2,0.0008054468043651849
ENSAP2,0.0008052057411971171
UFSP2,0.0008051427292132476
RP11-468E2.6,0.0008050472754703564
PART1,0.0008048989195481655
TCEB1P29,0.000804753507609633
COQ10BP2,0.0008047199826628234
CTC-457E21.9,0.000804606840337957
TIMM8BP1,0.0008044363371494402
AC078842.4,0.0008043922842009954
RP11-32K4.1,0.0008043527662750495
RP11-316A16.1,0.0008042429676939388
LRRC15,0.0008039571709724754
RPL7AP10,0.0008036409449392762
RP11-172F10.1,0.0008036238889213838
AC106900.6,0.0008035281827802427
RP6-186E3.1,0.0008034732384935877
HMGB1P30,0.0008031763416670709
RP5-1116H23.6,0.0008030234869750003
RP3-467K16.2,0.0008024383284992081
RP11-293E1.1,0.000802370072850726
RP11-654C20.1,0.000802273935971161
CTD-3051D23.3,0.0008022162997636188
MIR607,0.000801965815703903
CTD-2555A7.2,0.0008019483113747043
NR0B1,0.0008019223669592004
AC109642.1,0.00080191176957098
Y_RNA,0.0008018718738607981
RP11-648K4.2,0.000801868194997393
RP11-546K22.3,0.0008018400525700355
YEATS2-AS1,0.0008016640358819347
RP4-647C14.3,0.0008012968987611705
ZNF114,0.000800923920216814
RP11-816B4.1,0.0008007912688272119
SNORD113,0.0008007704763964695
XXbac-B444P24.13,0.0008006020044702818
RP11-414J4.2,0.0008005446213610456
FAM166AP5,0.0008002805974355443
IGBP1P3,0.0008002508772687845
DUSP27,0.0008002246153526015
SRGAP3-AS1,0.0008001482828181883
RP11-1137G4.3,0.0007997933036756017
RP11-1O2.1,0.0007997905287002936
RPL7AP71,0.0007997816314039255
SNORD114-2,0.0007994055124750483
RP11-556O9.3,0.0007993701705808937
RP11-77G23.2,0.0007993401098397125
RP11-393I23.3,0.0007992361578921859
LINC00557,0.0007991635461565032
SNORD42,0.0007990973996644495
LINC00308,0.0007990728561551326
RP11-58C22.1,0.0007989417430721724
RP11-680B3.2,0.000798941622314511
PRR25,0.0007987941154366867
RP11-426J5.1,0.0007986008846061726
RN7SL272P,0.0007983651545763485
KRT18P65,0.0007981682489702185
SPDYE10P,0.0007980819451341117
AP000648.5,0.0007980144634918337
RPL31P20,0.0007980087001131654
HBQ1,0.0007979794624930066
ZSWIM5P1,0.000797836454257174
RP11-163O19.8,0.0007977123355511814
NUTF2P6,0.0007975573123468168
ANKRD34C,0.000797527065823121
RP11-37O16.8,0.000797487831724559
DOCK11P1,0.0007972382113088258
SEPT14P4,0.0007969012970287004
RP11-249L21.2,0.0007968238391373828
CTD-2562G15.2,0.0007967191644709379
RP11-565F19.2,0.0007965175033459422
FAM230B,0.0007961021437561107
RP11-295P9.3,0.00079602901049856
HCG4,0.0007960059282927335
IL1RL2,0.0007959411455230963
SCX,0.0007957038964973433
RNA5SP298,0.000795422516804658
TMEM190,0.0007954001803379786
PSPC1P1,0.0007953454298452386
RP11-4O1.2,0.0007953186311210839
LINC01413,0.000795148134358024
ACSM5P1,0.0007950006581417019
RP11-447L10.1,0.0007947710191372756
KCNA5,0.0007947516385754684
TLK1P1,0.000794604119877229
CTD-2616J11.16,0.0007945926808815204
AC053503.12,0.0007945911825516639
GRIK5,0.0007945513510281608
LINC01424,0.0007945407122498138
AC005517.3,0.0007944591837691006
AC008781.7,0.0007944291232404883
TRY2P,0.0007942857506592697
YWHAZP5,0.0007940980599778685
UFL1,0.000793453480814695
RP4-669P10.20,0.0007933701516652778
LINC00261,0.0007932937985049963
AC006116.22,0.0007930890118323405
RP3-406A7.7,0.0007927871314700105
RP11-727F15.12,0.0007923236126535332
NEUROG2,0.0007922343894589126
HELB,0.0007922032165158662
HAUS1P2,0.000792150095721177
RP11-589B3.7,0.0007921456704200261
RPSAP20,0.000791846063544903
MAST4-IT1,0.0007917349166051233
RP11-467I20.6,0.0007913167801715666
RP1-55C23.7,0.0007910419934277408
RN7SKP32,0.0007908335532340437
RP11-438B23.2,0.0007907196497910796
RP11-480D4.6,0.0007907134812074556
KRTAP5-10,0.0007906467386490965
CCDC185,0.0007905827779253945
NPM1P18,0.0007903414444409966
TBC1D19,0.0007902101807193983
RP11-103B5.4,0.0007901936031012553
TRAV39,0.0007900342698827013
H2AFZP1,0.0007900213412230648
KRT17P5,0.0007898198940030803
RP13-228J13.1,0.0007896961280174534
CHRNA2,0.0007895953664798198
CCL21,0.0007894683057143791
HECW1-IT1,0.0007894658442161903
RN7SL81P,0.0007893867006583315
RN7SL744P,0.0007892727770507529
PRCD,0.0007892589622002144
RP11-182J1.10,0.0007891251722102336
RP11-368P15.2,0.0007888294972736885
RP11-672L10.2,0.0007886336393687289
RP11-804A23.4,0.0007884479952951278
RP11-669N7.2,0.0007883814549641053
RPS6KA5,0.0007883797513811968
S100A3,0.0007883120035474604
ZNF622,0.0007883048042061035
PLA2G2E,0.0007881874162042289
RP11-80I15.4,0.0007881469516226063
CTC-428G20.1,0.0007880901856142764
KRBOX1-AS1,0.0007880323772841455
CTB-1I21.1,0.000787695985230313
AC099684.1,0.0007876499214755011
RNU6-212P,0.0007876436706124704
HIST1H1A,0.0007876205297237973
C21orf62,0.0007874716096265156
RNA5SP477,0.0007873680095488208
LUZP4,0.0007873444120029115
LINC00343,0.0007870593256506099
RP11-438C19.2,0.0007870442300596764
AC068287.1,0.0007866852539272708
AC083862.6,0.0007866603331432831
ZIC1,0.0007863492544267359
SEPT14,0.0007863453678013931
RP11-345I18.4,0.0007860865542273522
PLCH1-AS1,0.0007860559950369961
CNOT7P1,0.0007853341228707205
DMRTC1,0.0007851692843499198
CTC-465D4.1,0.0007851133403998032
RNU6-59P,0.0007850842487740848
RNU6-1169P,0.0007848633677149744
RP11-179B15.5,0.0007845806180111093
RP11-173A6.2,0.0007845328169778052
Metazoa_SRP,0.0007844830376062711
RP11-365O16.5,0.0007844256619472503
LINC00982,0.0007844139996159918
LINC01033,0.0007840478361152206
RN7SKP75,0.0007839110666204338
ARL3,0.0007838117324244219
MIRLET7C,0.0007834939738177727
FUNDC1,0.0007833170953030455
TUBB8P11,0.000783288157768117
RP11-257I14.1,0.0007831494136511232
SPESP1,0.0007831355527939124
RP1-90G24.6,0.0007830041497967073
PKIA-AS1,0.0007829587476268402
RP11-337C18.10,0.0007828359499193567
AC011518.1,0.0007826909757203443
RP11-9M16.3,0.000782652595112903
TM4SF19-TCTEX1D2,0.0007826127610906029
U3,0.0007824997513060957
Y_RNA,0.0007824686375428211
GDF11,0.0007823154589819049
NPTN-IT1,0.00078230083046878
NEFHP1,0.0007822851204466899
RP11-479O9.3,0.0007822015382350624
RP11-395L14.13,0.0007821871649272475
RP11-357F12.1,0.000781931163926898
RP11-749H17.2,0.0007818720577739392
RP11-466P24.6,0.0007816988692273597
CTD-2561B21.11,0.0007815724004806351
CTD-2319I12.5,0.0007813021229415893
MARVELD3,0.00078123903187683
RNU6-1065P,0.0007811688803284052
Y_RNA,0.0007811214249214945
RP1-232L24.3,0.000781019974664938
RPL17P19,0.0007810048572079581
RP11-130L8.3,0.0007809628414957587
Y_RNA,0.0007808102792219328
CTD-2302E22.6,0.0007805457814758121
CTD-3035K23.7,0.0007804919855340749
RP1-228H13.5,0.000780486718686056
CIR1P2,0.0007804662077879396
OSGEP,0.0007804512180003302
ENTPD7,0.0007803981404636372
CTD-2331H12.5,0.0007803744640980199
RP11-264B14.1,0.000780333651161839
C10orf10,0.0007802344056045333
COX6B1P1,0.0007802071704707617
WFIKKN2,0.0007801561561371727
SLC25A38P1,0.0007801438279856656
LINC01001,0.0007797088107120119
KCNV1,0.0007795022748767734
CTD-2015B23.2,0.0007793328606412449
LA16c-349E11.1,0.0007792280452990133
FNDC3CP,0.0007791563237423457
EI24P1,0.0007791507153947801
OR2M4,0.0007790829373528016
CTC-329D1.2,0.0007789128278965431
RPL7P56,0.0007788131232843397
RP6-201G10.2,0.0007785536312018177
ANKRD1,0.0007785374543903839
RP11-181B11.2,0.0007785059324373164
CTD-2254N19.1,0.0007784921870461295
RPS4XP17,0.000778443164986514
RP11-34F20.7,0.0007783526407625326
RP11-242C19.2,0.0007782712209994469
NME2P1,0.0007780951227758877
GUCA1C,0.0007776549270809471
RP11-657O9.1,0.0007776498068374232
RPL31P3,0.0007776030060891014
R3HDM2P1,0.000777571546852458
BMP6,0.0007772185418103801
NPW,0.0007771031399670128
RP1-140C12.2,0.000777071111059097
ADCY9,0.0007770022235754841
SLC2AXP1,0.0007767707302020429
CTD-2554C21.2,0.0007766529437685366
MIR6081,0.0007765417387391382
RP11-338N10.1,0.0007764038556142766
IFI35,0.0007762923578381023
RP11-417O11.5,0.0007762254220451116
RP11-211N11.5,0.0007760230377226744
SMPX,0.0007759011949295632
DOC2GP,0.0007758669169438136
RP11-359K18.3,0.0007758069477892326
AC018685.2,0.0007756682638014844
OOEP,0.0007750714409599141
AC012456.4,0.0007748328231192692
TAS2R2P,0.0007747690032872517
RP11-138H8.3,0.0007745367297947977
AC092198.1,0.0007744951575969776
RP11-329N22.1,0.0007744511260252421
RP11-480I12.2,0.0007743272543460966
RP11-545G3.2,0.0007742819472205065
DHX40,0.0007742496782127073
RP11-955H22.4,0.0007741190452576447
RP11-482E14.2,0.0007740409669800914
RP11-461A8.4,0.0007740173495607849
SH3PXD2A-AS1,0.0007740036947300031
NOP58,0.000773932516218778
PSMA2P3,0.000773796980614863
RP11-33N14.5,0.0007737822770188857
RP11-1085N6.2,0.0007737762869824771
LINC00824,0.0007736996256420012
RP11-391L3.3,0.0007736097951095491
RP11-342M1.6,0.0007733846824316624
RP11-115N12.1,0.0007732445450630784
RP11-662M24.2,0.0007731805773987688
RP11-99A14.1,0.0007730499049950848
PABPC5-AS1,0.0007730282344695494
RP11-752D24.2,0.0007729655096869334
RP11-108M9.2,0.0007729188192167788
RP5-965G21.6,0.0007728584121301742
DUX4,0.0007727285688703073
RPS24P16,0.0007726352062134
ZNF69,0.000772587383372462
MIR181D,0.0007725010973722177
BNIP3P36,0.0007724779133503607
RP11-148B3.2,0.0007720982085567259
SMIM12,0.0007719593842660305
RP5-1096D14.6,0.0007717649141617031
P3H2-AS1,0.0007717032585775116
AP000936.4,0.0007716223217427789
CCDC127,0.0007715540638616723
AC005281.2,0.000771414635684145
CRNN,0.0007712907936265847
LGALS13,0.0007709951789091476
RP11-575I8.1,0.0007707597208403839
RP5-1185H19.2,0.0007705215051924676
RP11-299L17.3,0.0007703683433987127
AC053503.6,0.0007703604759068672
NCR3LG1,0.0007698174684545986
FSHB,0.0007696840019983789
RPS24P17,0.0007695175236718772
CALY,0.0007692787853444945
LINC01546,0.0007692355232692935
RP11-605F14.2,0.0007689024646066912
RP1-47A17.1,0.00076869795430588
RPS26P49,0.000768436422149751
RP11-115D19.3,0.0007682114599998794
Y_RNA,0.0007681181288756715
ANKRD66,0.000767807183665424
NKX2-1-AS1,0.000767749801155936
CTD-2319I12.9,0.0007677325936615245
RP11-114F10.3,0.0007677161447038352
RP11-413M3.4,0.0007676034588792898
HNRNPA1P38,0.0007673014901169305
RNU6-1333P,0.0007668448406956838
COX17P1,0.0007667431415651991
MIR1269B,0.000766697029788503
FOXC2-AS1,0.0007664571942830413
CTC-303L1.1,0.0007662062864341177
RP11-386I8.5,0.0007661659044927582
AC015849.14,0.0007660879842234538
PNLIP,0.0007660746357511073
AC073928.2,0.0007659636771496145
AC073283.4,0.0007654128026919518
CTD-3037G24.3,0.0007654093941239185
AL022345.11,0.0007653644605415312
RP11-65J21.1,0.0007653235160498646
RP11-406H21.2,0.0007652962052845725
RP11-13P5.2,0.0007649885007903921
AC145123.2,0.0007647283262371748
RP11-320N7.1,0.0007647052333562099
FAM106A,0.000764703629028814
LINC00538,0.0007644791202644365
RPL5P8,0.0007644750284298262
RP11-33H15.1,0.000764186389711422
ATE1-AS1,0.0007639249123275288
RP11-163E9.2,0.0007638581054069056
SNORD15A,0.0007637670058028515
RP11-118B18.2,0.0007637489568177255
RP5-1021I20.2,0.0007637184622977153
ANKRD30BP1,0.0007636837629891234
ZUFSP,0.0007634886601238411
RPS25P9,0.0007634120614702235
RP11-659P15.1,0.0007633498636266505
UTP14C,0.0007632840054269345
RP11-401L13.4,0.0007631232639574765
RP11-434D2.11,0.0007630191353025213
AC026248.1,0.0007628373237445885
RPS3AP43,0.0007625943810369676
KIAA0087,0.000762469572411125
RP11-325N19.3,0.0007624042413679256
RN7SKP34,0.000762362318570031
AC003080.4,0.0007622434551815189
KCNG2,0.000762095328206801
RNU6-1280P,0.0007619558234155964
RP11-439I14.3,0.0007617722560756402
AC004947.2,0.0007617117800426485
RP1-45C12.1,0.0007616716438000245
RP11-474L11.5,0.0007616463196531348
LINC00239,0.0007615169179962514
RPS26P56,0.0007615000165834265
RP11-63A1.2,0.0007614327884573927
LHX5,0.0007613780933339112
RP11-422P24.10,0.0007613461840212801
CTD-2545H1.2,0.0007611917448814164
RP5-823G15.5,0.000760999886506374
AC007204.2,0.0007609764803684787
CTC-370J7.1,0.0007608110923897894
CEACAM6,0.0007608079367807964
SATB1-AS1,0.0007607513844001274
CTB-181F24.1,0.0007605962541995901
AC009491.2,0.0007605924882535625
SAP18P3,0.0007603652654780023
RP11-504P24.9,0.0007601666992776834
AC020956.3,0.0007597048004800592
FAM106CP,0.0007597046801571163
AC005336.5,0.0007595283617902589
LINGO3,0.0007594762845601782
RP11-63P12.7,0.0007594501568827379
RP11-366H4.1,0.0007592645721488133
ZNF702P,0.0007591602561115437
MMP1,0.0007590366434758362
TRBV29OR9-2,0.0007581426483444805
CTD-2544H17.1,0.0007580008071896406
PROK1,0.0007579959921759508
UCA1,0.0007578426239081762
PWRN4,0.0007577279691340884
EIF1AXP1,0.0007575357794079268
RP11-6K23.1,0.0007574585572416336
RP11-45M22.4,0.0007573815783499068
RP11-347P5.1,0.0007572589439736759
LINC01220,0.000756767901920425
RP11-278I4.2,0.0007565839120790269
RP11-521P1.1,0.0007564562717411039
AP001439.2,0.0007564333897943118
RPL10P3,0.0007561823779370453
S100A7,0.0007561510928702047
LINC00560,0.000756132042893225
NPM1P51,0.0007558480072394679
RPL23AP37,0.0007558112715821739
GATA5,0.0007552989475218737
RP11-15F12.1,0.0007549669012854724
CTD-3064C13.1,0.0007548643849237137
RNA5SP124,0.000754641974569037
TMEM191A,0.0007544485950812971
RP13-492C18.2,0.0007544044688866568
RP11-435F17.1,0.000754343538763984
AC067968.3,0.000754278846137026
NR5A1,0.0007540652501544569
CH507-513H4.5,0.0007540146392589184
RANP4,0.0007536724487328971
ZNF209P,0.0007536717921157168
PTGFR,0.000753655611788441
RP11-446F17.3,0.0007536179910721869
PTCHD4,0.0007534080493405032
RP5-855D21.2,0.0007533908941600023
SNORD73B,0.0007531932962774903
CTB-99A3.1,0.0007530146309581007
S100A11P2,0.0007530071174731837
RP4-591B8.2,0.0007529067957602431
TDGF1,0.0007528785727114228
RP11-53M11.5,0.0007528773755099198
BEST4,0.0007528586218396898
KB-7G2.8,0.0007526333635603062
RP11-504A18.1,0.0007524169806951052
PI15,0.0007517996110768752
RP11-359E3.4,0.0007516748399377785
SNORA75,0.0007516693591571687
DENND3,0.0007516667665803548
MTND2P31,0.0007515024164242507
RP11-461F11.2,0.0007514350674619213
RP11-328C8.4,0.0007513231255709064
AC073409.1,0.0007511506646958331
SOX2,0.0007510654730959432
CSH2,0.0007510579378050917
NCCRP1,0.0007509298532168629
SLCO5A1,0.0007507187915495518
SERPINA11,0.000750675130745125
RN7SL674P,0.0007504790905631103
GAPDHP52,0.0007503102267834664
GPR26,0.0007502528412774275
CTD-3028N15.3,0.0007499946019828523
STH,0.0007498615220730159
MIR485,0.0007496711000421147
SETP21,0.0007496062198875801
Y_RNA,0.000749585228407434
PIK3CB,0.0007494537460417594
RNU2-46P,0.0007494044202635807
ZNF877P,0.0007493164377643608
RP4-569M23.2,0.0007489324031168411
AP000697.6,0.0007484732203577722
MTCYBP21,0.000748364397398757
Pinc,0.0007483266979491254
LINC00485,0.000748193675735362
MAGEA3,0.0007480761727379671
LINC00994,0.0007477847066909929
DAW1,0.0007477206234441401
LCE1B,0.00074770040311747
UBE2Q2P1,0.000747666929862227
POLD2P1,0.0007475899852451015
RP11-447M12.3,0.0007475548191561978
ADAM20,0.0007474629881402798
LINC01477,0.0007472475954298658
MRPL54,0.0007471214307848272
RP4-737E23.5,0.0007471016403168774
RP11-1100L3.8,0.0007470335386346242
RP11-51P8.1,0.0007469541491708045
RP13-93L13.1,0.0007468712577287029
RP11-955H22.3,0.0007467357165300613
MIR646HG,0.000746635938653141
RP11-384C4.2,0.0007465606385567066
RN7SKP299,0.0007465493576574056
RPL7L1P7,0.0007464796490904196
RFX6,0.0007463959036962768
SARNP,0.000746323992936047
PARP4P1,0.0007462538670739874
RP11-787D18.1,0.000746251988973793
MIR4744,0.0007461962419761841
KRT16,0.0007460384904229008
PBK,0.0007460151709134183
SNRPA,0.0007460148487588014
DSCC1,0.0007458905767380701
RN7SL269P,0.0007457309649280047
MTND4LP31,0.0007455097399064336
C9orf57,0.0007453344850880584
MAP1LC3B2,0.000745237636749321
LGALS8-AS1,0.0007451470971971628
RP11-588P7.2,0.000745088843122488
RP11-52J3.2,0.0007450369697961371
LA16c-380H5.3,0.0007450247694783187
AC139099.4,0.0007449439708711094
BMPER,0.0007446540955458898
RNU6-951P,0.0007445950519485308
PDX1,0.0007444811246511148
KCNK15,0.0007444517852288655
RP5-1044H5.1,0.0007443065273262663
RP11-31L22.3,0.0007442201402530869
RNU6-932P,0.0007441413898666325
RNU6-528P,0.000743998964407232
RP11-379K17.9,0.0007437310338483682
AFAP1,0.0007436578811243614
CTD-2291D10.1,0.0007433011811771058
CTD-2647L4.1,0.00074329384818628
FAM181A-AS1,0.000743125697470533
RNU6-188P,0.0007428826612552542
RP1-34L19.1,0.0007428628576963863
MIR27B,0.0007425489992438903
ADGRG4,0.000742445821952156
RBMXP4,0.0007423637919432414
DUX4L46,0.0007423506526370652
RP11-746M1.8,0.0007423184563952439
RP11-283I3.6,0.0007422978340692728
RP11-51G5.1,0.0007415416050430767
CCNB2,0.0007415293257370552
RP11-862L9.3,0.0007413483287565599
RP11-564P9.1,0.0007411237004983829
RP11-1223D19.1,0.0007410714756143224
CTC-232P5.1,0.000741011954396975
RP11-440I14.3,0.0007408842819341608
SNORA31,0.0007408795974270702
ORC2,0.0007406947164944984
RP3-323A16.1,0.0007406632830658038
AC083864.3,0.0007405928006376893
RP11-398A8.5,0.0007403676640272477
RP1-267D11.1,0.0007403148565838896
RNU6-307P,0.000740206864016991
CYP2C58P,0.0007401060265704043
CTD-2529O21.1,0.0007395658443695135
RP11-638L3.3,0.0007394881670765769
RP11-626E13.1,0.0007394296054277344
AC011747.3,0.0007394043380093582
GLRA1,0.0007393807047764721
CTD-2278I10.1,0.0007391330074851823
IQCF4,0.0007389354735843624
PCDHGA12,0.0007387883979727417
RNU6-2,0.0007387477169181708
VSTM2A,0.0007387383410652352
C3orf36,0.0007384844935555933
YWHAEP1,0.0007384701920205744
RP11-541F9.2,0.0007384692495121221
Y_RNA,0.0007384044218775386
SPINK6,0.0007381899748209174
SGO1-AS1,0.0007380887528154678
MIR6069,0.0007379068899422533
RP11-301N24.3,0.0007377928858230681
UQCRFS1P1,0.0007377812940329527
PRTN3,0.0007373125420919836
CTD-2555K7.3,0.0007371828793285626
ADAMTS15,0.0007369697154262183
RNU7-113P,0.0007368964214029602
S100P,0.0007366283872170512
CTD-2011F17.2,0.0007366194187629639
RP11-173E2.2,0.0007365423775831262
PPM1AP1,0.0007365301054493119
HMGB1P8,0.0007362016242086808
TFB2M,0.0007361637847229171
RP11-347N5.3,0.0007359910490399353
MIR1305,0.000735932578138972
NME5,0.0007358059273294964
INAFM2,0.0007355539237856325
RPSAP24,0.0007354692446575247
RNU6-53P,0.000735340099383692
RP11-351N6.1,0.0007352256623535487
DAP3P1,0.0007351100352163781
RN7SKP97,0.0007350840089693528
SEBOX,0.0007349855908767782
RP11-794A8.1,0.0007349040939649143
RP11-60H5.1,0.0007346481963787643
FKBP1AP1,0.0007344594519134957
RP11-241G9.3,0.0007344065751085557
KPRP,0.0007343560933930503
COL28A1,0.0007343190080592251
CTD-3074O7.7,0.0007342641572380427
NRON,0.0007341536148073269
RPL12P47,0.0007340298202668389
RP11-1H15.2,0.0007339196185185454
PRDX2P2,0.0007338912757526187
ACTR3C,0.0007338250114423522
ID3,0.0007337788913336007
LY6G6C,0.0007337727919144867
CALHM3,0.0007337280752836974
RP11-482M8.3,0.0007335916231937683
IFIT1B,0.0007334055315018542
MOCS1P1,0.0007333353649220966
USP9YP3,0.0007332924273520219
CTB-164L20.1,0.0007332622487771107
RP1-300G12.2,0.0007332313177050096
CTD-3035D6.1,0.0007331758628240926
RAB3C,0.0007330428241846704
RNF139,0.0007329808383194787
C9orf152,0.0007328540071748707
CEACAMP6,0.0007328149117689705
LINC00880,0.0007325033631759649
AC010733.5,0.000732419845157246
OPCML-IT1,0.0007324104799513852
TRIM60P17,0.0007323122424823035
RP11-351J23.2,0.0007322804714476435
UTP6,0.0007322555988058562
SNORA22,0.0007318263811708514
TNRC6C-AS1,0.0007317725797192915
COX6CP1,0.0007315917414828836
LINC00441,0.0007314462411084631
LINC01560,0.0007314123368057909
MIR3180-1,0.000731405597101246
RP11-715J22.3,0.0007310321373279866
RPLP0P6,0.0007308797851995236
LINC00633,0.0007308796661189641
CCL8,0.0007307701436614271
XIAP-AS1,0.0007306410962403176
RP11-390G14.1,0.000730446976684091
RP11-124B13.1,0.0007304324409530736
RP1-63G5.7,0.0007303934994560304
RPL13AP7,0.0007302424017470897
AC013439.4,0.0007302049721654232
AC000123.3,0.0007301183310525416
SNORD116-5,0.000729910618887243
RP11-1017G21.3,0.0007296536454965313
PTPN20,0.0007295123421002593
HCAR2,0.0007290421368481574
RP11-547L9.1,0.0007289865883970895
TRAV8-6,0.000728684339345077
HAND1,0.0007280709746596176
RP11-574K11.24,0.0007280315737117906
CEACAM8,0.0007279640932983685
RP1-278D1.2,0.0007279409975779987
HCAR3,0.0007278691659973215
AC108868.5,0.0007277829304490689
CCDC166,0.0007277352301027903
AC079154.1,0.0007275476566746162
SLC7A14,0.0007272646472502374
AP002962.1,0.0007272364090633784
BORCS5,0.0007270447986562159
RPSAP62,0.0007268579500754263
RP11-382D12.2,0.00072679596206895
AC012506.3,0.0007267776677281121
CTD-3220F14.1,0.00072668840892585
NCOR1P3,0.0007266604885089688
RPL13AP5,0.000726645575806391
RP11-1086F11.1,0.0007262386233669972
TNFRSF21,0.0007260748390515181
RP11-16C1.1,0.0007260726591868
FCGR1CP,0.0007258679108790256
CH17-125A10.2,0.0007258528038889259
RP11-285G1.9,0.0007257209661174317
RP3-395P12.2,0.0007254520029263922
RP11-768G7.1,0.0007254078219376815
AC092684.1,0.000725056373978602
FSTL3,0.0007250155660028183
FLJ20021,0.000724945318322468
LL22NC03-80A10.6,0.0007248220198619665
OR4N2,0.0007245923245315834
RPS24P13,0.0007245327794582349
FIGNL2,0.0007244303947150341
LINC01163,0.0007243524745860178
RP3-455J7.4,0.0007242870021598228
CTC-255N20.1,0.0007239951815682109
BMS1P9,0.0007234907859706629
SNHG23,0.0007234700043441842
Y_RNA,0.0007233702008988687
NF1P5,0.0007228873163946187
SLC7A15P,0.0007228852300736836
PRR19,0.0007228823430928437
CTD-2575K13.6,0.0007226080745224693
RP11-266J6.2,0.0007224583492618278
RPS7P2,0.0007223679437113849
RP11-351M16.3,0.0007222843841338333
RNU6-606P,0.0007221306706694143
RP11-1396O13.13,0.0007217368958806667
RP11-285E23.2,0.000721683117120446
SMG7-AS1,0.0007214319736919875
CTD-2014B16.2,0.0007213902802816698
PPP1R3G,0.0007212782298937854
RP11-573G6.9,0.0007208648732424552
AC108479.2,0.0007207173386378742
ETF1P2,0.0007206879189054764
RNU6ATAC24P,0.0007206677013560439
AC138430.4,0.0007204388609313129
RP11-6L6.2,0.0007204257032327086
ARL11,0.0007203831097052368
AC005235.1,0.0007203582456689105
RP3-446N13.2,0.0007199780370810534
MIR4515,0.0007199255060677509
CHCHD10,0.000719796251182952
AC092013.1,0.0007196354641704779
Y_RNA,0.0007195464431580284
FUT4,0.0007194159639603659
RP11-3P22.2,0.000719160983123229
RP1-117B12.4,0.0007191146216801261
RNU6-723P,0.00071908274241607
LINC00463,0.0007190560105751682
MIR3125,0.0007190356785023
RP11-90J7.4,0.0007189933465524009
TBC1D21,0.0007188694657944558
NHP2P1,0.0007187883525146181
CHGB,0.0007187157972776392
IL17D,0.000718652058550328
RP5-865N13.2,0.0007186119353652059
RN7SKP35,0.0007185885400572446
RP11-397A16.1,0.0007185326276354868
RNU6-460P,0.0007185131930004035
SFTA2,0.0007183564469613195
RNA5SP85,0.0007182471953009378
NPM1P29,0.0007181486144877677
PDE4DIPP1,0.0007181416429531633
FHDC1,0.0007179148689037824
RP1-149A16.17,0.0007178125234723764
RP3-439F8.1,0.00071776895285026
RP11-122C21.1,0.0007176821611630474
FTLP3,0.0007176751304982144
MC2R,0.000717613117995941
RP11-221J22.1,0.0007173659333917614
KRT17P8,0.0007173656419136229
RP11-82K18.2,0.0007172277085471841
CXCL8,0.0007171673913236767
MIR568,0.0007171102659802571
RP11-213G2.2,0.0007169015588420928
RPL17P44,0.0007168468242955099
RP11-279L11.1,0.0007166237913989951
AP000266.7,0.0007164692351936461
RP1-67K17.4,0.0007162588649996355
RNU6-21P,0.0007161178337537668
AP000235.3,0.0007160691928753271
RD3,0.0007160611773935248
RP11-525A16.4,0.0007160245685951852
RPL7P33,0.0007159695931311646
TBX10,0.0007159379942867929
AP006621.8,0.000715579558956984
RP11-54D18.4,0.0007155673757463503
RPL17,0.0007154694733889316
GNA13,0.0007153893714688319
RNASEH2A,0.0007152888338865186
CCDC85A,0.0007152378468361024
CDX2,0.0007152073151066973
CDC45,0.0007151853148684544
RP3-416J7.1,0.0007151560003237249
LINC00996,0.0007150938053850005
IRF2,0.0007150513557837333
INGX,0.0007150063300335668
RP5-1097P24.1,0.0007149641982110653
LINC00445,0.0007149385889624842
RNU6-1026P,0.0007148021427594496
IFFO2,0.0007147785701604494
RP11-574K11.32,0.0007145961460354934
RP11-267D19.1,0.0007144937042288825
RP11-1007J8.1,0.0007143642429141999
AC079779.4,0.0007143345686223464
SNORD12B,0.0007143208415108552
Y_RNA,0.00071402918558842
TMEM45A,0.0007136795347397602
AC104058.1,0.0007132006073564052
RP5-879K22.1,0.0007131031673407825
NMUR2,0.0007130717430324094
NPIPB10P,0.000713057523427553
HMGN1P15,0.0007127923497998028
RP11-424N24.2,0.0007125751604577431
HOXA11-AS,0.000712485366547541
ZNF849P,0.0007123837338290123
RP11-266O8.1,0.0007120704444355654
RNU6-877P,0.0007119538716879436
XXbac-B476C20.13,0.0007119338046070579
ST8SIA6-AS1,0.0007117523450349894
RP11-231C14.6,0.0007117493406196728
ADGRL3-AS1,0.0007116139557776276
CCNL2P1,0.0007116061273083799
CLIC4P3,0.0007115990353496366
DHRS11,0.0007112513030325272
RP11-664D1.1,0.0007111538840070677
RP11-968A15.8,0.0007110610872173578
HCG14,0.0007110098851545605
ALPI,0.0007107029927804561
RPS27AP6,0.000710624869741074
RPL36P19,0.0007106198961074249
THAP10,0.0007103790666643108
LCE1C,0.0007102604525897855
CHCHD2P6,0.0007102512779033101
RNASE2,0.0007101626834941644
IFI30,0.0007097892936262527
C19orf71,0.000709788455551831
DPP10-AS2,0.000709787994944214
RP11-451N19.3,0.0007097101668615038
HNRNPH2,0.0007095806215039111
RP11-219J21.1,0.0007094753051320354
NEU2,0.0007094068111434743
PF4V1,0.0007091945351233337
PYDC1,0.0007089733506372241
RP11-433A10.3,0.0007089182542273903
OR3A1,0.000708918038557944
RP11-84A19.3,0.000708905187107192
AC141928.1,0.0007077169445778557
NENFP3,0.0007076229224020243
RP11-566K19.11,0.0007076179808556186
RP11-321E2.4,0.0007075388339815912
RP11-1055B8.9,0.0007074717360058587
RP11-91I20.2,0.0007067104001839692
GREM1,0.0007066520690587318
RP11-317N8.5,0.000706569146050022
AC105393.2,0.0007064109576304594
AMER1,0.0007062326365723476
RP1-102G20.5,0.0007060943052436329
RP11-398K22.12,0.0007059491193061706
KRTAP1-1,0.0007058195393518425
AC104134.2,0.0007056574781310083
HIST1H2BI,0.0007055803201424635
REV1,0.000705323251578719
RP11-707G18.1,0.0007048175312991947
RP11-311P8.2,0.0007043106169856215
CTD-2545H1.1,0.000704257945828635
RP11-1H8.5,0.0007042250137137304
SLC5A4P1,0.0007042154924731379
WHAMMP2,0.0007042069131307378
RPL34P22,0.0007041741856868085
CTD-2526A2.4,0.0007040570332561154
HAUS4P1,0.000704044770303868
RP11-315F22.1,0.0007040191943201111
RP11-495K9.9,0.00070399987144505
KRT33B,0.0007039709324650065
RN7SKP173,0.0007038787902411455
MYL12AP1,0.000703676243512444
RP11-497E19.2,0.0007031206838121382
COX7CP1,0.0007030420158904426
FRMPD3,0.0007030051008850543
BET1P1,0.0007027826775080244
AC023449.2,0.0007027612880635926
RPL7AP15,0.0007027422292230493
CLRN1,0.0007025918007700537
CH17-13I23.2,0.0007025550478704588
AC006077.4,0.0007024803892555472
RP11-154H12.2,0.0007022413274118939
CTD-3126B10.4,0.0007020690587045395
ZP2,0.0007020297657365012
RP11-12M5.1,0.0007018362453296027
MIR656,0.0007014419394612738
RP11-762B21.5,0.0007013714095798764
AGAP2-AS1,0.0007006908355150543
SOWAHB,0.0007006067550085771
RHEBP1,0.000700590066076587
RP11-317G22.2,0.0007005515318218208
RPS15AP24,0.0007004132339981698
RNA5SP395,0.0007003726327396571
LINC00843,0.0007003234029333553
CTD-2129N1.1,0.0007001776407461973
RP11-386G21.1,0.0007001696086179866
RP11-46E17.6,0.0007000569935393493
LINC00703,0.0006997107159208566
RP5-827A12.2,0.0006988496689318669
RN7SL778P,0.0006986194466579208
RP11-434C1.4,0.0006985390493938325
RNA5SP390,0.0006985102096090858
PCAT14,0.0006984751828358382
RP11-37L2.1,0.0006982820135902221
RP11-359I18.5,0.000698160344760584
KRTAP5-2,0.0006981254436042701
RPL7AP14,0.0006980965489555807
RP11-669M16.2,0.0006980758391837922
HIST1H4C,0.0006979035614287565
RP11-379P1.4,0.0006976522106472287
RP4-668E10.4,0.0006974957752434551
RP11-442O18.2,0.0006973781100204264
ERICH6-AS1,0.0006973039086190084
RP11-1060J15.4,0.000697104827501623
TSIX,0.0006968185289395785
TMCC1-AS1,0.0006968043889432886
CTD-2043I16.1,0.0006967826812190179
CLPSL2,0.0006967411270042168
KCNK3,0.0006965459980930418
RP11-554E23.2,0.0006962318139678243
AC105053.3,0.0006961579808327718
RPL7L1P4,0.000695998962193716
RP11-404K5.2,0.0006959223930872602
AC002539.1,0.000695911258973256
RP11-346J10.2,0.0006959096513089288
RPL37P25,0.0006957995923020357
RP11-561B11.6,0.0006957338121343819
RPS18P12,0.0006955425674534242
XXbac-BPG283O16.9,0.0006953256481908594
GLIS1,0.0006949444667792118
AC106873.4,0.0006948359701776336
OR14I1,0.0006947759851820659
VENTXP3,0.0006947159416068652
RP11-797A18.5,0.000694674878165219
AC104306.4,0.0006944801423832238
OR2AM1P,0.0006942527045484667
SRP68P2,0.0006942292895203476
RP11-470C13.4,0.0006942092918978185
SYNGR2,0.0006940256236709236
RPL19P13,0.0006938662999112035
RP11-599B13.7,0.0006938330216462898
CTD-2033D15.3,0.0006938216788227878
TMEM176A,0.0006937142441032458
TBPL2,0.0006934233647821381
LRTM1,0.0006933941193087188
RPS2P7,0.0006933443376446184
AC012668.2,0.0006932574479087353
RN7SL402P,0.0006932144171102962
FOXP1-AS1,0.0006931982377448305
SERPINE3,0.0006931319112655994
RP11-348J12.2,0.0006930536105285172
CTC-265N9.1,0.0006928834069222772
AC005550.3,0.0006926810494102036
SNTA1,0.0006925699372413492
LINC00619,0.0006925010590496439
CTB-161M19.2,0.0006924890372773812
AC016738.3,0.000692108988368977
Y_RNA,0.0006918504568269858
RBMXP2,0.0006918068833710858
RP5-1132H15.3,0.0006918020320365978
RP11-320A16.1,0.0006917890806726262
UBE2R2,0.000691787728840842
RPL4P6,0.0006917794113724111
OR7E115P,0.0006917372970505414
RP11-96D1.6,0.0006915835158407406
RP11-530N7.2,0.0006915356086135548
RP11-187E13.2,0.0006912810997208242
TCTA,0.000691248575218546
CD207,0.0006912032351417907
RPL21P2,0.0006909801178161761
GLT6D1,0.0006909382861878079
LINC00960,0.000690058140511762
HAO2-IT1,0.0006900005202773594
MIR93,0.0006896214933014366
LINC01330,0.0006894144199827685
GABARAPL3,0.0006893551662068212
HAS2-AS1,0.0006892344916192113
RP11-489M13.3,0.0006891555764310022
RPL29P33,0.0006887904345836967
HNRNPA1P24,0.0006887548781981872
CTD-2130F23.2,0.0006886809423141229
CHIAP1,0.000688562781765621
HSPA12B,0.0006883790063205655
VN1R12P,0.0006882500875534944
AP001429.1,0.0006880569818088597
NANOGNBP3,0.0006879786527051657
RP11-882I15.1,0.0006877096222810329
RP11-89K11.1,0.0006874690752792123
C2orf40,0.0006874259313650511
TDGF1P5,0.0006873746512931884
COPS8,0.0006873051789404626
CCL11,0.0006870575857921072
PCDHGB8P,0.0006869675937607515
RP1-309F20.4,0.0006869181305969117
RAB28P1,0.0006867154892637653
MTCO2P30,0.0006865766582551878
RNU7-115P,0.0006865336103431677
LILRA4,0.000686377719651823
RP11-956J14.2,0.0006861256091912895
RP11-271C24.3,0.0006860610749263736
CNTN2,0.0006856844266833691
MIR657,0.0006853272489282295
MAFA,0.0006852848045818939
PCDHAC2,0.000685263501133312
RP11-1090M7.1,0.0006852169465746531
ARL9,0.0006851699559688227
LEMD1,0.0006851408129475437
EEF1A1P14,0.0006851053271979367
RP11-397C18.2,0.0006850768110624006
RP11-700P18.2,0.0006847622516517331
AC073657.1,0.0006847040219089249
FERD3L,0.0006846844876581636
RP11-349J5.2,0.0006846418996526247
AC093642.3,0.000684210745986471
RNU1-100P,0.0006841832789050918
TIMP4,0.0006841453246971107
RP3-431P23.5,0.0006838656421954667
CCL2,0.0006837608252108399
RP11-93B14.4,0.0006837388784439035
RP4-564M11.2,0.0006836234106165386
LINC01571,0.0006835961478463114
IL27,0.0006834050588956526
RNU6-1324P,0.0006833880202961692
RNU6-535P,0.0006830435908900639
HARBI1,0.0006828880114462275
LINC01450,0.0006826087402845045
AC011999.1,0.0006825775375141906
RNU6-323P,0.0006823657187003274
RP11-455F5.4,0.0006823251757955303
SNORA70,0.0006823032494851106
Y_RNA,0.0006821711684442907
CTD-2027I19.2,0.0006821275669068977
LINC01566,0.0006819946286234252
CASC22,0.0006815194529215239
HSPE1P9,0.0006814730821826589
RPS12P31,0.0006814529687587422
RP1-53O8.2,0.0006813918880429593
MRPL15,0.0006813530087495124
FRG2B,0.0006807841775912157
RP11-341D18.5,0.0006807802529095114
MIR320A,0.0006805568301881295
CTD-3076O17.2,0.0006804896634571772
RP11-447M12.2,0.0006803537463098479
PLA2G12AP2,0.0006802039053503018
SNORA22,0.0006800867213073566
RP11-504I13.3,0.0006799823815067417
TSSK1A,0.0006797443946462554
CTBP2P2,0.0006796584127732229
LRRN1,0.000679550547139741
RP11-718B12.2,0.0006794588896349045
SNORD51,0.0006794043828259864
RPL7AP8,0.0006793914222850612
RP11-3P22.1,0.0006793144098874984
C16orf45,0.0006792508418594214
PROKR1,0.0006791424685275747
KRT18P29,0.0006791103325442856
GDPD4,0.0006788364255703801
AC023271.1,0.0006787742797053134
CTC-428G20.2,0.000678462282364562
AC007557.5,0.0006782992521793568
RP4-614C15.2,0.0006781633662951229
RP11-10J21.3,0.0006780274382015244
FAM153C,0.0006778383863451427
MIR4710,0.0006777978320656982
Y_RNA,0.0006777783684760315
FKBP11,0.0006777727933593038
AC093822.1,0.0006777666995920657
CH17-118O6.3,0.0006776130810009101
OR6L2P,0.0006775965209975593
RP11-114G11.5,0.0006775299145749932
DCAF8L2,0.0006775039256756168
RP11-321A17.3,0.0006774510370378191
CYP2D7,0.0006773792439580342
RP11-272B17.1,0.0006773355188257642
RP5-998N21.4,0.0006772935428236565
RP11-641D5.2,0.0006772853482937418
SNORD63,0.0006772181208371
AC005932.1,0.0006771427560730858
BSN-AS1,0.0006767763558016441
CARM1P1,0.0006767694508072741
RP11-365N19.2,0.0006767501275116982
RN7SL473P,0.0006766976560144759
ADGRA1-AS1,0.0006765453217259133
RP11-530C5.4,0.0006765424410587235
RP13-392I16.1,0.0006764836988104151
RP11-681N23.1,0.0006764166641373724
PPP2R2DP1,0.0006762499371082949
MIR125B1,0.0006762417156756461
RP11-216L13.16,0.0006762002403130225
RP11-513D5.5,0.0006761913769313859
RPL30P7,0.0006761731829782158
LINC01470,0.0006759365714844944
MIR3935,0.0006758348072527963
RP11-180I4.2,0.0006755947450236392
RP11-33A14.1,0.0006755382060190351
PERM1,0.0006754970801396424
MIR1468,0.000675460050369316
LINC01107,0.000675348942748955
RP1-3E10.2,0.0006753391451367352
RP11-110L15.2,0.0006753150609181106
CTD-2574D22.6,0.0006753066404051743
RP11-128P10.1,0.0006751030879878547
RP11-613F22.8,0.0006749069171816844
RN7SL230P,0.0006748901085185685
LCE1D,0.0006748264881378754
RP11-286E11.2,0.0006745738131435238
RP13-631K18.3,0.0006745350441967987
EGFR-AS1,0.0006742567083813059
AC017104.2,0.0006736819436998187
RP11-320P7.2,0.0006735561721670553
RP11-399H11.2,0.0006735495407723227
RP11-889L3.1,0.0006735375170165186
RP11-54G14.1,0.0006734243468761096
DDX18P3,0.0006733983368218122
TBC1D3P5,0.000673311221326311
IGLVIVOR22-2,0.0006731917543242915
RP11-185O21.1,0.0006726892992469032
RP3-414A15.2,0.0006726892559451597
RP11-204E9.1,0.000672533501895372
RP11-324D17.2,0.0006724944689237559
PWAR1,0.0006724037693418591
RP11-114F3.2,0.0006723407102325461
MS4A5,0.0006722499899404754
RP4-799P18.2,0.0006719995989719845
ZNF350-AS1,0.0006715446021865327
AC011893.3,0.0006715184382192207
RP4-811M8.1,0.0006711640760120323
FAM222A,0.000671021919916838
LYRM1,0.0006709974367182615
KLF7-IT1,0.0006707172847331093
VMAC,0.000670690452291369
DNAJC8,0.0006703169122914335
RP11-457D2.3,0.0006702245027372144
LINC00396,0.0006699521445116144
RP11-449D8.5,0.000669856926247565
ARRDC2,0.0006697151463195056
RXRB,0.000669661242112169
MIR5008,0.0006696556168846689
RP11-594C13.1,0.0006694830434140487
HNRNPCP8,0.0006693548031176919
PCAT5,0.0006691441308504318
LINC01612,0.0006688927159761982
RP11-608O8.2,0.0006687834922984166
HSPA6,0.0006687563170165992
AC195454.1,0.0006686153104342776
RPL21P120,0.0006683539859067681
RP11-778D9.13,0.0006682582018923967
GJB7,0.0006681949866254517
HILPDA,0.0006681553484568093
AC004941.5,0.0006680495290395978
GRIK3,0.0006679829042328597
RSPH1,0.000667935557604144
LINC01423,0.0006677821635644697
MIR138-2,0.0006677099390110062
ST20-AS1,0.0006675727587190168
CTD-2644I21.1,0.000667569539203743
FAM186B,0.0006675203256736145
CTB-23I7.1,0.0006671183269348163
RRP15,0.0006670691449185626
7SK,0.0006668806541270176
RP11-805F19.1,0.0006668108326509454
RP11-527L4.2,0.0006668107143159803
RPS3AP47,0.0006663109062257216
RP5-898I4.1,0.000666159742241663
RP11-13N12.1,0.000665986883710709
CTC-467M3.1,0.0006658717082625184
RP11-68D16.2,0.0006658496518067786
RP11-431M3.1,0.0006657626331488557
RP11-467N20.7,0.0006656618913418019
C5orf17,0.0006656093146624404
PLPPR2,0.0006654879102799575
RP11-673E1.1,0.0006653346030248243
CTB-11I22.2,0.0006652313785676305
SNORD114-16,0.0006652049129371897
RP1-100J12.1,0.0006650579003875302
RP11-1085N6.4,0.0006650302819653651
RP11-524N5.1,0.0006649476069828581
RN7SKP130,0.0006649343676584517
BTF3P14,0.0006649268201435419
RP11-445P19.3,0.0006648434494478763
COMTD1,0.0006647924247939705
RP11-643G5.6,0.0006647857642177249
DEFB135,0.0006646390233263554
MIR2278,0.0006646317754364063
CTC-340I23.2,0.0006643118962918859
AGBL1-AS1,0.0006642430329806003
FAM187B,0.0006640955517015259
AP002856.5,0.000664039358601101
CCDC187,0.0006637305486559186
FABP7P2,0.0006635453373683914
C20orf85,0.0006634469272943931
HIST1H2AI,0.0006632403130280434
CTD-2130F23.1,0.0006632134764180748
UQCRC2,0.0006631760607836592
RP11-416N2.3,0.0006629794198883562
RPL39,0.0006629255419591316
CTD-3128G10.6,0.0006627587761676315
RP11-347C12.12,0.000662748283746902
RP11-410N8.4,0.0006626024461102129
RP11-505K9.5,0.0006624708461086136
MGAM2,0.0006624600004819876
PFDN1,0.0006624402278732836
C5orf46,0.0006624391065268526
ASPHD2,0.0006623325046710483
UBBP1,0.0006622187401173527
AGBL5-AS1,0.0006620908334105672
PRMT5-AS1,0.0006620568608246606
FBXO3-AS1,0.0006619792648515286
RP11-778J15.1,0.0006618480873203706
PDE3A,0.0006618200157971593
RP11-191H23.1,0.0006613567360471539
RP11-134K1.2,0.0006612878862681212
OR6B2,0.0006612755366194882
CTD-2233C11.2,0.0006612282346039523
LINC00506,0.0006609961874818629
CTD-2555C10.3,0.0006608281466628569
GJB5,0.0006606820789842003
CACNG2,0.0006604043568035639
RP11-14N9.2,0.0006603346987561985
ULK1,0.0006602428064208874
CICP8,0.0006601972157525708
MEP1AP4,0.0006598885238440399
RNA5SP268,0.0006597701739165537
RP11-25L3.3,0.0006596969521821775
CLDN2,0.0006596558440710505
UCMA,0.0006596345336783274
RP11-145E17.3,0.0006595913834277658
CH507-9B2.1,0.0006592910055886788
MTATP6P22,0.0006589954305161345
AC010492.2,0.0006589579814405253
RNU11-2P,0.0006589361354475102
PPP1R2,0.0006588377049699336
CTC-332L22.1,0.000658816046508917
RP11-665C16.6,0.0006585392341704614
RPSAP18,0.0006580356989871276
RP11-300M24.1,0.0006578731774574491
RP11-48B3.4,0.0006577905397258075
RAB28P2,0.000657787220362076
RP11-215G15.4,0.0006577755210643759
RNU6-711P,0.0006577520967413178
RP11-15K3.1,0.0006576267651439823
VPS37C,0.0006575625213687545
AC007386.3,0.0006575434905992152
CTD-2026K11.4,0.0006574436384547291
UBE2R2-AS1,0.0006573440142388235
THUMPD3P1,0.0006571962620515247
RPL21P40,0.0006570133120685803
LINC00251,0.0006567622348653004
U91328.22,0.0006567403119234662
RP11-566J3.2,0.0006567163895571676
NDUFA1,0.0006567083800481625
RP4-754E20__A.5,0.0006565783709126279
ZFR2,0.0006564316396197973
CAPNS1P1,0.0006563491073965737
TCERG1L,0.0006563031442761418
RP11-794P6.2,0.0006561850178791751
MEDAG,0.0006560201477683275
CLN8,0.0006558943232251205
RP11-348J24.1,0.0006558914049755694
RP1-272L16.1,0.0006555638419535848
LINC00443,0.0006551242987658439
MIR128-1,0.0006550542827547146
RP11-440I14.2,0.0006538543909365541
C2orf42,0.0006538242035772915
CTD-2372A4.1,0.0006538016382807295
RPL27P12,0.0006535230416149234
RP11-753H16.3,0.0006534666948554062
RPS24P18,0.0006533933017605044
CTB-162J7.1,0.0006532396394516893
AC012594.1,0.0006531713517586896
Metazoa_SRP,0.0006531107644472357
MIR4660,0.0006530873839261726
SSTR1,0.0006528946078751318
NIFKP2,0.0006526981641656588
RP11-102M11.2,0.0006526446709059025
RP5-875H18.10,0.0006525909067960023
H2AFZP4,0.0006525019219984177
SCO1,0.0006524093238006948
DCTN1-AS1,0.0006520434928103311
AC019185.2,0.0006519941036059681
RP11-719N22.2,0.0006519892529169543
AC007040.11,0.0006517428410734585
KRT43P,0.0006516217819889018
RP11-1152H15.1,0.0006516135117528813
AC009005.2,0.0006514188815746109
FLJ22447,0.0006512866499434714
RP11-142A22.3,0.0006509190763467562
RP4-633O19__A.1,0.0006509007079610514
TIGD4,0.0006508345958388067
DCAF12L2,0.0006506261563667039
ARHGEF7-AS2,0.000650567067659659
MIPEPP3,0.0006504953057132819
AP000473.5,0.0006503826936904262
ADAMTS12,0.0006503168760396996
RN7SL483P,0.0006502701006121499
RN7SL408P,0.0006502036552089221
ANXA2P2,0.0006500949175848956
RP11-295H24.5,0.0006500384743771048
RP11-449J21.3,0.0006497872527533604
RNU6-1046P,0.0006496413682270809
RP11-420O16.2,0.000649272631176364
H2AFZP3,0.0006492397134597407
EEF1E1P1,0.0006489476980192031
RP11-478C6.2,0.0006488387717099373
SNORD70,0.0006483447115917273
CTC-484M2.1,0.0006482743026844144
RP11-66N24.6,0.0006482431275781589
RP11-879F14.2,0.0006481107727471458
RP11-205A8.3,0.0006481093378568527
RNFT1P3,0.000647846930227028
RP11-807H17.1,0.0006476221983650437
RP11-286N22.6,0.0006476073957110476
NT5CP1,0.0006474847260548686
RP11-552C15.1,0.0006473872443288528
LINC00574,0.00064723592141641
RP11-34P13.7,0.0006469994707809494
RP11-307L3.4,0.0006468415575635804
RP11-497G19.3,0.0006466084703221226
AC009120.9,0.0006466011116417492
CDC42P2,0.0006465784797039803
AC007326.9,0.0006462891625833992
RP13-977J11.3,0.0006462830427044127
HS3ST4,0.000646158474555659
RPS20P22,0.000646108342218674
MIR4644,0.000646105936723353
RP11-561I11.4,0.000646099884399444
RP11-8P11.4,0.0006459730095813214
RP11-375B1.1,0.000645927958084531
RP11-184A2.3,0.0006459053602150435
RP11-142I2.1,0.000645516034287432
GJB2,0.0006454177912968729
RP5-837M10.4,0.0006453231457808481
AC016561.1,0.0006451770025171232
Y_RNA,0.0006450002874195144
IGFL3,0.0006447955895720201
HMGN1P11,0.0006445403416204432
RP5-945I17.2,0.0006445127537849431
AC012360.6,0.0006444869749173147
KB-1572G7.3,0.0006443157031135997
RP11-428I12.1,0.0006442261926623323
RP1-276E15.1,0.0006440196391119303
RP1-62D2.4,0.0006440051420551954
RP11-561O23.5,0.0006439071762608594
RP11-386I14.4,0.0006438493720396375
SYT10,0.0006434385426508731
DLX5,0.0006427673451396383
HHIP-AS1,0.0006427502149192588
RP11-67C2.2,0.0006426216700583661
MIR187,0.0006424465708750054
IARS2P1,0.0006423734003345316
LINC00322,0.0006423468166135566
HSPD1P16,0.0006423078165357808
RP5-1039K5.18,0.0006422751109331063
RP11-883G14.4,0.0006422465613374444
SNORA80E,0.0006422150439955305
RP11-94B19.7,0.000642110311101489
AC084149.2,0.000642060587421804
MIR5188,0.0006419867906814301
RP11-791G16.5,0.0006419418332814593
RP11-671E7.1,0.0006418301291873253
RP11-373E16.1,0.0006416155456431744
RP11-249C24.11,0.000641587860364386
RP11-98C1.2,0.0006415848805081611
ANKRD30BP3,0.0006413780607500454
ZDHHC22,0.0006413117752799467
LA16c-312E8.4,0.0006412375284044046
DRD5,0.0006411006026093312
MPLKIP,0.0006409871459449551
RP11-324P9.1,0.0006408696671973799
RP11-522B15.3,0.0006408427446961491
RNU7-87P,0.0006407740813742065
ASS1P9,0.0006406306653895709
RP11-161H23.10,0.0006406022559413031
FAR2,0.000640517915299334
KRT72,0.0006404482380534204
CELA3B,0.0006403385659330021
DUTP4,0.0006402424658691293
RP11-203M5.2,0.0006394152866215349
RP3-431A14.4,0.0006393164279093329
AL928654.7,0.0006390030929755956
RP4-640H8.2,0.0006389920332976838
CR848007.5,0.0006389670268230559
LINC00659,0.0006387363611060354
MIR5091,0.0006386740824541093
SI,0.0006385982683449407
RP11-216P16.5,0.0006385428143031481
CTD-2562J17.6,0.0006382173536223357
RN7SL769P,0.0006382085342745711
RP11-815I9.5,0.000638194295067849
RN7SL571P,0.0006381935496194988
SAP25,0.0006381836874192348
FAM155A,0.0006381713714634545
AC079776.6,0.0006381403533509768
XRN1,0.0006379300784698841
LNP1,0.0006377968333264772
RPL7AP57,0.0006377772228468905
LINP1,0.000637749787538764
RP11-12L8.2,0.0006376484678328283
RP1-81D8.5,0.0006374224187245508
RP11-436F23.1,0.0006366463027832057
EGLN3-AS1,0.0006366053989374872
LINC01623,0.0006365820759292787
EXOSC4,0.0006365241461632108
FMR1-AS1,0.0006365236279381852
RP11-365H22.2,0.0006363229230940217
RP11-238K6.2,0.0006363188797582161
RP11-728K20.2,0.0006362098759774412
FAM87A,0.0006357812029016084
RP11-242C24.3,0.0006356090376952312
RP4-697K14.15,0.0006354965007722253
CTB-26E19.1,0.0006353534529083506
RP11-301G21.1,0.0006350121233923893
BCRP5,0.000634875431755387
MIR129-1,0.0006348203027538952
RP4-771M4.2,0.0006348168507087011
RP11-250B2.6,0.0006347237062251943
CTC-453G23.5,0.0006346533162035536
DIMT1,0.0006345390885918973
LINC00887,0.0006345006048114956
AC006378.2,0.0006343934521650099
RP11-95I19.1,0.0006342771335166019
PTCSC3,0.0006341988623335751
RP11-381O7.3,0.0006337650205825182
PDXP,0.0006336917373418099
RP11-106M7.1,0.0006336444310405188
AC091132.1,0.0006335971737931596
RPL21P65,0.0006335399591793975
KRT18P6,0.0006332802924424253
PITHD1,0.0006331538108737704
RP11-326A19.2,0.0006329920771826766
AC139099.5,0.0006324997274774781
AC064852.4,0.0006324947517762281
HMGN4,0.0006323713284239655
FAM200B,0.0006321992795590982
RP11-490O6.2,0.0006320897185560803
NOP56P2,0.0006320492476292156
RP11-401F2.4,0.0006319199174894474
ST8SIA1,0.0006318114287795623
RP11-905K4.1,0.0006317487960637407
CBX1P1,0.0006317350820713014
BORCS6,0.0006315865967895187
HYLS1,0.0006312895893945599
RNU1-33P,0.0006312410365049162
RP11-624D11.2,0.0006311491537155264
MRPL32,0.000630713237924115
SNORD114-7,0.0006305600627049887
RWDD4P1,0.0006304954445988829
LINC01611,0.0006304076267224784
NUS1P2,0.0006303427291659718
RP11-390M11.1,0.0006301024351153904
AC103563.7,0.0006301006977073099
ACTBL2,0.0006298762925228162
HMGN2P3,0.0006298398764773813
ENPP7P5,0.0006296381339213356
SPANXN1,0.0006295530515966981
BMS1P19,0.0006294863960091083
RN7SL111P,0.0006292010549367007
NIPAL2,0.0006290594678963809
RNA5SP402,0.0006289442024172599
RP11-792A8.4,0.000628828224135418
RPS4XP6,0.0006287656511095676
RP11-85L21.4,0.0006286532638484609
RP11-495P10.1,0.0006286371488945976
AC144450.2,0.000628459410323906
CTD-2001J20.1,0.0006276364173868668
PSMC2,0.0006274014074739827
RP11-897M7.1,0.0006273900930002386
SYT7,0.0006271318511329938
RP11-197O8.1,0.0006269248950517959
MTND1P34,0.0006268827606994636
RP11-122D10.1,0.0006268800014508834
CNN2P6,0.000626812496071131
MIR3193,0.0006264209264905659
AC093382.1,0.0006263223527344254
WFDC1,0.0006262803490534279
MRPS21P3,0.0006261249984959666
MIR4694,0.0006260819617936481
uc_338,0.0006258828847818314
RP11-573G6.6,0.0006258788937354518
RP11-317L10.1,0.0006255131051613051
RP1-92C4.2,0.0006254640051565815
RN7SKP225,0.0006253633566044592
FGF10,0.000625271282718386
RP11-298E9.5,0.0006251620945547636
RP11-118H15.1,0.0006249459871695477
CECR3,0.0006247533726497287
NXF2B,0.0006247265226159397
RNF144A-AS1,0.0006246353102796799
RP5-827C21.1,0.0006246107788018227
AHSP,0.0006246000500131218
GSPT2,0.0006244544313669101
RPL23AP58,0.0006243239190421423
RP3-509L4.3,0.0006241385075279157
RP11-80B9.1,0.000624081565510027
CHCHD2P11,0.00062404398362755
WFDC10A,0.0006238117246763534
FRZB,0.0006237881524301516
CTD-2072I24.1,0.0006237680192857441
RP11-346C4.3,0.0006231376403705897
RNF225,0.0006231301660725667
RP11-728G15.1,0.0006230438706764098
RP11-700H13.1,0.0006226634414075232
RP4-775D17.1,0.0006225762152757203
LL0XNC01-116E7.2,0.0006223360055675483
RP11-12J10.4,0.0006223207529179049
RP11-7M8.2,0.0006223068730651259
VPS25,0.0006222758034575941
RP11-713N11.6,0.0006220520074691609
RP11-703H8.9,0.000621912005788516
KRTAP8-1,0.0006218837002726662
RPAP2,0.0006217032214788021
PPP1R26P3,0.0006215473509187502
SCARNA18,0.0006214765872528713
RP11-127O4.2,0.000621468373440569
LINC01606,0.0006211252875605142
NEIL3,0.0006209514471140889
RP11-672L10.3,0.0006209253666130572
TMPPE,0.0006205526823345988
RP11-571M6.17,0.0006204914907409977
RN7SL788P,0.0006204360857327996
OR4A40P,0.0006202744696023173
SNORA43,0.0006200547260179437
RPS15AP18,0.0006199512358716124
CCDC168,0.0006198653796112659
RP11-326A19.3,0.0006193110433214107
INSL6,0.0006191778772403643
HNRNPA3P3,0.0006191377285930955
SEPHS1P7,0.0006187906880171781
RPL21P66,0.0006187004691177693
RP11-1081M5.3,0.0006182877936920333
YIPF2,0.0006182556593501597
MIR6779,0.0006176373172933016
TMEM35B,0.0006172718235149303
RALA,0.0006172538232563321
HMGB1P24,0.0006172405918597834
LINC01093,0.0006171636267057768
RP11-429O1.1,0.0006171354230299323
RCC2P8,0.0006169888537556203
RP11-134O21.1,0.0006168800742172739
FEZF1-AS1,0.0006168228161861992
NR2F1-AS1,0.0006168205346964254
SUCNR1,0.0006165476132684932
RP11-314D7.3,0.0006163835875859909
RP11-405O10.2,0.000616347308119903
APCDD1L-AS1,0.0006163008175107293
RN7SL806P,0.0006162257951967812
RP11-351C21.2,0.0006162148309237568
RP11-1036E20.9,0.0006161246689759724
PABPC1P8,0.0006161218508570527
ARHGEF35,0.0006160288077855798
MOS,0.000616006375538408
MIR125B2,0.0006160042135305771
RP11-241F15.7,0.0006159684614720849
AC018641.7,0.0006157850684756118
RP11-706O15.1,0.0006157468880246178
C18orf63,0.0006156629080825608
RP11-442O1.3,0.0006154939612829792
AC005540.3,0.000615307509429162
AC068831.16,0.000615246986772922
MTCO1P22,0.0006150125891128121
LECT2,0.0006145460137349754
AC006461.2,0.0006145173245104107
CTC-297N7.1,0.000614509899601316
RPL5P15,0.0006141488253076066
RNU6-1206P,0.0006141091941313111
RP3-340N1.6,0.000613891224823064
RP11-775G23.1,0.0006136910375425293
RPL7P7,0.0006134868993717428
PES1P2,0.0006134584985877838
RNU7-48P,0.0006134048904306182
GPR101,0.0006133879491006096
RP11-64D24.2,0.0006132652369321285
BCL2L2-PABPN1,0.0006130979056682979
RNU6-126P,0.0006130837823189125
CTC-508F8.1,0.0006129982387063211
SNORD114-10,0.0006123134225045302
AC005237.4,0.0006119439648886335
FARSB,0.0006118777969159026
AC016831.6,0.0006118215111463868
FAM13B,0.0006117745649795611
BCRP6,0.0006111874334623333
AC018735.1,0.0006111613838686563
MIR3928,0.0006110853761932179
RP11-74E22.3,0.0006110729035155479
RP11-453N3.7,0.0006109365095256774
RP11-1430O6.1,0.0006105192263320129
FER1L6,0.0006103447354965192
RP11-87C7.3,0.0006101636345273269
NFE2L3P1,0.0006100436529746942
DCXR,0.0006100313812445554
RP11-513N24.1,0.0006097402295398072
LINC01034,0.0006097054996460733
SOWAHC,0.0006096507028447973
AC012456.3,0.0006093334553991202
RP11-762H8.2,0.0006092142795597722
SNORA1,0.0006091535541305052
RP11-1348G14.4,0.0006091248948881706
AC093585.6,0.0006087385494903649
RN7SL79P,0.0006086096241045982
RPLP0P11,0.0006085510090880964
RP11-662B19.1,0.0006083680562705432
AP001596.6,0.0006080707017730117
RP1-102H19.7,0.0006079199131770523
IFITM10,0.0006076996815456099
CTC-235G5.3,0.0006076282352282024
RP11-173D14.3,0.0006075446544642224
AC009474.2,0.0006075064966063917
YWHABP2,0.0006073407417378522
IFNA5,0.0006070551733925835
RP11-881M11.1,0.0006069721039376807
ZNF663P,0.0006066856713808455
RP4-704D21.2,0.0006065547933254493
TMBIM7P,0.0006064450217732846
ENO1-IT1,0.0006063357779070473
RP11-303E16.8,0.0006062470438651044
CTC-457E21.7,0.0006061424781594389
Y_RNA,0.0006061144745810548
RP11-448G15.3,0.00060609978318563
RP4-672N11.1,0.0006059396036521462
AC063976.1,0.0006058767816100112
GLIPR1L2,0.0006055180975554354
RP11-265N7.1,0.0006053393946764356
RP11-712L6.8,0.0006050941459208837
MARK3P1,0.0006048742079632683
PSAPL1,0.0006046786510417592
RP11-578F21.2,0.0006044579605951917
ZNF429,0.0006043730179168516
ENPP7P8,0.0006042408957851375
RP11-223J6.1,0.0006041595962358385
LL22NC03-30E12.10,0.0006038724592994566
ASNSP1,0.0006036714200548796
AC006026.13,0.0006035551468294731
RNU1-106P,0.0006032966417597285
PLAG1,0.0006031554782412763
ATP5F1P1,0.0006028223559210639
RP11-108K3.5,0.0006027774638310957
AC011242.5,0.0006027361320974287
OCLN,0.0006026969121823905
RP11-121A14.2,0.0006025317650477196
RPL21P8,0.0006025029747880773
AC068580.7,0.0006024676610386692
RP11-522B15.4,0.0006020277021843253
HOTTIP,0.0006019927337114929
RP5-1009N12.1,0.0006018034708193957
EGR4,0.0006017053089066639
CSRP3,0.0006016246915366682
MTCO1P5,0.0006015059384463228
KBTBD7,0.0006013961293865735
KLF2P1,0.0006013189817893006
JOSD1,0.0006012436509781699
AP000438.4,0.0006010140133844169
RP3-466P17.1,0.0006009386388623172
YBX1P8,0.0006009188625833708
CKMT1B,0.0006007905816577665
MIR361,0.0006006110113580169
CTD-2233K9.1,0.0006004711394752699
RP11-16N2.1,0.0006003431572058445
RNU6-663P,0.0005999523234411637
RNU6-1082P,0.0005998813371759595
CH17-264L24.1,0.0005996805572071915
SAMMSON,0.0005996615321998267
RP11-310P5.2,0.0005994628890782862
PRIMPOL,0.0005994230841877143
ZDHHC20P1,0.000599311589704267
Metazoa_SRP,0.0005991110367846345
RP11-261P13.6,0.0005991047222484369
RN7SL442P,0.0005989966153373844
RNU6-409P,0.0005989234024382016
RP11-355F16.1,0.0005987818007384475
RP11-747I9.1,0.0005987545468201159
RP11-61K12.2,0.0005987056143311508
RP11-259O2.2,0.0005985522149433002
RP11-307L14.1,0.0005985189207804481
RP11-526F3.1,0.0005984838678451103
AP000343.2,0.000598435076499869
HTR2C,0.0005983818189609841
RP11-1029J19.4,0.000597697862326142
AP000641.1,0.0005974497009587465
RP11-36B6.1,0.0005973359033986257
NDN,0.0005970547393101115
OR52E4,0.000597032715581082
TLL2,0.0005970163779120995
RP4-657E11.10,0.0005968228004163085
RP5-1051H14.2,0.0005964439041682357
RP11-383J24.1,0.0005962879787076739
AC021188.4,0.0005962178607489678
RP11-215P8.4,0.0005960127189787682
IL36A,0.0005957440757915428
RP11-1057B8.2,0.0005957405699633789
SLC46A2,0.0005956845851324257
NLRP9,0.0005952780541513018
RP3-332B22.1,0.0005949041131256482
RP11-624C23.1,0.0005948407282156932
RPL39P26,0.0005947705930511553
RP11-36D19.9,0.0005946850680914879
RP11-1084J3.3,0.0005946415073160512
RP11-330L19.1,0.0005945163710865633
RP11-334A14.2,0.0005944324241612326
RP11-284P20.3,0.0005943869677034617
C2CD4A,0.0005942203927037003
RP11-667F14.1,0.0005941526979589231
BTNL10,0.0005941423418075869
RP11-313C4.1,0.0005940584578186343
RAB28P3,0.0005939907587221942
RP11-524F11.2,0.0005939624478945362
CTD-2619J13.17,0.0005938239991203034
HNRNPA1P30,0.0005938081583596399
CAPN15,0.000593696783449183
KCNK18,0.0005935521009040526
TMEM132B,0.0005935394896993907
AC092570.2,0.0005935159146639476
GABRQ,0.000593417585594665
RP11-416H1.1,0.0005931920559102291
CXADRP3,0.0005931472172847856
GOT2P3,0.0005930941125868713
CTC-507E2.2,0.0005930562704471251
TPM3P9,0.0005930554855709192
VN1R40P,0.0005929904435578369
LINC00092,0.0005929901644273036
Y_RNA,0.0005929019597678551
IFNA11P,0.000592851865630696
AF064860.7,0.0005926758426428941
RPL17-C18orf32,0.0005926524103697921
MKRN9P,0.0005926453701128539
LDHAL6B,0.0005922302230081152
UBE2L4,0.0005921456041560842
RPS4XP3,0.0005921067520897739
ADAMTS7P4,0.0005919254740482911
WFDC6,0.0005918901400491849
RP11-171L9.1,0.0005918827982497872
RP11-64B16.2,0.0005918067070470382
CTD-2324A24.2,0.0005916824193929326
RP5-894D12.5,0.0005916083146231659
Y_RNA,0.0005915906840634449
RP11-376N17.4,0.0005914840163459323
CHAF1B,0.0005914524611644314
RN7SL100P,0.0005913584315531704
RP11-62H20.1,0.0005912946446614025
AC016644.1,0.0005911003288068507
RP11-983G14.1,0.0005910445210227875
CTC-492K19.7,0.000590363528333691
DUXAP8,0.0005903559855508702
SLC47A1P1,0.0005901532936828234
PLS1-AS1,0.0005898611898447057
ALG1L6P,0.0005895882085867089
LINC00368,0.0005894359770519039
PCED1CP,0.0005894288621741687
MIR4470,0.0005893729068643289
RP11-53B2.1,0.0005892828244276942
RP11-723G8.2,0.0005892168693924383
RP11-1275H24.2,0.0005891301409897651
KCNIP4-IT1,0.0005889967249210708
AC130469.2,0.0005887428018417983
TIMMDC1,0.0005886119484443199
RP11-524C21.1,0.0005884686876455091
LINC01332,0.0005884481798794788
RP11-100G15.12,0.000588110076312607
AKR1C6P,0.0005879822821641318
RPS27AP7,0.0005877799228479656
FKBP14,0.0005876983537338536
NLGN1-AS1,0.0005875601894734357
RP11-583F2.1,0.0005875550179024163
TRABD,0.0005875327620254265
LINC00700,0.0005873676562829856
CTD-2015C24.1,0.0005873191682880644
RP11-543C4.3,0.0005872068147123713
RP11-327J17.1,0.0005871631652673118
RP11-392O17.1,0.0005871441469778311
RP11-1212A22.1,0.0005870870358025886
ZC3H12C,0.0005868072467198451
RP11-812I20.2,0.0005867878948539744
DEFA4,0.000586771521557857
DEFB134,0.0005866223191848853
RP11-93G23.2,0.0005864977944439962
AC108938.5,0.0005864193772039305
AC007405.4,0.0005861442803682058
UBE2SP1,0.0005861125170137606
RP3-508I15.14,0.000585761226785754
RP11-180C1.1,0.0005856686966938575
RP11-61G23.2,0.000585642624878065
Y_RNA,0.0005856368392279797
AC103564.7,0.0005855932036082956
RP11-95H11.1,0.0005855746690665361
MROH5,0.0005854732001770311
HSPD1P1,0.0005852562883539227
AC006262.10,0.0005849172641050832
RP11-740N7.4,0.0005848182809677262
RP11-203M5.6,0.000584800819487077
RP11-432I13.6,0.0005847742460793967
LINC01233,0.0005847460305221849
AC009410.1,0.0005847431037229101
RP11-396B14.2,0.0005845037551142051
TRIM60P19,0.0005844910181585917
TEX37,0.0005844230883190096
CTD-2515H24.2,0.0005843785088919211
RP5-1011O1.2,0.0005843197395628394
RP11-356O9.1,0.0005842505945149494
MIR6129,0.0005842186157853365
RP11-542G1.2,0.0005842010360788571
RP11-114H7.3,0.0005841585002064841
RPL18P13,0.0005840010532421606
MSRB3,0.0005839703573258546
RP11-322A17.1,0.0005837613706184394
RP5-916O11.3,0.0005836714621617315
TPRKBP2,0.000583650973630674
CTD-2184D3.1,0.0005834695697013015
DSCAM-AS1,0.000583432835126462
LL22NC03-N64E9.1,0.0005832334544605943
LINC01508,0.000583205700700465
AP004372.1,0.0005830345008888075
RP11-661A12.5,0.0005829752050085645
RP11-195C7.3,0.0005829598511797179
AC064871.3,0.0005825174659398694
AGGF1P8,0.000582402894865934
AC116609.3,0.0005823512995158191
KB-1980E6.3,0.0005823485857919537
RP11-883G14.2,0.0005822173416268576
DCAF4L1,0.0005820392984793463
RP11-430L17.1,0.0005819667162014314
LINC01231,0.0005819465964523084
LINC00683,0.0005818271666849
PCAT18,0.0005817373456148524
RP11-178F10.3,0.000581734454505653
RAB9B,0.0005815119610847137
EIF5A2,0.0005814072529497334
SLC29A4P2,0.0005813741627360298
CTC-499J9.1,0.0005813694939431633
IPO7P2,0.0005813689319150745
SNORA74,0.0005813345224684718
GCHFR,0.0005813242515934989
RP11-568J23.8,0.0005810406546289167
CTA-221G9.10,0.0005810346692347027
RP11-732A19.6,0.0005810180345514257
RP11-797D24.3,0.0005806239327426882
RP11-492A10.1,0.0005804696041822456
RP11-402J6.1,0.000580441925207585
RNU6-611P,0.0005803781145438025
RP11-442O1.4,0.0005800958429107743
IGHGP,0.0005799977488128991
CHEK2P2,0.0005799542669732393
RP11-1070N10.7,0.0005796592098504128
RBMX2P1,0.0005794175566945476
CPA1,0.000579403999340301
EEF1GP5,0.0005793905444369061
RP11-375B1.2,0.000579212816524054
TTC22,0.0005791218542538702
ATP4B,0.0005790677398116817
SRGAP3-AS3,0.0005787122695602184
HNRNPABP1,0.0005786418405889449
RP11-394J1.2,0.0005786095096467898
MIR4706,0.0005784655772134438
GP9,0.0005783122868250807
TAT-AS1,0.0005780260833498728
RP11-21G15.1,0.0005780109139533315
CTD-2639E6.4,0.0005780092164922426
Metazoa_SRP,0.0005773945434155981
RPSAP13,0.0005773534199956572
RP11-558O12.1,0.0005771260389092175
ENPP7P4,0.0005770347105590284
AC005077.8,0.0005769951988087404
CTA-150C2.13,0.0005769618127942234
FAM185A,0.0005769167924028069
RP11-21C4.5,0.0005768751936266142
RP11-444A22.1,0.000576686811296992
RP11-818O24.2,0.0005765244856093536
RP11-536C10.12,0.0005764295684747313
ARHGEF9-IT1,0.0005762584093798349
FAM225A,0.0005760567257262303
AC002066.1,0.0005760271945452128
RP5-997D24.3,0.0005759381019816351
CCDC26,0.0005757161119272229
SCARNA16,0.0005756634337722438
LL09NC01-254D11.1,0.0005753775502378713
RP11-95D17.1,0.0005753559887623872
RP11-80H5.7,0.0005752704314135637
MMP10,0.0005751904769005453
RP3-395M20.3,0.0005750457818844863
RP11-575L7.4,0.0005749386050115879
C1QTNF8,0.000574844427706547
RPS12P17,0.0005745939329670765
RP11-726G23.3,0.0005745203284925764
TMX2P1,0.0005743962657589647
CKS1BP3,0.0005743065883669072
OR7E28P,0.0005742315059555527
FUT5,0.0005741978941873845
RP11-112L6.3,0.0005741929665989448
CTC-412M14.6,0.0005741121925883706
RP3-511B24.5,0.0005740774459382736
FABP3,0.0005739452894181353
WFDC10B,0.0005737928714006079
RP11-45I20.1,0.0005735088715566548
FAM215A,0.0005734365611723024
RP11-3B7.1,0.000573334938058892
USP3-AS1,0.0005732054230402412
Y_RNA,0.0005731392257195405
ZRANB1,0.0005730716247545504
NAV2-AS2,0.000572974631302879
CTD-2206G10.2,0.0005728976378451588
LINC00434,0.000572573923526379
RP11-442G21.2,0.0005722882861119123
RP11-1212A22.8,0.0005722386844091858
CTD-2515H24.3,0.0005722148031240702
AC113167.2,0.0005719212318514564
CLEC4D,0.0005718478082197096
ZC3H12A,0.0005717330006720523
MTCO1P46,0.0005716310368311899
CXCL1,0.0005716074780009039
RP11-467L19.16,0.0005714719297486646
AL109761.5,0.0005713295077873812
DOCK9-AS1,0.000571329312219688
FADS3,0.0005711382404448977
SNORD17,0.0005709637100841796
RP11-322E11.3,0.0005708800610963343
RPS27AP10,0.0005708524536834546
Y_RNA,0.0005707603005876728
CTD-2260A17.1,0.0005707138297765035
KRT8P19,0.0005705091972956215
SNORD114-9,0.0005704923970617323
RPS15AP9,0.0005699545388148948
TMPOP1,0.0005698748000238462
RPS14P8,0.0005698427197371005
TUBAP4,0.0005698252586745798
CTC-435M10.3,0.0005697937453028654
GSTT2,0.0005697512485940593
LL22NC03-27C5.1,0.0005697131022157667
CTD-2015G9.1,0.0005694863589037211
LINC00701,0.0005694096915457405
SNX5P1,0.0005692559070332229
RP11-500M8.7,0.0005692229781165488
LINC01377,0.0005691988770761084
FLJ33581,0.0005690659776092224
RP11-100G15.7,0.0005686978191992079
Metazoa_SRP,0.000568584963932048
MIR6511A1,0.0005685250560572292
UBE2Q2P11,0.0005683591261040841
RP11-357K6.1,0.0005683409849545318
GUCY1A2,0.0005682242155349657
Z98941.1,0.0005681078856958
MTCO1P12,0.0005679857733165007
RP11-406O23.2,0.0005679821458899484
C3AR1,0.0005677800511699288
CENPVL1,0.0005677435914511161
BX842568.4,0.0005677361371505118
TWF1P1,0.0005677260768382618
CTC-534A2.2,0.0005676506834342296
SNORA63,0.0005675617433724179
RPL7P23,0.0005674576331065491
NR2F6,0.0005671937695299725
LINC01197,0.0005670786803728447
RP11-588P7.1,0.0005670579166154421
ABRA,0.0005669591936409694
BRWD1-AS1,0.0005667826063492167
ZNF777,0.0005667396213729474
SCARNA17,0.0005667166820161763
KRTAP26-1,0.0005667096234522419
DNMBP-AS1,0.0005663536083355886
TPT1P5,0.0005663464972531912
RP11-666O2.1,0.0005662752390623037
RP11-113K21.1,0.0005661885917150326
RP11-1084I9.1,0.0005661132171745469
TUBB8P1,0.0005660959090695983
RP11-360L9.7,0.0005660492023063458
FPGT-TNNI3K,0.0005656370391839543
THOC3,0.0005656148674664678
RP11-286N3.2,0.0005654547852823196
MIR4729,0.0005652630665776825
IFT57,0.000565198911461572
RP11-491F9.1,0.0005648082042407953
ZNF311,0.0005647110049245499
CTC-441N14.1,0.000564629368257387
RPLP0P2,0.0005646063881628226
SAR1AP2,0.0005645774855885733
AC020743.3,0.0005643868852077448
AC019048.1,0.0005641139252270327
CTC-526N19.1,0.0005639583743348119
RP11-698E18.1,0.0005636134725341174
GTF2IRD2P1,0.0005635415745642467
CDC27P1,0.0005631749828361969
RPL12P13,0.0005631075521291413
FO538757.2,0.0005630722965853698
GHc-210E9.2,0.0005628610212106251
MATR3,0.0005628497534414704
ZCCHC12,0.0005628256780764451
RP11-73M18.6,0.0005627827016994583
CTB-178M22.2,0.0005627629454267981
RP11-327F22.4,0.000562698357238409
RP6-114E22.1,0.0005626349220271264
CYP51A1P3,0.0005624789975158583
RP11-264I13.2,0.0005623900754702992
BCORP1,0.0005623531865405888
RP11-420A6.2,0.0005620654679239018
ZBED3-AS1,0.0005620349938469559
SOWAHD,0.0005618903882996508
LYG1,0.0005618803494558108
PCDHGA8,0.000561793421480985
RPL10P4,0.0005616761827916709
FAM136BP,0.0005616309256686735
OR2N1P,0.0005615132313047177
AC010524.2,0.0005613835616709641
RP11-302L19.1,0.0005612845744784346
AP000797.2,0.0005610724713721968
DEPTOR,0.0005606005369847621
CTD-2021H9.3,0.0005605783980540741
SCARNA6,0.0005604834458063587
RP11-486A14.1,0.0005604516105354106
RP11-526P5.2,0.0005603301271927672
HOOK1,0.000560329598401757
GMPR,0.000560303294841291
RP11-300E4.2,0.0005601358494828587
RP11-5O23.2,0.0005600936376895086
RP4-604A21.1,0.0005599891416072405
RNU6-1272P,0.0005597325667195817
RP11-428L21.2,0.0005597109540099429
RP11-298A8.2,0.0005592898822710896
MTND1P16,0.0005592829676580462
PGA5,0.0005591764435190797
COLGALT1,0.0005591712404478934
RP11-832A4.7,0.0005587410330660984
AC004744.3,0.0005587083588074347
CTD-2234N14.1,0.0005585907500222083
RP11-12A20.7,0.0005582074758338824
ACTL10,0.0005580532525817219
CXCL13,0.0005580103069779045
DYNC1I2P1,0.0005576999786289508
LUCAT1,0.0005576718457929917
RP11-111F5.8,0.0005574556237865612
AF228730.8,0.0005573942111216027
Y_RNA,0.000557298047518767
MTCYBP29,0.0005572637976888029
RP13-30A9.2,0.0005571775675477121
TTTY15,0.0005569971497296598
KCNJ12,0.0005567205590424031
SMC5-AS1,0.0005567173844982697
ATOH7,0.0005566811580338884
RP11-287D1.4,0.0005565126448702277
RP11-147I3.1,0.000556431373841693
RP11-603B24.1,0.0005563309670384063
RP5-875H18.4,0.0005560751304740366
LINC00393,0.0005559618982907409
AP002530.2,0.0005559522678780695
RP11-363G15.2,0.0005559019620446289
RP11-324E6.10,0.0005558834508601727
XRCC2,0.0005558798270779705
CTD-2272D18.1,0.0005558380360075921
WISP2,0.0005557708228752339
RP11-122G18.7,0.0005557654944792591
FGF7,0.0005551986964786402
SCRT2,0.0005551684640997289
RP11-578F21.4,0.0005549409699164598
DEFA5,0.000554698713300043
GRM5-AS1,0.0005546585243783774
AF196970.3,0.0005546561681788254
RPS3AP26,0.0005544601112686542
RPL36AP21,0.0005544270495055497
FABP5P2,0.0005543355623806374
TNFSF18,0.0005542640005561624
NSA2,0.0005542204054526416
RN7SL18P,0.0005542122494480861
RP1-197B17.3,0.000554172532589331
RP11-302B13.1,0.0005541283283251388
AC002429.4,0.0005541130492158766
ABCC13,0.0005537088070189261
RP11-266L9.5,0.0005536977221719003
PHGR1,0.0005533436638545598
RNU6-1191P,0.0005532128709986726
AC079610.1,0.0005529065699442975
RP5-839B4.8,0.0005527237786179112
FLJ42969,0.0005525872541092749
CTC-321K16.1,0.0005525718536382589
Y_RNA,0.0005525019645138685
CTD-2192J16.17,0.0005523721737416054
Y_RNA,0.0005522890988711907
UBE2V2P2,0.000552211222220892
RP11-65J3.14,0.000551986507815549
RP11-720N19.1,0.0005519487632542804
RP5-859D4.3,0.0005519016581171513
AF003626.1,0.0005517180011479187
CTA-342B11.2,0.0005516785952066925
TUBB4BP3,0.0005516729727548028
OR10A4,0.0005514867268355561
RN7SL341P,0.0005513040363953417
RPL12P30,0.0005512117457123291
PRSS56,0.0005511971100623022
Y_RNA,0.0005510619952370428
RNU6-1313P,0.0005509325456458777
PRKG2,0.000550892590293426
NAP1L4P3,0.0005508237440466592
RP11-749H20.1,0.0005503007428202353
MAPRE1P3,0.0005502638074657244
CTD-2199O4.1,0.0005501566504368524
TBC1D9,0.0005500588477755588
CDRT15P2,0.0005500477324992776
GAPDHP71,0.000549718720929893
HIGD2A,0.0005495991333159984
RP11-229P13.27,0.0005495016868751517
RP11-94B19.6,0.000549437648135279
SNORD116-29,0.0005492387959488499
RP11-432M8.16,0.0005490148591087289
RP11-548K12.12,0.0005489265444268966
CTD-2292M14.1,0.0005488715193516187
ST6GALNAC2,0.0005487765730691389
AP001625.6,0.000548623405909816
NDUFB5P1,0.0005484839925488509
PPP1R2P3,0.0005482153201510733
AC005532.5,0.0005481453418668038
CRYGS,0.0005480552541059424
ZNF654,0.000547876002581787
MIR604,0.0005477209729453684
CBX1P4,0.0005476808602739126
RP11-69I8.3,0.0005476218622297733
RP11-139H15.7,0.0005470954134645946
MIR320D1,0.0005468420265477946
RP11-40B20.1,0.0005468186837018886
RP11-474P2.7,0.000546532499730956
MYH1,0.000546363960209904
MIR329-1,0.0005463317697669412
RPL39L,0.0005459793205264074
MIR548J,0.0005457531910064
CCNA1,0.000545641585578411
NPY6R,0.0005454735303816343
RP11-243M5.2,0.000545360800514796
KRT18P37,0.0005453509933006159
RNU7-63P,0.0005452606482750702
LINC00845,0.0005451899881872726
RP11-277K23.1,0.0005451509481631564
RP1-67A8.3,0.0005450069820146161
SLC6A11,0.0005448499706189817
RN7SL833P,0.0005447749680812429
RP11-767L7.2,0.0005446861191292229
HINT1P2,0.0005446605298256363
EEF1A1P12,0.0005443672371344641
RP11-326A19.4,0.0005443574054218534
CTC-470C15.1,0.0005443525006338558
RP11-429P3.3,0.0005441781716206357
AC009134.1,0.0005433783379711967
OR2T8,0.0005433239093504535
TSPAN8,0.0005432676964685926
SRD5A1P1,0.0005432627228841856
RP11-837J7.3,0.000543241310890083
RP11-12K22.1,0.0005432328264298424
MED28P6,0.0005428043743091064
RP11-379F4.9,0.0005428006283392927
KLF2P2,0.000542621978488332
NDP,0.0005425515620337479
C14orf180,0.0005425173798568119
RP11-509E10.1,0.0005425010202948487
C9orf135-AS1,0.0005423527138844175
RPS10P18,0.0005419095654327886
RNU4-48P,0.0005418452546787594
WIF1,0.0005415420939692187
RP11-112J1.1,0.0005414001507019364
RP11-432J24.5,0.0005411424178906861
MIR513A2,0.0005411361089483312
RNU6ATAC40P,0.0005408830719841201
ATG3,0.0005404044689734333
RP11-388K12.2,0.0005402606426208612
CBX1P3,0.000540231921217974
RP11-270L13.1,0.0005402239696960132
RNU6-550P,0.0005398270741893186
RP11-557J10.3,0.0005397445034280023
MST1L,0.000539328403579373
ZSWIM8,0.0005392731187718023
RP11-277B15.3,0.0005388246511353897
NENFP1,0.0005386811934109656
KIAA1024,0.0005386504396735102
RP5-837J1.4,0.0005386477704616398
VDAC1,0.0005386290163883901
ITPR3,0.0005383652020618339
RP11-885N19.6,0.0005382858543517652
SHROOM2P1,0.0005382102745312195
OR6A2,0.0005380582522621159
UGT2B15,0.0005379455802260145
FAM183A,0.000537928011555636
RP11-186F10.2,0.0005378479712104815
AP000892.6,0.0005378039400799811
XKR4,0.0005376072038768261
RP11-640A1.3,0.000537571355322358
HAR1B,0.0005374115856480847
AC073091.2,0.0005373786254637803
ART2P,0.0005372255245090961
CTD-2313J23.1,0.0005370447915044765
GGT8P,0.0005369873825442189
RPL9P7,0.0005368468744300658
RP11-620J15.4,0.000536759368674899
ATP5HP4,0.0005367521664532605
LINC00423,0.0005366345351198178
STIP1P3,0.0005365591847471233
TIPARP-AS1,0.0005365118638877138
OR10J1,0.0005363843027034763
RPL35P2,0.0005363694829500977
KRTAP9-6,0.0005362898668944394
MAPT-IT1,0.0005361252691042943
KB-1958F4.2,0.0005360487181809531
MIR3167,0.0005358920034055025
CH507-145C22.1,0.0005357820219891801
RP4-633I8.4,0.0005357723744993911
RP11-819M15.1,0.0005357398733083167
RP11-567G24.1,0.0005357389993358491
OR2M3,0.0005357098129804257
RP11-188I24.1,0.0005352999805413193
MEIG1,0.0005352647743254066
KAT2A,0.0005351058980881905
RP11-73B8.2,0.0005350556840793802
Y_RNA,0.0005349197211101315
FOXP1-IT1,0.0005349053061066756
RNU5B-3P,0.0005346301503950594
RN7SL220P,0.0005343665347604493
ATP6V1E1P1,0.0005342822143673588
OR2AT1P,0.0005340514027680267
SNORA58,0.0005336724111988506
AC015977.6,0.0005334822993173874
LINC01410,0.0005334053531543267
UROC1,0.0005332286656817894
RN7SL5P,0.0005330126197596076
CDC42EP5,0.0005329795781553362
RP11-466F5.9,0.0005329726869850671
RP11-211N8.6,0.0005329066089949636
RP5-884M6.1,0.0005327545946915258
ACTR1B,0.0005324988977909705
RP11-353N14.2,0.0005322654417508017
RPL26P9,0.0005319570346521463
AC144450.1,0.0005317213492897655
TPRG1,0.0005313148811283374
RP11-720L2.4,0.0005312384896476855
HIST1H1B,0.000531226635466924
HIST1H3C,0.0005312025007641698
SEPT7P7,0.0005309249448199762
DCAF13P1,0.000530887060439256
MIR6895,0.0005308761699364939
DDX28,0.0005307438887188487
AC004967.7,0.0005306178189778086
FBXW4P1,0.0005304761374038151
RP11-423H2.3,0.000530276091058158
ARL6IP1P3,0.0005300565674445942
RP11-71L14.3,0.0005300152864500353
RNU6-13P,0.0005299901088520598
IGKV2D-23,0.0005298306544771035
RP11-508N12.2,0.0005296525522850749
PGM5P4-AS1,0.000529500894071429
RP1-249F5.3,0.0005294481309602429
CH17-262O2.2,0.0005291389448887833
OR2T33,0.0005290042847545755
RP11-263E1.1,0.000528844973858334
CHL1-AS1,0.0005287630395553512
NOS3,0.0005287292106935086
ANKRD60,0.0005285029522350467
CTD-2073O6.1,0.0005282379025011118
VDAC1P3,0.00052798355323994
AC067956.1,0.0005277345130423456
CTA-221G9.12,0.0005275880136385441
SNORD14,0.000527343241627732
NACAP2,0.0005271822774198487
RP11-115J16.1,0.0005270111671647988
SRD5A2,0.0005269505114278875
AC140076.1,0.0005268517734288566
RP11-14I2.2,0.0005267600803363877
RP11-1018J11.1,0.0005265301560778427
RP11-598D14.1,0.0005264374056488673
RP11-62L18.3,0.0005262452575096466
FRMD8P1,0.0005258712635606518
RP11-147L13.8,0.000525594413170336
RPAP3,0.0005254240445757678
KLF9,0.0005251492967866091
ANKRD20A9P,0.0005250887147157068
RP11-766N7.3,0.0005250654243065871
RP11-1292F20.1,0.0005250589322138389
PROKR2,0.0005250527769715262
KCNA4,0.000524992309496944
RP11-350N15.6,0.0005249773168988423
PCP4,0.0005247528274373959
GON7,0.0005246135404129463
Y_RNA,0.0005245300563754835
RP11-152O14.4,0.0005245031663339988
RP11-131L12.4,0.0005243302240132518
MIR5699,0.0005240608775808025
RP11-574K11.8,0.0005239252170440336
RP11-231N9.1,0.0005239199553981338
AP000432.2,0.0005231074299427758
HUS1B,0.0005227679864098543
CASC18,0.0005227275725419476
RP11-65L3.4,0.0005226326148115702
AC096574.5,0.0005223742833912665
MIR2681,0.0005223151384209567
RP4-816N1.6,0.0005222532547331252
CTD-2036J7.1,0.0005221414110707229
RP1-213J1P__B.1,0.0005220900966334941
RP11-325K19.2,0.0005219894425914086
HNRNPA1P28,0.0005219845705752671
RP11-248N22.1,0.0005209775177178103
TGFB1,0.0005209465309796486
RPL37P2,0.0005209170790757353
RNY1P1,0.000520715077461126
RN7SL751P,0.0005206888380074097
OR9P1P,0.0005206682441693977
RNA5-8SP6,0.000520615481115432
ZNF804B,0.0005206074668689678
ZW10,0.0005205482988369001
MIR4787,0.0005205370991398573
CTD-3096M3.2,0.0005204977154064665
TUBB7P,0.0005203224930801529
RP11-148M9.1,0.0005202741338633749
ZNF75BP,0.0005202333734642863
RP11-231P20.5,0.0005201008867827097
RPL21P108,0.0005200168005308645
RP11-475O6.1,0.0005199306146945811
Y_RNA,0.0005198852758021101
RP11-252O18.2,0.0005198095274149093
UBA6-AS1,0.000519757535825276
MIR3150B,0.000519557367014805
FGF12-AS2,0.000519231822586627
CYCSP33,0.000519144022718593
RP11-640N11.2,0.000518997626463718
RP11-521C22.2,0.0005188576031936883
RP11-259O2.1,0.0005187748004621484
FTH1P3,0.0005187461825051201
RPL7P39,0.0005187063992623758
CLEC4GP1,0.0005186146844922509
CCDC192,0.0005186113957949288
F8A1,0.0005185348942955707
CTD-2331D11.3,0.0005184882219034099
RPSAP12,0.0005184799360553148
AC092162.1,0.0005184156571610759
TMEM261P1,0.0005183241740536374
MIR7152,0.0005181397573642097
ACOT6,0.0005179481568053956
NUDT11,0.0005177721053778022
RP3-512B11.3,0.0005176284902833529
ERVH48-1,0.0005175719459224789
SNRPCP16,0.0005174889495023729
AVPI1,0.0005171579530469105
PPP1R27,0.0005169571415710066
RP11-461A8.5,0.0005168956218482357
RP11-81K13.1,0.0005168952011668729
RP3-410C9.2,0.0005168493164223998
ATP5J2,0.0005167210309519407
UCN3,0.0005166483508902434
RP6-1O2.1,0.0005166249926268078
MTND4P30,0.0005165444980809559
RN7SL568P,0.0005165434783353285
JRKL-AS1,0.0005164768105333083
C15orf56,0.0005164065442112127
RP11-588P8.1,0.0005162604888526832
RP11-119H12.4,0.0005161205041094943
FAM89A,0.0005161200800176813
PSMC1P11,0.0005160840473982857
RP11-181B11.1,0.0005159090367393098
RP11-775H9.2,0.0005153909950178405
RNU6-1045P,0.000515245899345644
RN7SL116P,0.0005149408450731061
ARL4C,0.0005146047034804524
ATP5L,0.0005145993889079216
PDZK1IP1,0.0005145655430380649
RNU6-667P,0.0005143723518047757
RP11-461O7.2,0.0005143552953723876
TRIM64FP,0.0005141097114122027
RN7SL384P,0.0005141037560927577
FTH1P14,0.0005140722078860652
CTD-2533K21.2,0.0005140175622065267
RP11-123K3.9,0.0005138715544197752
RNU6-354P,0.0005137599637794387
LINC01630,0.0005136497608076488
CASC19,0.0005134237031663903
CTD-2302E22.1,0.0005133680578023762
LINC00332,0.0005126078366479435
PSMA6P4,0.000512564837032675
RPS19P3,0.0005121414543172795
PPP1R3B,0.0005121271075925729
PPCS,0.0005120253345690262
RP11-52J3.3,0.0005119774490615332
AC037445.1,0.0005117014525566478
HIF1A-AS2,0.0005116773151337383
CTD-2008P7.5,0.0005116378316991766
ZFP36L2,0.0005114899863652946
RP11-466A19.5,0.0005114791986908738
MIR7848,0.0005113810371176678
SNORD116-22,0.000511288452937488
C1orf53,0.0005112102079963277
MITD1,0.0005110945258763736
WNT5A-AS1,0.0005110157675037926
RP11-65D24.1,0.0005107614339714253
Y_RNA,0.0005106441016612303
RP11-404I7.2,0.0005106260816152412
RP4-799G3.2,0.0005106132421386194
RP11-729I10.3,0.0005104903556628879
TCEB3B,0.0005103148503208846
CTC-527H23.1,0.0005101268994806415
RNA5SP33,0.0005100907436685679
RP11-236J17.7,0.0005098476696643005
AC005592.1,0.0005098429077294743
RNU6-250P,0.0005097774840294583
TFAP2A-AS1,0.0005094998157854572
RP11-736N17.10,0.0005094320236171967
ZNF736P9Y,0.0005093499241643699
PPIAP23,0.0005092425393287033
RP11-611E13.3,0.0005089176893669827
MIR5692A1,0.0005087263423855847
THAP12P7,0.0005086332984858379
RNU6-818P,0.000508509391542556
CTB-85P21.1,0.0005085091407089363
KISS1,0.000508457641018143
DARS-AS1,0.0005082225171901002
RP11-45A12.1,0.0005080282725349659
MTCO3P10,0.0005078532328964766
RP11-753A21.2,0.0005077798297005835
FABP2,0.0005074854403827964
RP11-739N20.3,0.0005074278882986183
RP11-286H14.8,0.0005073654827399415
MIR219A2,0.0005073550856536544
MIR3922,0.0005071245178606597
CCT5P1,0.0005069479958717135
RP11-183C12.1,0.0005068603568786726
MED15P4,0.0005068433465172136
AC002368.4,0.0005068057290344915
MIR181A1HG,0.000506744597950006
SNX18P5,0.000506700875322995
AC090957.2,0.0005066743304943352
RP11-63I8.1,0.000506482350610835
RRM2P3,0.0005063766391807041
AC079199.2,0.0005063480087124283
RP11-674I16.2,0.000506223058818622
KLHL14,0.000506152373763422
RP11-1141N12.1,0.0005061350581178475
AF127577.11,0.0005061192189678854
RP11-321L2.1,0.0005060753857980816
RP11-108L7.14,0.0005060597879977489
LINC01098,0.000506041770045112
SSX1,0.0005058129727669354
AP005135.2,0.0005055867965526822
RP13-895J2.9,0.0005054382397766463
RPSAP11,0.0005053795941122342
RP11-332E19.2,0.0005052385781976596
GS1-388B5.1,0.0005049718296465203
RP11-107C10.1,0.0005049697007915275
METTL24,0.0005049103406849032
RP11-594N15.3,0.0005047274479262362
RP11-640I15.2,0.0005046789847747921
RP13-297E16.5,0.0005045816587654048
LINC01598,0.0005045783787787945
RP11-157F20.3,0.000504473399849753
RP4-680D5.8,0.0005043906052019706
RP4-635A23.6,0.0005043894815332752
MKRN7P,0.0005041841884809755
RP11-818F20.5,0.0005041482313990867
TFF1,0.000504029044985522
RP11-759A9.2,0.0005039459337512098
Y_RNA,0.0005038316938006161
AC007277.3,0.000503801707022939
CNOT11,0.0005036725117409645
OR52A5,0.000503663559240235
RP11-227D13.5,0.000503308966366353
RNA5SP345,0.0005030480810869687
SYP-AS1,0.0005028147664113711
RPL36P20,0.0005026979529779702
RP11-313I2.3,0.0005025904029285422
RP11-632F7.3,0.000502556018757055
HNRNPA1P11,0.000502537041277703
METTL15P1,0.0005023523677433106
PFN1P1,0.0005023341361169659
CH17-373J23.1,0.0005023239592742128
ZBTB45P2,0.0005023176861012968
ANKRD54P1,0.0005019770815227973
DDX39BP2,0.000501563315352413
CTD-2200P10.1,0.0005015160477055666
ZNF737,0.0005014404721897838
AC009227.3,0.0005014078145876549
RP11-789F5.1,0.0005013325038993573
RNU6-796P,0.000501314842128458
MIR4740,0.0005013098884552434
PCYOX1L,0.0005012296484623906
RPL29P19,0.0005012240545705898
RP11-56I23.1,0.0005010423612194007
RPL35AP15,0.000501001716464891
ANKRD26P3,0.0005008689832683652
RP11-19J5.2,0.0005008624014944304
ASPRV1,0.000500692414261887
CTC-327F10.4,0.000500559423663864
MIR595,0.0005005448409828723
RP11-4K16.2,0.000500224541525648
RP11-20I23.3,0.0005002193439175155
AP001271.3,0.0005002175133876176
MIR892A,0.000500176511119142
AC016292.1,0.0005001311235066455
RP11-404P21.6,0.0005001030388475371
RP13-539F13.3,0.0004999317686983567
MMP7,0.0004996022406892727
SNORA77,0.0004995110674704827
SNORA31,0.0004993185758904262
RP11-36B15.1,0.0004992609568886489
RP11-346M5.1,0.0004992399280438259
AC011243.1,0.0004992161997896611
Y_RNA,0.0004986739585708318
DNAJB1,0.0004986448224697278
LINC01391,0.0004986181232995886
FAUP1,0.0004985460268889442
RPL7P8,0.0004982673081029047
MT-CO1,0.0004980391933881479
C5orf60,0.0004979575954809153
KIF28P,0.0004978657051794738
RP11-64B16.3,0.0004977742846272863
MIR138-1,0.0004977626211694241
AC009245.3,0.0004977441498109745
LAP3P1,0.0004977395101616352
RP4-718D20.3,0.0004977294032836916
RP11-27G24.1,0.0004975576361799697
CNN1,0.0004972587422104119
AC104781.1,0.0004971468169954149
OR10AH1P,0.0004968107351257032
RNU2-38P,0.0004967562191812254
ENPP7P2,0.0004967551738122555
RP11-388C12.5,0.0004965795275654773
Y_RNA,0.000496537136472332
ART4,0.0004964364726745909
RP11-321A17.4,0.0004959960020678835
AC087499.4,0.0004959443525377146
CYCSP42,0.0004951430304537397
RP11-588G21.2,0.0004949458020934659
RP3-508I15.20,0.0004949151205701392
AC002310.17,0.0004948918577496671
LY6G6F,0.0004947758816894619
RP11-547C13.1,0.0004947048602029923
RP11-429B14.4,0.0004946621512391154
KB-173C10.2,0.0004946308240079207
APOH,0.0004945303065396669
RN7SKP26,0.0004942548194166827
CTD-2643K12.1,0.0004940851777401426
RP11-94H18.1,0.0004940732024063431
LINC00864,0.0004939598450432995
RP11-305L7.7,0.0004939383197060399
RP11-64B16.4,0.0004938890013713075
RP11-738O11.13,0.0004938111167087472
RP11-339B21.13,0.0004937841224689936
C1QBPP2,0.0004937523469615749
SCG5,0.0004934203675169037
SNORD62,0.0004934132013079981
RP11-136C24.1,0.0004934102884588689
RN7SL155P,0.0004933600873870331
HSD3BP1,0.0004932794422525704
AC003104.1,0.0004932125129042478
RP11-384M15.3,0.0004932079270032065
OR7E47P,0.0004932067304722012
RN7SKP244,0.0004931102539797728
CHPT1,0.0004931084556602547
DSTNP5,0.0004927998026223067
RP11-63N8.3,0.0004927583088654621
RP4-533D7.6,0.0004927095487916051
TPTE2P4,0.0004926567691527682
HMGA1P8,0.0004924598841623094
RP11-159D12.3,0.0004924363936717183
RPSAP45,0.0004923190339749387
LINC00377,0.0004922275559583797
TRAV12-3,0.0004921613208835366
NDUFA5P2,0.0004920250263679034
MAN1B1-AS1,0.0004919443767243366
RP11-553P9.1,0.0004917989989450366
KRT8P39,0.0004916814352440689
AC073072.7,0.000491673716487982
AP000998.2,0.0004915230840706281
DGKE,0.0004915153547583082
ALDH7A1P1,0.0004914305021949538
AQP9,0.0004914084493549994
RP11-355I22.2,0.0004913482343658833
RP11-205K6.1,0.0004912499888166025
RP11-640N20.6,0.0004912419699583221
C6orf132,0.0004911926944533274
SH3BP5-AS1,0.0004911421885983221
LINC00354,0.0004910508402032745
RPS17P5,0.000490764877751201
RP11-193M21.1,0.0004906109469770708
SMC2-AS1,0.0004905989006018558
AC009228.1,0.0004904880987081631
LCA10,0.0004904485919817243
LINC00923,0.0004904283091376237
NIFKP1,0.0004903299768282426
ZFAND1,0.0004902308491448928
SP7,0.000490129336155313
LINC00273,0.0004900662061700687
RP11-768B22.2,0.0004899975470027375
ERP27,0.0004899373911222731
PPY,0.0004897489976147382
AC010518.2,0.0004896194241866111
RP11-38O23.4,0.0004895150685794573
RP4-543J13.1,0.000489421180626764
C19orf38,0.0004893679000617079
VDAC1P7,0.0004890588505322394
C8orf37-AS1,0.0004890039577270165
CTB-161M19.1,0.0004889973970360692
PHOX2B,0.0004886982416144841
RP11-458I4.2,0.0004886886223356098
C3orf22,0.0004886637144640065
RPL29P3,0.0004885055464405313
RP5-1049N15.2,0.000488385910405521
CTD-2021A8.2,0.0004881703082957774
PCNPP1,0.00048795194427665153
FBXO36P1,0.000487929429213183
TBX5-AS1,0.00048785978251366584
RP3-445O10.1,0.0004875980372218207
RP13-895J2.3,0.0004875878388152094
ACTL7B,0.00048727662205756304
AC004945.1,0.00048722165847293756
MTND5P1,0.0004871811753136728
RP11-526N18.1,0.000487131315820513
LIX1L,0.00048708638840627537
BX255923.2,0.0004870387010040991
RP11-781M16.2,0.0004870381285063441
NPM1P46,0.0004868650314722405
ENPP7P3,0.000486854936290351
FGF23,0.0004866397583327161
PP14571,0.0004866095342338884
CTGF,0.00048651758962494956
UQCRC1,0.00048609084262581597
RP4-800M22.1,0.0004858872420895573
SFTA3,0.0004857027270757115
RP11-432B6.3,0.000485689202161929
STRADA,0.0004847628913129494
RP11-707M1.7,0.000484761912252664
SOST,0.0004845046626501196
RP11-341G23.2,0.00048443408798930465
SNORD115-17,0.0004844298819787383
DLG1-AS1,0.000484369293162976
KB-1410C5.1,0.0004843606351778053
NF1P6,0.00048435215889000897
ABHD13,0.0004842544063063628
PANX3,0.00048419308725870634
MTND6P5,0.00048416807740059146
RP11-484L7.1,0.00048400406206839443
RP11-696D21.2,0.00048398009198841863
AC004893.11,0.0004839479988965822
CLDN20,0.00048389643174810113
RP11-572C21.1,0.00048385442014149617
RPL23AP4,0.0004837011434032764
RNU6-600P,0.00048347950017667014
HIST1H2AD,0.00048346483668997606
RP11-567N4.2,0.0004831899102527801
RNU6-878P,0.0004831774828419831
CTD-2128A3.2,0.0004830671870313586
RPS17P13,0.00048289663846428683
STAU2-AS1,0.0004827781970453143
HNRNPA1P47,0.0004825403535831418
RP4-744I24.4,0.0004822062156223156
RP11-439H13.2,0.0004822002587097771
BSX,0.00048199008117944057
GAPDHP37,0.00048192363640759637
TMEM108-AS1,0.00048186821562239466
RAB40C,0.000481842198728251
RP11-556G22.2,0.000481683097398203
OR9A2,0.00048156337363389743
HAGLR,0.0004815038539415022
RP3-510O8.4,0.0004814630573313636
RPL29P24,0.0004814579461199724
ABHD17AP6,0.00048127908726017823
CTD-2171N6.1,0.0004812083681471759
GS1-124K5.8,0.0004812083601899172
DYNLL1P4,0.0004810493019943775
RP11-546B8.3,0.00048089166868700567
C8orf82,0.0004808819474550096
RP11-677M14.3,0.0004808061796941311
RP11-129M6.1,0.0004808006896006436
C1QBP,0.00048074361431356676
AC002116.8,0.00048067946311615135
MIR892C,0.00048066368374456286
NANOGNBP1,0.00048063997613026683
Y_RNA,0.0004805984106647946
TENM3,0.00048055301242831965
RP11-661C8.2,0.000480550229834929
SNORA31,0.0004805102057861217
LINC00402,0.0004804462089768808
RP11-106M3.5,0.0004803106205405838
MUC2,0.0004803067512846274
AC079612.2,0.0004802233719682499
RP11-70F11.7,0.00048022093990428044
GABRG3-AS1,0.00048011757364868564
MTND4P3,0.0004801142621718663
LINC01614,0.0004800879926934753
RP11-219B4.3,0.00047991463452199946
PPP2R2B-IT1,0.0004798390336233461
RP11-439M11.1,0.0004798208518696067
DNAJA1P5,0.0004797686932240853
RP5-981O7.2,0.00047917374911081353
RPSAP38,0.00047910185629004414
RP5-944M2.1,0.0004790523040597859
LINC00294,0.0004790172460851791
RP11-542G1.1,0.00047900225314033386
RPL12P9,0.0004789591197747784
PCDHB14,0.0004786883571986413
AC104532.2,0.0004784863741360081
RP11-404O13.4,0.00047841740357107583
RP11-175P13.3,0.0004783365768906064
RP11-459F6.3,0.00047829617578682744
KLHL30,0.00047807203676604665
RNA5SP405,0.0004777290631310934
TMEM211,0.00047766014482324934
RP11-177G23.2,0.00047754023153213785
RN7SL468P,0.0004774510250605354
LY6L,0.00047743759268962583
RN7SKP256,0.0004773315514766921
CTAGE14P,0.00047731641942060007
RP11-305E17.4,0.00047725593582398953
LY86-AS1,0.00047716976238848237
TCEB2P1,0.0004771039646919216
RNU6-294P,0.00047691204149596375
RN7SKP15,0.0004768590841812515
RP11-966I7.2,0.00047681625587077224
HNRNPA1P52,0.00047681071724032636
RP11-99A1.2,0.00047680038218392913
CTD-2095E4.4,0.00047649146362716764
RP11-444P10.1,0.00047645252159701963
RNU6-847P,0.000476450407804237
RIN1,0.0004762203447628126
KRTAP5-3,0.00047614311118947505
U3,0.0004755004690324619
RNU6-1147P,0.0004751955407975759
RTP3,0.0004751756266227214
RP5-952N6.1,0.00047501327192950267
RP11-686D22.4,0.00047497670766366725
RP11-360K13.1,0.000474957084997162
MT-TR,0.0004749022613883058
LINC00547,0.0004748831489868515
CYCSP49,0.00047467129706069616
ABTB2,0.0004746184351395036
RP11-167B3.3,0.0004745902979835873
VIS1,0.00047453362265163036
AC004125.3,0.00047438685768022603
URAD,0.00047409208980226677
RP11-613F22.6,0.0004739820550606852
KRTAP17-1,0.0004738475074989659
Y_RNA,0.00047371652124019256
RP13-128O4.3,0.0004736194035128045
AC015849.12,0.00047361809111905726
LINC01186,0.0004731013031719023
RP11-1348G14.6,0.00047309582713395593
SNORA74A,0.000472995194049115
AC092628.3,0.00047274548622672723
RP11-861E23.2,0.00047261703335085847
UQCRHL,0.0004724573162442421
ATP5E,0.00047240068906636234
TIMM13,0.0004722266933606045
SNORA9,0.000472213179087627
AC106874.1,0.0004720636479542255
RP11-145M4.1,0.00047199085871319494
RSL24D1P9,0.0004719880593852983
RP11-325I22.3,0.00047194856208888274
RP11-805J14.3,0.0004716690507245478
RP11-213G2.5,0.000471459759137043
RNU6ATAC42P,0.0004712765106698179
RP11-229P13.25,0.0004710246894115779
RP11-178H8.2,0.000470876194368996
MTDHP2,0.000470865224776217
RPL19P20,0.0004707797902049206
AP001468.58,0.00047070525278256547
RP11-516A11.1,0.0004706826242522562
CICP10,0.00047050215206247305
RP11-192H23.8,0.00047039762830307504
BCAS2,0.00047030496839451177
DUXAP5,0.0004701814111847097
RNA5SP151,0.00046973834033880687
RN7SL499P,0.00046967241173152385
RAD17P2,0.0004696205396829488
RP11-537P22.2,0.0004695559422421378
MT-TG,0.0004695312448606876
RNY4,0.00046947516957220563
RP11-526A4.1,0.00046936823797164836
AC012065.4,0.000469272089520571
U8,0.0004691495587095336
MIR215,0.00046885068641507055
AQP8,0.00046884902129986164
RP11-252E2.2,0.00046863496940988825
RP11-96K19.2,0.0004683498596579313
CTD-2583P5.1,0.00046830590479929275
RP11-257O5.4,0.0004681283071044588
SPINK4,0.00046804134888932654
ELMO1-AS1,0.0004680227955192759
AF277315.19,0.00046801934361706245
TMSB15A,0.0004679781770522372
SNORD116-13,0.0004678842587527509
AJ239322.1,0.0004677037851570066
RP11-15B24.1,0.00046769896864065164
RP11-402D21.2,0.00046763279361551385
RP11-577H5.5,0.0004675712974717526
HS6ST3,0.0004674721806443026
MIR3648-1,0.0004672589757162063
GUCA2B,0.00046717630719704127
AP001042.1,0.0004670366980392464
SNORA62,0.00046695865192219
RP1-79C4.4,0.00046681164119078496
RP11-758P17.3,0.000466723003255294
RP11-490H24.5,0.00046670587469691823
RP11-358B23.7,0.00046668408105612327
C2orf83,0.00046652375174046365
RP3-486I3.7,0.0004663293822846033
RP11-134E15.2,0.00046617352535643886
RN7SL680P,0.000466130527380545
TRIM36-IT1,0.0004660486635183807
RPL23AP27,0.00046600153270480617
RP11-899L11.1,0.00046574775775500466
RPL21P67,0.0004657367990052893
NAT8,0.00046563960361941645
ABCD1P5,0.0004655688792345101
BNIP3P13,0.00046552021338181724
RIPPLY2,0.0004652281861881249
RP11-46D1.2,0.0004649917302426719
SEPT7P1,0.0004649321357521599
OR4A2P,0.0004648870633618828
RP11-10A7.1,0.0004648607303172501
RP4-737E23.7,0.00046479006274749137
RP11-96B5.4,0.0004647529418363543
RSPH6A,0.0004647324599793427
CTA-407F11.8,0.000464693520245316
HIGD1AP8,0.00046468441203667814
C5orf56,0.00046463342307187755
PRICKLE1,0.0004643931903669229
DCAF12L1,0.00046396367748459237
LPIN2,0.00046394352131393714
RP5-832C2.5,0.0004638937244453746
GADD45G,0.000463755095347083
RP4-585I14.3,0.00046360704364911296
RP11-306O13.1,0.0004635200729524734
RP1-266L20.2,0.00046325031491106463
Metazoa_SRP,0.000463056445551851
ITPKB-AS1,0.0004630271565604794
RP11-574O7.1,0.00046296522937417257
RP5-1016A21.1,0.0004628618350953335
NPAS4,0.00046281026458248024
RP11-60L3.3,0.00046260836593768314
RP11-787D18.2,0.00046259912232900164
ZNF570,0.0004625878284251447
RP11-66B24.9,0.00046254275401785356
GCSHP1,0.0004624564416746998
TUBB8P7,0.00046240854424038505
CDHR4,0.00046221957690303396
RP11-345P4.6,0.0004621722724457835
MLF2,0.0004619616732700749
MIR4643,0.00046190531354000383
DLGAP1-AS3,0.0004617559293293893
RP11-463J10.2,0.0004615330123723095
PPAN-P2RY11,0.00046147285776143083
AC009052.12,0.000461325724205113
RP11-133N21.12,0.00046120576699242125
AC073476.1,0.0004611729594530696
CAMK4,0.0004610253998518189
MLLT11,0.00046101830685871405
RP11-196B3.2,0.0004607279780232539
MIR6867,0.0004606407520524502
LINC01036,0.00046051970967646625
SPDYE12P,0.00046028303881059463
ZSCAN16-AS1,0.00045996946596418316
RP13-487K5.1,0.0004599478080428468
FEM1AP3,0.000459579923651197
RP11-113E21.3,0.00045954118755293406
RP11-388N2.1,0.00045939230768264215
SPATA31A6,0.0004592867144700281
Y_RNA,0.00045920687472915964
PCDHB8,0.00045915686632862863
KRT8P14,0.00045910587589976707
RP11-143K11.5,0.00045863692601784666
TTC30A,0.00045859200340273086
RP3-425C14.4,0.0004585753116387285
CYCSP24,0.00045850320692911547
AC009120.11,0.00045840491040757933
XRN2,0.0004583299480322691
MIAT_exon1,0.00045828363455136656
SPCS2P2,0.0004580731663709648
HIST1H1E,0.0004580456052155293
MIR3194,0.0004580256510087757
RN7SL767P,0.0004577536288607723
RP11-561N12.2,0.0004577187572775069
CYP4F26P,0.00045766129380399
RP1-197B17.5,0.00045752001609476847
RP11-138I18.1,0.00045742915989044434
RPS29P4,0.00045739474250794447
RNU7-127P,0.0004573628492851503
HMGN1P35,0.0004572937641266967
BARD1,0.00045725623952086084
RP11-561N12.6,0.000457247995761218
Z69720.3,0.0004569836522544765
RP3-520B18.1,0.0004569330181488433
AC092652.1,0.0004567957692316738
ORAI3,0.0004567927938972647
GAS2,0.0004566199283224461
RP11-343C2.10,0.00045659264983051597
CTXN2,0.00045644040720407836
RP1-127D3.4,0.0004562361598281169
RP11-149I9.2,0.00045611558018557205
RP11-69J7.1,0.0004560879241646807
ATP5LP5,0.00045597101337647327
SAPCD1-AS1,0.00045596540050025244
CTD-3162L10.4,0.00045593342724882513
CTC-451P13.1,0.0004559101191795305
RNU7-18P,0.0004558282204714001
RP11-445F6.2,0.0004556656451723522
RP11-774D14.1,0.0004554136277283495
RP11-466H18.1,0.00045532347720756
AC011525.2,0.0004551416244882886
GAS2L3,0.00045503825689678694
EEF1A1P39,0.00045487913773660044
WARSP1,0.00045486447961808985
PLEKHO2,0.0004548090225478506
MARK2P15,0.0004546727336914087
CH507-513H4.6,0.0004545679941890081
RNU6-216P,0.0004542235010784026
SNORD32B,0.0004540713260159228
RP11-529A4.12,0.00045380260848005346
RP3-434P1.6,0.00045373144123908577
ZNF677,0.00045370954460946896
KRT18P46,0.00045364211873874326
RP11-555M1.3,0.0004534963362034979
CFAP57,0.00045320610129235905
AFG3L1P,0.0004531721697301404
RP11-83B20.8,0.000453133830184793
CTB-186G2.1,0.0004529782413655543
SIX4,0.00045290684265271566
CTC-523E23.11,0.00045286850946394953
ZNF735,0.0004527395010448009
AC011754.1,0.0004525039488068384
RNA5SP132,0.00045246398121361216
RNU6-43P,0.0004524162019843237
KRT73,0.0004523098551798249
FTH1P5,0.00045225669789124913
RP11-243J16.7,0.0004521059229418915
RNU6-91P,0.00045192441987159705
CD226,0.0004517637173188872
RP11-299M14.2,0.0004515389323956229
GPR152,0.00045127725679547766
MAL,0.0004512168584078873
AC002480.3,0.0004511526787815927
RP11-402P6.9,0.00045112454687588704
AC073464.11,0.0004510550985342761
LINC00421,0.0004509633730701853
CTD-2587H24.5,0.00045082061641755415
RP11-521M14.1,0.0004507429091014923
OR9I3P,0.00045073411100086475
FAM204CP,0.0004505232542801102
Metazoa_SRP,0.0004504401868032305
LCE2A,0.0004504147696182899
CCDC160,0.00045034791629572737
ALG3P1,0.00045026866543577726
IPMKP1,0.00045021862037615524
RP11-154D3.1,0.0004501080722816832
Y_RNA,0.0004499524137715753
RNU6-512P,0.00044984253028192687
MIR212,0.0004496658726371417
SLC25A36P1,0.00044956762372252345
RPL18AP2,0.0004494005201363458
MTCO1P54,0.00044934561727525275
MIR1200,0.00044924688253436713
CTD-2623H2.7,0.0004491169827260771
CTB-39G8.2,0.0004489141989068016
XXbac-B476C20.11,0.0004483808812739973
RP11-219G10.1,0.00044837480602774295
RP4-560B9.4,0.00044819433253903424
RP11-126K15.1,0.0004481512372270853
LSM4,0.0004481066796868174
MIR181B1,0.000447850077068016
AP001471.1,0.0004477940304084219
CTA-212A2.2,0.0004477898916196919
JAKMIP2-AS1,0.00044772079842553855
AL022578.1,0.0004476948549439948
DEFB112,0.0004474028471630464
HLA-DRB1,0.00044728674467850736
RP11-394O4.3,0.00044711699679812777
CTD-2576D5.2,0.0004470114527573137
RNU6-446P,0.0004464869654404913
MIR3134,0.0004464806521009541
RP1-69M21.2,0.000446467269951163
AC010240.3,0.0004464500692649242
VPS26BP1,0.00044636678448380226
DUXAP1,0.0004462459955559701
RP11-710C12.1,0.0004460578984908553
RNASE9,0.0004459731404826552
KRT79,0.00044567708197556583
LTV1P1,0.00044551120036375694
CRYGC,0.00044535978777049276
EEF1A1P27,0.00044533130454114847
RP11-785D18.3,0.00044527260779556055
RP11-267N12.1,0.0004450515030466028
SRY,0.00044497212751703157
Y_RNA,0.00044490840255707566
RP11-480D4.7,0.0004448172324710692
RP11-317M11.1,0.00044479432754656386
RP11-442N1.2,0.00044448359238939125
RP11-44N21.1,0.00044443525182281707
LETM1P2,0.0004443817104398866
RP11-345F18.1,0.00044420948503725715
SLC25A35,0.0004441841669184375
TRDV3,0.00044405584663568414
AHCYP2,0.00044398994064014324
UNC93B7,0.00044379066513970536
RP11-107C16.2,0.0004435780804051393
RP5-1052M9.1,0.00044357314106815613
SLC20A1,0.00044346442970389396
RP11-123O10.3,0.000443418337482317
CCDC77,0.0004430526598669424
RHOXF2,0.00044293900066186655
PCDH9-AS1,0.0004429240983754812
ANKRD49,0.00044283348276427306
RP11-354I13.2,0.0004426311896940102
RNU6-665P,0.00044257638912474683
CFAP45,0.0004424163289655434
MIR510,0.0004424085466782817
DSTNP1,0.0004420546422905262
HEY2,0.00044191090519316397
RP11-387A1.6,0.00044189386762396085
KB-1552D7.2,0.0004418525389733781
MTUS2-AS2,0.00044178263697819203
RPS18P9,0.00044175368969885583
MIR190A,0.0004416970196245657
HEXA,0.0004415833042328874
RP11-734B5.2,0.0004415588339077543
RP11-178C3.6,0.00044150070287291183
CTC-297N7.7,0.00044146316680576263
RP11-192C21.1,0.0004413852375534558
RP11-498B4.5,0.00044104521497694455
AP001058.3,0.0004409617336556143
AC002511.3,0.0004409405845298022
RPL23AP90,0.00044093192029645036
TCF3P1,0.0004408757197326032
GAPDHP68,0.00044075341493966797
ST14,0.0004405240793986609
CYP27B1,0.00044007671796827665
HSD3BP4,0.000439851061065525
RP11-374M1.10,0.00043957218932924147
RP11-523O18.1,0.0004394379234316156
RP11-298E2.2,0.00043939976921240643
HOXC8,0.000439358508766167
CABP1,0.00043922474094576676
LINC01505,0.000439212532795499
ZNF571-AS1,0.00043904653554805324
AC091633.2,0.00043890234894026125
ACTL8,0.00043883837599885763
HSPA8P16,0.0004388279110938219
CTD-3099C6.5,0.0004387231250629132
BCRP1,0.0004386432812809667
TMA7,0.00043855767979929396
RP11-139I14.2,0.0004382949713375059
RFX1,0.0004381332600375946
CTD-2526L21.3,0.0004380697456097888
RNU2-15P,0.0004379103446182245
NUP210P3,0.0004376136183450927
RP11-649A18.12,0.0004376126998059564
RN7SL493P,0.0004374194448155595
CH17-53B9.4,0.0004373900737033766
AC114814.4,0.00043738187661398814
ANKUB1,0.0004373695615333479
AC135178.7,0.00043712552376081533
RN7SL652P,0.00043710321862279716
SULT6B1,0.00043694246697978975
LINC00176,0.0004368014496112302
CTD-2058B24.3,0.00043659433063517343
PKN3,0.00043653324130620865
SNORD115-14,0.0004364857092099848
RP11-64B16.5,0.00043643155337699807
AC110602.1,0.0004361319968522836
PLBD2,0.0004361033920587507
ATP5G2P4,0.0004359873897067022
CTD-3028N15.1,0.00043596217728898067
RP1-269M15.3,0.00043581432156472144
AC064834.2,0.0004357688068945551
RP5-1033K19.2,0.0004354103963042767
AC068538.2,0.00043537619562503826
RP11-552O4.2,0.0004353382149502547
AC093159.1,0.00043512753503610385
RP11-798K23.3,0.0004350599586236513
NAT16,0.00043504448634040273
Y_RNA,0.0004349266445326837
BNIP3P28,0.00043490454187876843
RPL9P21,0.00043489892467667694
DKKL1,0.00043489515110676363
HTR3D,0.00043489463125469106
SLIRP,0.000434466259848008
BCL7A,0.0004344364982088211
RNU5A-3P,0.0004342370538453498
Z82214.2,0.0004339636113226955
VWC2L,0.0004339108413386584
RP11-197K6.1,0.0004337974789872275
RP11-395G17.1,0.00043379372159209356
RP11-9L18.2,0.0004335296115973504
AC007969.4,0.0004333815933790883
RP11-725G5.3,0.00043319012657207885
RNU6-969P,0.00043317008063007003
MIR578,0.0004330577795963535
OR11H4,0.0004329176244216785
RP11-274M17.3,0.0004326513049433314
OR3A2,0.0004325502342840549
CLDN24,0.0004324703688832881
RP11-93O14.3,0.0004322117557413226
CTD-2035E11.3,0.00043217596837528694
SIX2,0.000432096516563427
CTD-2162K18.4,0.00043177596437206605
RP11-62H7.3,0.00043171386367820205
OR13C7,0.0004317113480806601
RP1-190J20.2,0.0004316926827915696
PHBP21,0.00043164050580752136
AC083867.4,0.0004316325974048811
PATE1,0.00043152719125878563
RPS26P39,0.000431457034430174
PHF5A,0.0004313825762720818
AL157359.4,0.0004309668978754522
AD000091.3,0.00043094104824688056
THAP12P1,0.0004309033525871017
SLC29A4,0.0004308361305594841
MIR33A,0.0004307569295938566
CTC-548K16.2,0.00043062524097696887
RP11-35L17.3,0.0004305988964250081
AC006296.2,0.0004303717884663644
AC093390.1,0.0004302527661668354
CDC42EP1,0.0004302106005836372
OR1L1,0.00043012248570748184
AC005301.8,0.0004300805728808238
RP11-87O11.1,0.00042981663509636126
RP3-474G15.1,0.0004297301664568167
RP11-277J24.1,0.00042960313311821266
RP11-160C18.2,0.00042937144442782164
RP11-124N19.3,0.0004292942151171227
OTOS,0.00042915763080038415
OR2W3,0.00042910002599435475
RP11-20B24.5,0.0004289107171880915
CTA-38K21.2,0.00042883641674356185
AL163953.3,0.0004286126647627311
AC090044.2,0.00042859879324708947
RPSAP49,0.00042857578003775677
RP11-474N8.9,0.00042849483069263146
KRT18P44,0.00042826009136649214
AC003973.3,0.00042825572846179793
TRMT112P2,0.00042824637823367004
LINC00404,0.00042813489629387255
PABPC5,0.00042803591065702456
RP11-331H2.4,0.0004279217950194589
SLC6A17,0.00042784795526002584
AC007389.2,0.00042780347234613246
LIN28A,0.0004277037663592386
NF1P3,0.00042735081806264275
PARG,0.00042721301645373894
RNU6-125P,0.0004269658840663498
ZNF99,0.0004264370153331557
RP11-9N20.3,0.0004261682281549135
RP11-48B3.5,0.0004259929885646747
RP11-549B18.1,0.00042591595854426606
RP11-15I11.3,0.0004258483100594578
AC000081.2,0.00042566376684684146
RP5-875H3.2,0.00042557401859287595
ENO2,0.0004254010057310771
RP11-775J23.2,0.00042531887803257996
RP11-458J1.1,0.00042529266575405477
CFL1P6,0.00042528272099271743
IFNG-AS1,0.0004252421970992285
RXFP4,0.00042504623244986995
NXT1P1,0.00042483969190791284
RP11-216P6.2,0.000424759080917724
CTSLP6,0.0004244306020112308
GIP,0.00042434532522225485
LINC00240,0.00042428853069029237
CTD-3187F8.15,0.00042427664563854053
AC008132.15,0.00042421355011639937
AC016909.1,0.00042416592196210215
RP11-21A7A.2,0.0004241043881618787
RNU1-11P,0.00042409928573858166
XXbac-B562F10.12,0.00042406104557029606
FAM110C,0.0004240433331470037
GAPDHP14,0.00042355054773682375
RHEBP2,0.00042336076936819026
RP11-953B20.1,0.00042305831447551434
VPS25P1,0.0004229770840412922
RP11-286M16.1,0.0004229476978285622
AL121578.7,0.0004228740989445279
Metazoa_SRP,0.0004226627567735924
GTF2F2P1,0.00042259861255362837
CTD-2210P24.2,0.0004225368685007694
RP11-116B19.2,0.00042237135019523164
RP11-430K21.2,0.0004223675492328753
AC024592.12,0.00042234454446818994
RN7SL125P,0.00042232725436178664
PGBD4P3,0.00042214007181961514
MIR569,0.00042181146257407433
KRTAP5-11,0.0004217543688556222
RAB14,0.00042161057745204505
MLLT1,0.0004215605174139876
SMCR2,0.00042149917066931704
TPT1P11,0.0004214049975376806
MIR124-2HG,0.00042138766514659726
RNU1-63P,0.0004213333258225568
RP3-428L16.2,0.0004212128318540069
AC108448.2,0.0004211652820924959
ARL17B,0.0004210324369925349
AC011288.2,0.0004210086072684906
AC073326.3,0.0004206721833715189
RP1-136J15.1,0.00042047170747933733
RNU6-1054P,0.0004204040048898437
LINC00381,0.0004202689669024903
RP11-533K9.3,0.0004200597192053899
RP11-548K12.4,0.0004199965037445965
EGLN2,0.0004198478357859621
PTTG3P,0.0004198433065461529
RP11-862P13.1,0.00041978276576860093
FLJ31356,0.00041969284564051355
ZNF471,0.00041956099132008746
RP11-101E3.5,0.000419462282213302
FOXB1,0.00041938725641439955
TLCD1,0.0004193045294977604
CTD-3137H5.1,0.0004188653415980335
AC092570.1,0.00041876807566378196
CYP4F25P,0.00041873232363118137
SKOR2,0.00041862341789369525
RPL13AP23,0.0004185353934039211
GYG1P1,0.00041849223876702445
DOK4,0.0004184775750029053
RP11-563H6.1,0.00041845693999191324
RP11-5N19.3,0.0004180903227609631
RP11-537H15.4,0.00041804920827582967
AC005481.5,0.000417801077843172
CITF22-24E5.1,0.0004176085513961407
RP11-395C3.1,0.0004174822876161144
SLC17A1,0.0004174420791976097
AC009264.1,0.0004172550854017658
KRT83,0.00041724556266493494
COL18A1-AS1,0.000417210930714061
LINC00972,0.00041720381737917107
ARHGEF25,0.00041696227539575915
CROCCP5,0.0004168601517666529
SNORA22,0.0004166065693536505
L3MBTL3,0.0004163827044877064
CYP4A22-AS1,0.0004162908071052458
AC114755.4,0.0004162211677441966
AC008834.1,0.0004161258736156434
KCNJ10,0.00041584428277019285
NSRP1P1,0.0004155605804823825
AC004051.2,0.00041543273968759305
SUZ12P1,0.00041517060804149495
RP11-726G23.11,0.00041515379863003523
CTC-258N23.3,0.00041506788055394636
MIR3663,0.00041504656043191834
CTD-2146O16.1,0.00041496375161507976
OR2L9P,0.00041493280101554086
AP1B1P1,0.00041482939976053454
RNU6-828P,0.00041469198820683604
RP11-883G14.3,0.00041460619018080045
CH507-216K13.2,0.00041451370598097803
NPM1P14,0.0004144947196651811
ZNF277,0.00041426063485417775
RN7SKP70,0.0004142386798758925
URB2,0.00041422370406302237
RNU1-94P,0.0004141173347809909
RP11-3D4.3,0.00041411599525419015
RP11-863P13.3,0.0004140383501542973
CCKBR,0.0004137604287412829
AC010907.2,0.0004135539000931164
MAFTRR,0.00041342864151038363
U3,0.0004133415381919475
Y_RNA,0.0004133078585024396
SPDYE3,0.000413069396608034
Y_RNA,0.00041304794738967777
MLN,0.0004129654043015944
SNORA23,0.00041274768636046226
MIR889,0.0004125082113488873
RP3-366N23.4,0.00041244604016866393
MIRLET7DHG,0.0004123433123036656
RNU6-1167P,0.0004120290057823904
RP11-274J7.2,0.00041197763550124365
PPP1R37,0.00041190804274164003
RP11-434D2.3,0.00041188162059857276
TTLL11-IT1,0.0004117811337935445
H3F3C,0.00041175247283524105
LEF1-AS1,0.00041169279474893145
LINC00342,0.000411477611681174
SNORD113,0.00041142663506557706
RNU6-646P,0.0004112991505587507
HMGB1P36,0.0004112970350658015
MTND4P29,0.00041124927178948575
RLN3,0.0004112317967299833
SLC30A10,0.00041116187425108716
NEUROD4,0.0004110677417721304
RP11-35O7.1,0.00041095627821659
ANKRD45,0.0004107450644288561
CYP51A1-AS1,0.00041068338040367125
MIR6781,0.00041060790857453576
SNX18P7,0.0004105516597458001
DUXA,0.00041053066863015356
RP11-35O15.1,0.0004104839647546282
FAM155A-IT1,0.00041041607189110834
RPL12P23,0.00041031795316681804
RP11-651P23.4,0.0004103086006661202
FOXD4L6,0.00041022799218293535
ODF3L1,0.0004100546349352471
SNORD113,0.0004097969791804373
TSHB,0.0004097253446086608
PGGT1B,0.000409724973564346
GPR6,0.0004096687847960982
RP11-163O19.10,0.0004096431078667088
CTD-2083E4.7,0.0004095619512521365
RP11-830F9.5,0.00040951460206468016
LINC00462,0.00040949563872697003
RPL7P47,0.00040943879233486144
LINC00200,0.0004093746159594409
OR13Z2P,0.0004092457552956916
RP11-493G17.4,0.00040923269000933633
MIR412,0.00040921760051236853
RP13-753N3.1,0.0004090752058473207
CTC-546K23.2,0.00040897696011404184
HOXB6,0.00040853869937810953
RP11-272L13.4,0.0004085325635540233
HOXB7,0.0004081883014825613
DAPL1,0.0004081707223130604
FGFR3P1,0.00040809903311044346
RP11-543H23.2,0.000407659551666199
SNX17,0.00040761013130363976
TRABD2B,0.0004074062694784847
RP11-753B7.2,0.0004073354374025087
RPL23AP50,0.0004071919133871243
RN7SL414P,0.0004071499343201112
OR1R1P,0.00040706214493242183
TSPAN19,0.0004070253131627259
ADRB3,0.00040700369495519037
Y_RNA,0.00040691980353655695
RP11-350N15.5,0.0004068200579771835
TAS2R40,0.0004067662891054574
RP11-138H10.2,0.00040671830673791234
RANP1,0.00040667933665779915
SLC9B1P2,0.00040650749287337505
DSG2-AS1,0.00040639333913246626
AC106876.2,0.00040631558452527847
LINC01056,0.0004062776806310451
MIR1252,0.0004062088069411236
CTD-2410N18.4,0.00040614223230685134
ABCB11,0.0004061232661089518
RP11-718O11.1,0.00040591246194749894
RP11-488P3.1,0.0004057598628442166
RBM22P7,0.00040572951596720073
RP5-1115A15.2,0.00040568115967021967
MIR2116,0.0004054958896065237
RP11-35J10.4,0.0004050565424777659
RP1-156L9.1,0.0004050458197462913
PEBP1P2,0.0004050217544348029
RP11-490G2.2,0.00040495561091881437
RP11-459O16.9,0.000404761729006146
ELOVL3,0.00040461508432749344
RP1-60O19.2,0.0004046108612434647
CTC-304I17.5,0.00040453074083589513
TDRD15,0.0004043282015622239
LINC01258,0.00040371307197843443
RN7SKP266,0.0004035399418936043
RPEP5,0.00040349416799342024
VN1R6P,0.00040345315292616
RNU1-67P,0.0004034250987524209
SNORA53,0.0004034101818517609
LINC00315,0.00040328234269010717
GOT2P1,0.000403214009642416
CAMK1G,0.0004027431585160889
CTD-3185P2.1,0.0004026571265035263
RP11-326E7.1,0.00040259374811654574
RP11-369E15.3,0.000402462666867616
RP11-54O15.3,0.0004022946768120081
RP11-736P16.1,0.0004020807265504637
SMU1,0.00040185508677015617
RP11-339F13.2,0.0004013285172326453
RP13-210D15.8,0.0004011756932779154
MGC39584,0.00040085763048616074
MIR765,0.00040082383060945304
KIRREL3-AS3,0.00040077822884469424
MIR5688,0.00040073413943615184
MIR9-1,0.00040064024452204683
RP3-406P24.5,0.0004004869729656523
SYT13,0.0004004301354135707
HIST1H2AB,0.00040011760874774694
RP11-4N23.1,0.0003997898704198704
ALG1L3P,0.00039964193280792243
RP11-90D4.3,0.0003995629868776708
RP11-456I15.2,0.00039955257554054156
RP11-200A1.1,0.0003993059466419187
RP11-302I18.1,0.0003991261955490885
KCNQ1-AS1,0.0003990771027093404
GLRXP1,0.0003988887255681055
SLC25A5P6,0.0003987904542569422
RNU5B-2P,0.000398644011664271
AC016700.4,0.00039851774814526696
UBE2E2-AS1,0.0003983667481790878
RP13-735L24.1,0.0003982500830571855
RNU7-107P,0.00039824329101391826
RP11-50C13.1,0.00039815876470941696
RP11-354K4.2,0.00039806110207461776
CLCN3P1,0.000397963608682521
RP11-324F21.1,0.00039787049075448196
RP11-302F12.10,0.0003978606183673812
CTC-548K16.6,0.00039785469610342144
SLC25A1P3,0.0003977561178230624
RP11-799D4.3,0.00039723362383830917
MIR6776,0.00039720162109305017
RP11-553N19.1,0.0003971899900851074
PDCD2,0.0003970893486709614
AP000356.2,0.0003969511439306313
SPERT,0.00039690800652008494
KB-288A10.17,0.0003967638422519629
CTC-218H9.1,0.0003967620161734311
snoU109,0.0003967032711080381
CCL23,0.00039667436587225357
RP11-218E20.2,0.0003960981123154841
LA16c-352F7.1,0.0003960428415629318
LINC01346,0.000395831057674106
AC069368.3,0.00039579346442894666
PPP6R2P1,0.0003956599827854812
RP11-113K21.3,0.0003956499755309956
RNU6-540P,0.00039561606107314426
AC005606.14,0.0003955101971278663
EDDM3A,0.00039541269307597567
RNU6-720P,0.0003953959044962327
RP11-5A1.1,0.00039523286246514414
snoU13,0.0003951407481633455
RP11-259G18.1,0.00039500188007415355
CTC-343N3.1,0.0003949564639945768
PCDHA4,0.0003949531773489761
GM140,0.0003949270944609693
LCNL1,0.0003948892082255972
RPL15P20,0.0003948064749766262
RP11-356O9.2,0.00039458378991109324
RP11-1396O13.2,0.000394581810655851
OR7E15P,0.00039457487797362703
SLC25A51P2,0.00039448551256281096
CTD-2292M16.8,0.0003943441128667623
SIX6,0.000394268868777945
RP4-539M6.14,0.0003942143504849686
RP11-365P13.5,0.0003941706111510038
MIR409,0.00039416739852777703
RP11-49G2.3,0.0003941032059418906
RNU6-892P,0.00039354290155987285
RP11-478P10.1,0.0003935419120407523
RNU6-479P,0.00039319857647311706
TMA16P2,0.00039299606006980373
RP11-434P11.2,0.00039298795012922624
KRT32,0.0003929823219656538
HADHA,0.0003929089964361652
RNU6-501P,0.0003928625708262519
RP4-749H3.2,0.0003928186356384185
LINC00911,0.00039274826775359425
RNU6-1109P,0.00039244294801586065
RP11-358H9.1,0.0003923190077342222
AC007392.4,0.00039227735247191473
RP11-709A23.2,0.00039226282630531746
RP4-654C18.1,0.0003921861345664075
RP11-556I14.2,0.0003918729822154995
HIST2H2AB,0.0003917766253390579
SYCE1L,0.00039176644595478524
OR2A7,0.0003916078938375532
RN7SL482P,0.00039128958435126227
MTCO3P4,0.0003912112391028463
AF038458.4,0.0003911433922677955
RP11-545A16.4,0.00039102147879011516
RP11-534L20.4,0.0003907759264069941
RP11-436D23.1,0.0003905868280312324
CEP135,0.00039057159460725936
CEACAM22P,0.0003905010432336681
FLRT2,0.00039022379080779553
RN7SL440P,0.00039022209533658863
RP11-120J4.1,0.0003901717765944604
ESRRAP1,0.0003900507437905947
AC147651.1,0.00039000784915032714
XXbac-B562F10.11,0.00038984824104676364
EEF1DP3,0.0003897975600845275
RP11-301L8.2,0.00038979269342623334
JARID2-AS1,0.0003894872248500221
SLC35E3,0.0003893508046245738
HMGB1P37,0.00038933803520244586
CTC-471J1.9,0.00038930412496507316
WWP1P1,0.00038919607014897714
RP11-244G12.1,0.0003891697897544001
DDX11L10,0.0003891638931796236
TRAJ39,0.000389139693721018
AC005077.7,0.00038903504284671427
PNMA6B,0.00038894355855848396
HIST2H3D,0.00038888344218431095
RP11-100E13.1,0.00038864019569897427
SDHDP2,0.00038856670247684885
MIR6856,0.0003884397227096687
AL590762.7,0.0003880854377604065
RNU6-930P,0.00038794916785336837
NPM1P34,0.00038794378266163084
FMN1,0.000387923974970507
CTC-398G3.6,0.0003878702190343117
PHC1,0.00038781679201358045
RP11-676J12.9,0.00038776322506337945
LRRC72,0.000387593604858916
SCARNA18B,0.0003875023740490142
KRT25,0.0003873064874737382
RN7SL466P,0.00038727583355066954
AC006994.1,0.0003871700659353516
PCDHA1,0.00038716699619588044
RP11-317J9.1,0.00038709548311559246
RP1-90J20.14,0.0003868581149443986
AC068279.3,0.0003867503999495988
RP11-531A24.3,0.0003866901791224627
TRAJ1,0.00038633345780556314
RPL23AP10,0.0003860570079355239
RP11-366M4.18,0.0003859581011505356
MIR6858,0.00038589557026097996
RP11-716H6.2,0.0003858103962811723
SRGN,0.00038573428972360523
MIR6807,0.00038557159972535854
RP11-803B1.3,0.0003853512427433385
RNU4-87P,0.0003852778749733243
SNORA48,0.0003849869279350048
RP11-404I7.1,0.0003848590063330701
PLCXD2,0.0003846553029349054
IQCD,0.00038457893005112775
TOPAZ1,0.0003845599872778372
PSMD10P1,0.00038452619766091736
CTC-453G23.7,0.00038429632806774285
RNY1P9,0.00038427304499661096
RP11-1060J15.3,0.0003839522002080141
RP11-127B20.2,0.00038389911018547423
RP11-560A15.4,0.0003838574915518734
CD69,0.0003838493201599411
RP11-349G13.1,0.0003835697505360451
BCL2L2,0.00038351931063287074
KCNMA1-AS3,0.0003834259550390291
MIS18A,0.0003830600735407016
RP11-513H8.1,0.0003828870699776262
RP11-358M14.2,0.00038259519563703327
CTB-17P3.4,0.0003823478844892934
RP11-64C12.4,0.00038228170947555393
RP3-399L15.1,0.000381605548763282
OR9G1,0.00038157435595918967
MIR3179-1,0.0003813594828621511
RP11-884K10.7,0.0003813148905021462
RP11-317B7.2,0.0003812911596503637
MIR548AN,0.0003812614656980082
LINC00599,0.00038119134001367603
RP11-156F23.2,0.00038112841258077456
SNHG5,0.00038096628391832234
RP11-548K12.13,0.00038080908376814733
CLDN1,0.00038075965053820137
RP11-283G6.6,0.00038066628015081454
RP4-592A1.4,0.00038037144813142233
RNA5SP493,0.00038033697350209187
RP11-20I6.1,0.0003803164830779871
RP11-512N4.2,0.00038028767568644585
AC004129.7,0.0003801860349771299
U2,0.0003801173622693878
RP11-272L13.3,0.0003800850633326039
CD24P4,0.00037996776619503265
C19orf45,0.0003799506124462529
CFL1P4,0.0003797820699824622
RP11-335L23.4,0.0003795197551662737
AC003986.6,0.00037949383199041656
RP11-119D9.1,0.0003793417338141067
RP11-47J17.3,0.0003792452823349837
RP5-944M2.4,0.0003792318986131358
RP11-78B10.2,0.00037921817659670407
RP11-570L15.1,0.00037912671161029557
RNU6-1081P,0.000379124141895948
RNU7-186P,0.00037885430594563653
CTA-246H3.8,0.0003788211672224279
CCDC91,0.00037875492139528285
AREG,0.00037875173329003214
RP11-893F2.5,0.0003787439634895833
ZNF32-AS3,0.0003786780116778367
RNU6-1275P,0.00037856719404176324
AGAP10P,0.00037846411919491285
KATNBL1,0.0003783587895371869
MIR3157,0.0003783497673038517
AC007966.1,0.00037831581063596005
RP11-116O18.1,0.0003779737567595522
TCEB1P20,0.0003778721982095336
AF224669.3,0.00037781440760046003
AC090498.1,0.00037738589758933906
LINC01177,0.0003773739343237462
SRP14-AS1,0.0003773375561230722
RP11-340I6.5,0.0003772604250224595
RP1-159A19.4,0.0003769336134480879
CNTN4-AS2,0.00037660030447503085
RP11-74M11.2,0.00037644532323792513
RP11-527N22.1,0.00037625240749606954
LINC01127,0.0003761617466525029
RP11-528M18.2,0.0003759710000076941
IFNA8,0.00037574941570823995
C5AR1,0.0003754582450667835
AP000889.1,0.0003753873384885067
RP11-258F1.1,0.00037531855441600293
RP11-766N7.4,0.0003750931943456501
EIF3EP1,0.0003750876243651433
RP11-531A24.5,0.0003749202587750333
GLIS2-AS1,0.00037483648956686526
RNU6-233P,0.00037477013071968575
SLC22A9,0.0003746775435539993
CTD-2034I4.2,0.00037465540691555924
RPL41,0.00037450822460450395
TMCO5B,0.0003744909083670736
CTB-31N19.4,0.0003744264842349913
AP001172.2,0.0003742624599421099
RP11-603J24.6,0.0003742374487985683
RP5-1024G6.7,0.0003739249530643051
RP11-442J21.2,0.0003736492007747041
MESDC1,0.0003735240113935351
NTF4,0.00037344531227775343
CTD-2201E9.2,0.00037331956505948227
RP5-1119A7.10,0.0003728786627029348
AC023115.2,0.00037278587735447075
RP11-267D19.2,0.00037259324024490237
AC128709.4,0.0003722185721508096
DNM1P41,0.0003721814547201392
RP11-419K12.1,0.00037208882085488425
TUBA4B,0.0003720238962880066
PWRN1,0.0003720221412050834
RP11-110I1.5,0.0003714862664409179
ZNF716,0.00037142944693512714
PUM3,0.0003713876057529184
CTC-248O19.1,0.00037134722238840853
RP11-1B20.1,0.00037119377142096484
RP11-789C17.1,0.00037114953294314007
CTD-2330J20.2,0.0003709616444458308
RP11-367F23.2,0.00037091499799621477
RP11-58G13.1,0.0003708962065022072
RP11-395G23.3,0.000370831278159479
ULBP1,0.00037065676863300666
EXOSC3P2,0.0003706285547058722
MRPS7,0.00037057013942254363
AC006483.5,0.00037041308306547246
RP11-386M24.10,0.0003704020775213181
VN1R10P,0.00037029151515726745
KRT6B,0.0003701875250525813
RPL21P4,0.0003700560693517717
AC012531.25,0.0003700161710093945
GOLGA6B,0.00036992184204734163
RN7SL391P,0.0003697353369128305
RP11-321E8.8,0.000369731174841077
SNORD115-1,0.00036971709814030403
DNAJC25-GNG10,0.00036945810555809766
CICP12,0.000369413517206026
RP3-522P13.1,0.0003692540953521875
Y_RNA,0.0003691685541855195
OR7G2,0.0003687163848659677
MAGEC1,0.0003686905447474326
CTSLP1,0.0003684823133506503
RP11-449G16.1,0.0003684022538173728
RP13-824C8.2,0.000368378800664765
RP11-462B18.1,0.00036829315980579696
CYP2R1,0.0003681272804454796
RP11-235C23.5,0.0003681203479183965
RPL7P51,0.00036799167154833313
RP11-463C8.4,0.0003678996305304087
RP11-593F23.1,0.0003678989829794358
LINC00444,0.00036769066321889343
RP5-1125A11.4,0.0003676163942506757
RP11-775L16.1,0.00036761029558220204
Y_RNA,0.00036733291452766226
SNORA80B,0.00036722274756087795
PRSS41,0.00036701035230044877
POU6F2-AS2,0.000366601936105788
CXCL10,0.00036657044628477057
CTC-453G23.4,0.00036645842983167574
SPINK13,0.00036635828178498673
DNAJC19,0.00036615107761306615
MIR4263,0.00036612847254246746
RP1-45N11.1,0.00036604928406409984
CTD-2537I9.18,0.00036599504106745356
AP001476.2,0.0003657154776454841
AC004987.9,0.0003657148763342832
RP11-126O22.1,0.0003656979051588377
RP11-508O18.1,0.00036568921530282845
RP11-1134I14.4,0.0003656600218292281
APOC1,0.00036537392340321105
AC016683.5,0.00036533180599119944
AC104534.2,0.000365275084910937
RP11-806K15.1,0.00036501234637308864
RNA5SP199,0.0003649553075224317
RP5-1063M23.2,0.0003642821124573586
RP11-330M19.1,0.00036425198856332127
AC092168.3,0.00036387517832749784
KRT18P43,0.00036384976513721603
MIR488,0.00036366750844194103
AARD,0.00036335441567606397
CTC-490E21.11,0.0003633531413351882
COX6C,0.00036314658852954363
DARS,0.0003630557990644336
AP000290.7,0.00036260518991713606
SULT2A1,0.0003625564483616854
RP5-1027G4.3,0.00036219232753975205
RP13-895J2.6,0.0003620519578852591
HNRNPA1P33,0.0003616011009059304
RP11-120I21.2,0.0003615128935703022
SNORA31,0.000361409314942222
RNU1-61P,0.0003610865348843655
SHISA4,0.0003609996977173014
AC007682.1,0.00036098089064383034
LINC00314,0.00036091433407531396
AP001469.7,0.00036061534286292637
MTATP6P14,0.00036046383993901726
RP11-715J22.6,0.0003604044632378508
RP11-24C3.2,0.00036035612874504234
TSPEAR-AS2,0.0003599930081457537
CTC-304I17.3,0.0003598533421726935
RP11-370I10.12,0.000359688885375377
CTD-2008L17.2,0.00035960279983319793
DGAT2L7P,0.0003594091154547607
RP11-484L7.2,0.00035912889250351153
AC073628.1,0.0003591282173290557
RNU6-15P,0.000359108346236035
MIR4472-1,0.00035906786201092897
MARCH2,0.0003589248493022597
MTCO2P12,0.00035891610464698875
RP11-429A20.2,0.00035883602897041886
RP11-430H10.4,0.00035882997441250334
LINC01586,0.00035872862944862544
RP11-1166P10.7,0.00035871021170409163
RP11-255M2.2,0.0003586579059453606
RP4-799P18.4,0.00035854604646527055
FAM86DP,0.00035843843426510417
GAPDHP44,0.00035829051229919096
RP11-79E3.1,0.00035819373849250096
SAA4,0.0003580715432853329
H3F3AP4,0.00035803612447860765
RP4-737E23.2,0.00035800714751969153
CTD-2033D24.2,0.00035791596466854214
TCP1P1,0.0003578438807188225
RP11-566K11.7,0.0003577252790704505
RP11-474P2.2,0.00035765106982664946
RP11-874G11.1,0.0003576140765611861
RNU6-226P,0.0003575558046268225
EPHA5-AS1,0.00035739044738094004
MIR3613,0.0003572618103915578
AKR1D1P1,0.00035722611487192077
NTM-IT,0.00035699858031130603
RP11-705C15.4,0.0003569439749935388
KLRA1P,0.00035681206981887954
RP11-20L19.1,0.00035677124326568074
RPL7AP31,0.00035675729351012243
RP11-548K23.11,0.0003564934613498908
RP11-856M7.6,0.00035645079537326407
RP11-357N13.2,0.00035643920432135834
RP11-2C24.4,0.00035637269876266295
RP11-163O19.3,0.0003563316497276738
DCLRE1A,0.000356316225120633
C12orf80,0.00035621705144119417
RP11-216M21.1,0.00035616147262597847
FASLG,0.00035597754603398067
RP11-832N8.1,0.00035596292620855867
RNA5SP233,0.00035588757270576187
RP11-73M11.3,0.0003556626656220423
BIVM-ERCC5,0.00035546668665900686
CTD-2530H12.1,0.0003554579127008508
KIF11,0.00035542317935984
DDX3P2,0.00035523721514707155
VPS37D,0.0003550689953928355
RP11-14N7.2,0.00035485701685934046
GPAT3,0.00035453440189129535
BNIP3P17,0.0003544589450543807
SMG5,0.0003542743598923822
RP11-73M7.9,0.00035414142585834033
GJA1P1,0.000353840524759492
RP11-1236K1.8,0.00035363775135214176
GUCY2D,0.00035360698227891783
MURC,0.0003532824853562287
RP11-172F4.2,0.00035327762814332955
RP11-579D7.4,0.00035319899491713407
LINC00945,0.0003531521036737937
AC005307.4,0.0003530676296258845
CERS3-AS1,0.00035291384290173273
PKP3,0.0003528763079669364
AC245100.1,0.0003528463968587041
AC008069.2,0.00035270668992264337
RP11-632B21.1,0.0003526378696376779
PTGER4P2-CDK2AP2P2,0.0003524156114261143
RP11-279F6.2,0.0003522346634796179
AC113167.1,0.00035204585804719584
TMSB4XP2,0.0003515739256300051
RP11-505P4.7,0.0003512983947216731
RP11-415D17.3,0.00035116160938919325
RP11-18B16.1,0.00035098995885447044
APOPT1,0.0003509668236513166
CHMP1B2P,0.0003508324049001759
B4GALNT3,0.000350760963787639
RN7SL344P,0.00035069606930582394
C11orf87,0.00035066155700010554
EEF1DP1,0.00035056537807208037
CTAGE13P,0.0003504985735445819
OR5V1,0.0003504942338424849
RP11-675F6.4,0.00035034215519364007
RP11-60I3.4,0.0003501070436224501
IGHMBP2,0.00034991476083295046
RP11-121C2.2,0.0003497396117516449
NUFIP1P,0.0003495967211539999
AC011284.3,0.0003494805317523382
RP11-493E12.1,0.00034938514763742834
RNU6-199P,0.0003492032414089855
GRM7-AS3,0.00034912429957074514
EEF1A1P40,0.00034891727156137925
RP11-281H11.2,0.0003483383365539718
RNU7-60P,0.0003483205385608237
AP1S2P1,0.00034828385480977316
RP11-27M9.1,0.00034826258444573194
PVRIG,0.0003481152276671811
RP11-349F21.3,0.00034790281781238306
RP11-598F7.5,0.00034764576640749053
MIR3939,0.0003474741438342394
TRBV5-3,0.00034743052398723064
HTR1A,0.00034702975774484826
BRWD1-IT1,0.00034654413075902194
BIRC6-AS1,0.00034650408616600085
RP11-337C18.4,0.0003464183487453548
RP4-530I15.6,0.0003462927522290927
OXGR1,0.000345849150623003
TREML3P,0.00034575510778629
RP11-49I11.3,0.00034565921928166645
MIR670HG,0.0003455907933458773
OR10J3,0.0003455698389874383
RP11-763K15.1,0.0003454660055459469
RP11-513O17.1,0.0003453749776434728
RP11-35J10.6,0.0003450368253206436
GDPD1,0.0003449652035473939
RP11-831H9.11,0.0003449524396046591
CTD-3252C9.2,0.00034494877569252907
MIR30C2,0.0003448665664180387
RP11-17G11.1,0.0003448222278927494
RP11-667K14.3,0.00034430235273669873
AC003989.4,0.00034403851872858354
SDCBPP2,0.00034394890963432165
VDAC1P4,0.00034392581271512054
RP3-471M13.2,0.00034375468195192846
TEDDM1,0.00034362310163628303
CH17-351M24.1,0.00034358922061986303
WI2-2373I1.2,0.00034354871556695784
MIR7843,0.00034327880319161844
PPIAP6,0.0003432036995666594
RP11-59E19.4,0.0003426944769588532
RP13-554M15.8,0.0003425340658437691
AL121590.1,0.00034250807288462276
RP11-318K12.1,0.0003424875832639429
AC009963.5,0.00034246816174996077
RPL37A,0.00034233032799339894
HSPE1P11,0.00034222861215418425
IFNWP15,0.00034213960006161795
TRNP1,0.00034190856490015463
SEPT7P8,0.0003418878012139667
RNU6-621P,0.0003418729834800765
MICD,0.0003417378178189214
PGM5P4,0.0003415733953710773
RP11-202I11.2,0.0003412681248049775
AC012146.7,0.00034126679834284936
RNU7-9P,0.0003411754494779282
MIR548XHG,0.0003408763133819044
CTD-2626G11.2,0.00034079878578436505
RP11-1K3.1,0.0003407838541221648
RP11-848P1.5,0.0003407663727029944
OPA1-AS1,0.00034060367157414924
C2orf88,0.000340448894116999
RP11-864G5.1,0.0003401668740981025
TBC1D3P7,0.00034012683737341985
WI2-2118C23.2,0.00034005412356710794
CAV3,0.00034001100233330047
RP11-50B3.2,0.000339879238991333
MIR4665,0.00033987478492626623
RN7SKP234,0.00033983903645110134
RP11-213G21.2,0.00033981157884700476
RP11-483G21.3,0.00033959991600761785
MIR3131,0.0003395689860202917
RNF223,0.0003395007741312781
PNMT,0.0003394884238072381
OR1A1,0.00033934844083711877
RP11-168K9.2,0.0003393273428307608
UBL4B,0.0003393264254734244
LINC01537,0.00033929341647306914
RPS4XP8,0.00033927786362632337
RP11-430A19.2,0.00033919911341359963
RP5-1120P11.1,0.000338518707464246
AC234582.1,0.0003384902655449191
LINC00453,0.0003382095859341264
OR7E155P,0.0003381194238002909
CTD-2203K17.1,0.00033809505443338776
RP11-26L20.3,0.00033802897712254605
CLPS,0.0003376534984642112
XKR7,0.00033756130044301747
HOXA2,0.0003375133269069837
GPR83,0.0003373515777800577
RP11-363E6.4,0.0003373499884183272
RP11-31F19.1,0.0003370734459079065
LINC01399,0.00033681041478956575
RNY1P2,0.0003366957574771912
CTD-2527I21.7,0.00033662202743358786
TEN1,0.00033645230625308105
AC107072.2,0.00033643893394856415
RP11-307L14.2,0.00033640341408842396
RP11-398G24.2,0.00033639985224536215
PAQR9-AS1,0.0003363751178604971
RP3-468O1.6,0.0003363184130788004
FREM3,0.0003362240832209605
RP11-53O19.2,0.0003362196108323901
RP11-318G21.4,0.0003361676261033219
RP5-1031D4.3,0.0003360693468070537
HIST1H4B,0.00033605131272748174
SNORA36A,0.0003357473334691406
RP11-432J24.2,0.0003356247618398883
PGBD5,0.00033559849647889044
OR7E109P,0.0003355481125326186
RP11-411K7.1,0.0003355026249958731
FAM175B,0.00033538487954634427
TEX41,0.00033533825117457703
RPSAP14,0.0003350682858709041
AC007228.5,0.000335011987518156
RNU6-1116P,0.00033485548946063164
RP11-415I12.2,0.0003347494377658144
RPS27AP8,0.00033464645711548774
RP11-616K22.1,0.000334573106142644
RP11-96L14.7,0.0003345637095891334
HNRNPA3P12,0.00033452591489875367
RP11-826F13.1,0.000334519532260176
RP11-366M4.17,0.000334482349213618
RP11-240G22.5,0.00033447904321619245
ATP5JP1,0.0003344656164734303
RNU6-1212P,0.00033438246782272477
CTD-2135D7.5,0.0003343748486833633
RP11-131L23.1,0.0003343339445168677
CTC-457E21.1,0.0003342763433344049
RP11-385M4.1,0.0003340334666887482
TMEM37,0.00033401697104520347
CTD-2527I21.4,0.00033389435807083074
RP11-457K10.1,0.00033381274060071683
TYRL,0.0003337755085226574
AC004987.10,0.0003337718739626143
IGLV8-61,0.00033349493557771327
RN7SKP83,0.00033345331565078675
FOXA1,0.00033344858009565356
RP11-401N18.1,0.0003332240912410772
RP11-241J12.1,0.000333031284112484
FBL,0.0003328929321279719
SNX18P1Y,0.00033288105257357276
DNM1P34,0.0003327884655865136
RP11-416I2.1,0.00033276236961657634
RP11-445F12.2,0.00033275825111670783
RN7SKP276,0.00033242567649962
RP1-153P14.8,0.00033232510328695024
AC007016.3,0.00033227212023541266
LINC00992,0.0003321390647180062
OR7E94P,0.00033204599835653763
KRTAP10-4,0.0003318314112774059
RP13-228J13.8,0.00033159575852071343
RP11-621K7.1,0.0003315738549109999
RP11-712C19.1,0.0003312538033243451
IGF2BP1,0.000331199150033005
SMIM24,0.0003311787920911495
EEF1A1P13,0.0003311393483796096
RP11-445O16.2,0.0003310174207081836
EEF1G,0.0003309873713078063
RP11-333A23.4,0.00033088890164251303
DLGAP4-AS1,0.00033076633369555564
FAM161B,0.00033052993897286044
AC005009.1,0.00033047900817590397
RP4-799P18.5,0.00033030696832622974
RP3-495K2.3,0.00033015308806684035
ZNF551,0.00033001244094816104
CTD-2170G1.2,0.00033000731317407944
LINC00395,0.00032985675884924403
LINC01354,0.00032981603972191237
SFTA1P,0.00032980728494865354
LINC00387,0.0003297620753010919
RPL23AP24,0.0003294873075000114
CTC-353G13.1,0.0003293787841224167
RP1-283K11.3,0.0003292987882796341
LA16c-306E5.3,0.00032929616325526583
MTRF1LP1,0.0003292555469066517
CD24,0.0003291242814806668
HACD2,0.000329100210455073
RP11-364B6.2,0.00032895915269834695
RP11-22C11.2,0.0003288376236756641
RP11-363L24.3,0.0003287591788726548
GOLGA6L16P,0.00032873948520153546
TMEM92-AS1,0.00032854836332952723
AC009784.3,0.0003284073081475383
RP11-203E8.1,0.0003283911656365792
BLID,0.00032837164903374574
DHFRP1,0.00032823865123711264
MT-TW,0.0003281756936963168
RNA5SP508,0.0003281269123259233
NSMAF,0.0003281258429831968
AC005518.2,0.0003280962817811248
MTCO1P21,0.0003278375715424073
RP1-76B20.11,0.0003278307674422796
GLYCTK-AS1,0.00032780686606568855
RP11-150O12.5,0.00032776415399493565
AC073310.4,0.00032774353542424674
RP11-174C7.1,0.00032766111166253895
CCDC124,0.00032760453099378036
SPTLC1P5,0.00032735572813711423
APBA1,0.0003273531495760439
LINC01139,0.0003273110002836895
RNA5SP460,0.00032721559698384203
RP11-299D14.2,0.0003269813413702704
RNU6-1039P,0.00032680908486040175
TGIF1P1,0.00032650827539668705
RP5-1050D4.3,0.0003264941069394431
RP11-386M24.9,0.0003262312299287572
HSFX1,0.0003260089527633867
RP5-1028L10.2,0.00032579835738166303
ZNF10,0.0003257022996184076
SERBP1P6,0.000325645104361607
CTD-2313J17.1,0.00032563543798317095
ACR,0.00032554776196277557
LINC00339,0.00032543679003535557
CTD-2201I18.1,0.0003253861936298647
RP11-33M22.2,0.000325377484404902
RP11-242P2.2,0.00032524813593635504
MIR663B,0.00032522279267472887
LINC00254,0.0003249449898119633
LINC01250,0.00032459126230909973
MRPS17P3,0.000324530350781656
AC019064.1,0.00032440455383679937
Y_RNA,0.0003242892651328903
SPATA16,0.0003242527045343196
OR52W1,0.0003241572293605183
DIP2A-IT1,0.000324090015169267
RP11-311B14.1,0.0003240355887191681
RP11-310H4.1,0.0003235140639144077
ADD3-AS1,0.00032349627366846944
AC138472.6,0.000323386342563416
RP11-218F4.2,0.0003233581112276069
MIR4290HG,0.00032335254194361564
RNU6-107P,0.0003233130108853312
CTB-178M22.1,0.00032321413190721567
CTD-2195M18.2,0.00032319155571656816
SNAI2,0.0003231303681585606
GS1-57L11.1,0.0003230070368896063
RP11-290L7.5,0.0003230030483498781
RTP5,0.0003229529953228388
RP11-573G6.10,0.00032291867130223076
CAPZA3,0.00032197672700874717
MIR3663HG,0.0003219353691635646
PTGER4P3,0.0003218023166029583
AL137067.1,0.0003218005138901031
RP3-448I9.2,0.0003217410634146051
RP11-310H4.6,0.0003216990089001426
RP11-66C24.1,0.0003215897329574825
RP11-357H14.17,0.00032128420355044817
CCDC169,0.0003212028587850795
DSG3,0.00032119775147771806
CYP4F29P,0.00032096964449319936
LINC00351,0.0003209666390007747
AP001469.5,0.0003209181317585634
MXRA5,0.00032085948034283614
CTD-2547H18.1,0.0003205937715448414
CTD-2326C4.1,0.00032053036950407314
HNRNPA1P14,0.0003205224399516277
RP11-538P18.2,0.0003201492670313339
Z83001.1,0.0003201148429911284
CTD-3193K9.4,0.00032006602823664694
AC005757.6,0.0003200578159286286
HMGB3P7,0.0003200286417227364
GAS2L1P2,0.00032002639890047206
RP11-180I4.4,0.00031992661168326437
AC005150.1,0.000319911212501493
WI2-80269A6.1,0.0003198198255635886
RP11-529J17.3,0.0003193498624644076
RN7SL39P,0.0003193256302927871
HERPUD2,0.0003192751131644327
CTD-3162L10.5,0.00031896615015220285
FAM162B,0.00031875048608266817
SPATA31D4,0.00031871783876174375
RP11-2N1.3,0.00031862453803374163
TMEM236,0.00031835667236903724
MIRLET7I,0.00031834315057038506
OTX2P1,0.000318224310841737
POP1,0.00031821923930013126
C2CD4D,0.0003181819535652997
HBB,0.000317966690181882
CTD-2091N23.1,0.000317923029472744
AC007405.8,0.0003179136945144213
CYS1,0.00031791304041009456
RP11-541F9.1,0.00031788339966792607
RP11-501E14.1,0.00031785863154421446
RP5-944M2.3,0.0003177366075795909
RP11-254G11.1,0.00031762038107355884
RP11-329J18.5,0.00031758420020414974
SAMD13,0.0003174079245844536
RP11-325E14.2,0.0003173358232467477
RP11-15F12.3,0.00031733321633466735
RP11-167N4.2,0.00031731643577475737
EDDM3CP,0.0003171972969933984
LINC00668,0.00031719338394435733
RNU6-308P,0.00031714348118929895
CLEC19A,0.00031713683204160557
UPF3AP2,0.0003171331037439114
RP13-577H12.3,0.0003169499011054155
RP11-482D24.2,0.0003167901289305486
BTG1P1,0.00031676749869089134
TCF24,0.0003167089514375539
TRIM31-AS1,0.00031665074771655455
RP11-129O7.2,0.0003165865323810147
RNU6-701P,0.0003164905816109432
RNU1-22P,0.0003163909250570515
SNORD116-19,0.00031636236143805244
RP11-63E9.1,0.0003163488580619227
RP11-25L3.1,0.00031599267029670634
BPY2DP,0.000315983695671394
AP001065.15,0.0003158081448114587
RP11-763B22.4,0.0003154994691925447
RP11-677M24.1,0.00031544696934189266
RP11-473E2.4,0.0003154198522785694
AC007271.3,0.0003153311969942456
CDKN2AIPNLP3,0.0003152135653116691
CDK5R2,0.0003151938342076144
MTCYBP28,0.0003151255849786731
RNASEH2C,0.0003147555004233117
RP11-313J2.1,0.00031452442956345496
RP11-482E14.1,0.00031450818743538006
RNU6-137P,0.0003144770292585122
RP11-202H2.1,0.00031444514463681907
RP11-394B2.6,0.0003143759494287079
RP11-1018N14.1,0.00031432899883911087
CEACAMP2,0.0003141940546950977
GNG8,0.0003141929577392687
AC092610.12,0.00031409977928139205
KCNE1B,0.0003140190517195452
RP11-153F1.2,0.00031401545083571285
GUSBP9,0.00031380738934922467
RP11-645C24.4,0.00031351136590662454
LINC00407,0.00031344760686645575
RPL23AP14,0.000313104757881347
RP11-518K17.4,0.0003130772305686812
TKTL2,0.0003129552061627409
SALL4P5,0.0003127041068982119
RP11-391L3.4,0.0003126596755336198
FAR2P4,0.00031249184318310567
CTA-929C8.8,0.00031246369746153587
AC004593.3,0.0003124266836112927
CCT8L2,0.00031200649153894673
RP11-271F18.1,0.00031166300419801206
C1QL3,0.0003116207737432775
SLC2A1-AS1,0.00031161985484681764
RP11-426L16.10,0.0003114322427009161
RP11-115A15.2,0.0003111093225923609
RP11-401O9.4,0.00031104656195344536
MIR4634,0.0003109301913111927
RP11-305F18.1,0.00031087221832159866
CTC-499B15.6,0.00031079551991412813
RNU2-25P,0.0003107905237891157
MSX2,0.00031063622258314195
RP11-4M23.4,0.0003102882126226569
RP11-1281K21.1,0.00031009520293242453
RNA5SP494,0.00030982527383510743
OR2M5,0.0003097882924849376
AC005077.5,0.00030951792526008235
PCDHA11,0.0003095020881943539
MIR550A1,0.0003093826827416956
RP11-114G11.3,0.00030935791931858953
ARF4P4,0.0003092191198383792
RNU4-6P,0.0003090984836599007
OR2H1,0.00030897491509823146
RNY1P10,0.000308938858936312
AC133680.1,0.0003087311945318024
CTA-398F10.2,0.0003081364609932355
RP13-60M5.2,0.00030760735584583565
VENTXP7,0.000307603402839977
ANKRD18B,0.00030755025586629416
MLYCD,0.00030754946153333657
RP4-564F22.6,0.0003073136939124562
RP3-407E4.3,0.0003072307915863203
ADAM3B,0.00030704041519903505
RP5-1096J16.1,0.00030703636261617776
Y_RNA,0.00030701761079236626
ARL6IP1P2,0.0003069628056605657
RP11-731D1.1,0.00030677662892777263
RP11-392E22.11,0.0003067179001094129
RP11-56P9.6,0.00030662757217992455
ELF5,0.0003063330668879109
RP11-389G6.4,0.0003062042719124026
RNU6-260P,0.0003061954190010438
EN2,0.00030619465445656856
B3GAT3P1,0.00030614302187409773
LBX1,0.00030604175345761017
SAMD11,0.0003059957097115442
FLJ37505,0.0003058842611598915
SIAH3,0.00030584085812008946
IQCJ,0.0003056881340733273
DHX37,0.00030563781555065537
RP11-863P13.6,0.00030555378608188087
C2orf78,0.00030549227741473087
LINC01170,0.0003053252834670004
APOE,0.00030519978186136534
IFNE,0.00030516346521274875
RP11-54I5.1,0.0003050437804585864
VN1R11P,0.00030492569010441876
KRTAP21-1,0.00030486033018930066
RP3-391O22.3,0.0003047525303060691
PCDHGB1,0.0003042240109128518
RP11-656G20.1,0.00030399906194491876
CTD-2023N9.1,0.0003034300265494291
HSPE1P21,0.00030337540024781004
NCOA7-AS1,0.000303265785300673
RP11-114H24.7,0.00030322934050263896
RNA5SP426,0.00030322299321567357
RP11-83B20.10,0.0003032197900247353
RP11-715H19.2,0.0003031511511383035
TBX18-AS1,0.000303146602347066
AC007106.1,0.00030299388141858075
C4A,0.00030294149040030856
RP11-408N14.1,0.0003029320291740588
ZNF251,0.0003029199163715629
PRMT1P1,0.00030290098495781024
RPL12P44,0.0003028279503510357
RP11-432J9.3,0.00030267511188216794
MYBPH,0.00030257609370682934
OR5S1P,0.00030195032415678816
RP11-794G24.1,0.00030194890883761716
AC074289.1,0.00030192344124925984
RP11-359G22.2,0.0003018939980062841
PURA,0.00030147936148364706
LCE5A,0.00030129024486883214
DLG2-AS1_2,0.00030126145881136004
RP11-417L19.2,0.0003011811809617155
MCRIP2P1,0.00030114434987857987
TBC1D3,0.0003009785138367415
VEGFB,0.00030066578305893837
SBDSP1,0.00030058822427510556
OLIG2,0.0003005366283824894
AC105402.4,0.00030026219726849714
CTC-246B18.10,0.0003002489258263918
GXYLT1P4,0.000299831902242812
AC007091.1,0.0002997946496065093
RP11-326K13.3,0.00029968402676248116
USP9YP14,0.00029922330571910714
NR2E3,0.00029918306810247045
SNORD18,0.00029915732003102163
SNORD63,0.0002986468811353696
DPPA3P3,0.00029859918878795584
MSANTD4,0.0002984132458724013
OLIG3,0.0002983937138175137
OR8A2P,0.0002982178753290427
LINC00951,0.0002980521027476509
PLA1A,0.0002978899445460823
RP1-197B17.7,0.0002977260550250844
MYOD1,0.00029771801346586415
RP11-109E24.2,0.00029761799856192897
RP1-121G13.3,0.00029754625485236045
RP11-1049H7.2,0.000297493433883746
EIF1P5,0.0002973008151092892
PWWP2AP1,0.0002971634509261168
CTD-2542C24.2,0.0002970019472952221
AC103563.9,0.0002968930052417828
NACA2,0.0002967027246726704
RP11-299L17.1,0.00029666323991006107
SNORA74,0.00029656677287764665
RN7SL274P,0.0002965438584939267
AC007950.1,0.000296498306981125
CDRT1,0.00029644922798127384
RP11-178L8.9,0.00029633643655360334
RP11-428C6.2,0.0002960415765375158
RP11-113A11.1,0.0002958018567054385
RP11-200K12.3,0.00029573508132059185
OTUB2,0.00029571721077208867
AC083875.2,0.0002957087301299805
KRT18P61,0.0002955945679985388
SCAMP1-AS1,0.00029536361596447705
MIR1972-1,0.00029535552472775037
THUMPD1P1,0.0002951058318245422
MARCKSL1P2,0.00029431010726690894
RNU6-784P,0.0002942663332243339
MIR3657,0.00029420865204334533
RP1-309F20.3,0.00029399351874871774
C19orf53,0.0002939286320838504
HSPA13,0.0002939124975110082
RP11-43F13.4,0.00029388763302518533
RP11-556O5.6,0.00029372376024719063
RP11-23J9.7,0.00029370167068156947
RP11-293F5.8,0.000293692146021066
LINC01465,0.0002935398345709718
AC091801.1,0.00029304162337105314
HEXIM1,0.00029291690611041315
CTD-2515A14.1,0.000292810679886856
AC004053.1,0.0002927776721358896
TBX4,0.0002927505473837171
C5orf67,0.00029274636093264416
BCL2A1,0.0002926939370920804
AC006129.1,0.0002926626767817433
RPL21P18,0.0002926588934248054
RP11-190A12.9,0.00029263970761302685
RN7SL173P,0.00029259340313979223
RP11-575F12.1,0.00029243311346342776
SNORD69,0.0002924226258113023
CTD-2006C1.10,0.0002924014988354911
AC005550.5,0.00029238847805328384
CTC-558O2.2,0.00029221338290018664
LEAP2,0.0002921595202105613
CRAT8,0.0002920846008983381
bP-2171C21.6,0.0002918137931619373
CACTIN-AS1,0.00029180307637096216
CTD-2534I21.8,0.00029168112963888964
FNDC11,0.00029160923929184005
RPS7P8,0.0002914922030243943
PHC1P1,0.00029145521001333824
HTR2A-AS1,0.0002912230456135572
TIFAB,0.0002911725927087156
RP11-778D9.4,0.0002911178151600533
AC123886.2,0.00029090517119831236
DNM1P33,0.0002908237212313468
RNU6-967P,0.00029076736820179695
RP1-149A16.3,0.0002906687874584565
RP11-81A22.4,0.0002905480527099866
RP11-274H2.2,0.0002904555389736952
STX18-IT1,0.00029040507377688346
FARSA,0.00029035373701599454
RP11-486O13.5,0.0002903280243193352
SCARNA5,0.00029019671369114
CTD-2142D14.1,0.00029010285177926033
ODF1,0.00029008949983339065
RN7SL8P,0.0002899682438323282
PCDHGA5,0.0002897753910398519
RP11-116D17.2,0.0002896451253323438
GPR88,0.0002894009896955707
RP4-565E6.1,0.0002892894858568181
RNA5SP379,0.00028902734497206195
MIR1256,0.0002889846165136951
RP13-444H2.1,0.0002889121041810452
HBG1,0.0002887398557134684
NBPF11,0.0002882358418088269
CTC-498J12.1,0.00028823352179791384
LINC01564,0.00028822562603479104
PRKX-AS1,0.0002881777191177983
CTB-51A17.1,0.0002881514383546042
RP11-738O11.9,0.00028799749565968855
ITGB2-AS1,0.00028796729125139255
ZMAT2,0.0002871879584851744
CTD-2078B5.2,0.00028718342640324755
CD24P2,0.0002870842451392106
SYDE2,0.0002870603293668613
CACNA1E,0.0002869896129111604
ZCCHC2,0.00028677175733277707
LINC01152,0.00028673202445885713
RP11-359P5.1,0.0002866745405484656
TUBBP6,0.0002863811245719233
RP4-673D20.3,0.00028617756624431357
WDR83OS,0.00028613008738631157
RP11-129K12.1,0.0002859928816376149
RPL23AP8,0.0002858253940593271
MIR300,0.0002858103262181074
TDGF1P3,0.00028557034726115225
RP5-1189B24.1,0.00028555019228290816
RP11-400L8.2,0.00028519659532258874
CRYGB,0.0002851425112552321
RP11-123C21.3,0.0002850471252523365
CTB-31N19.3,0.0002849951149219235
OR2D2,0.00028499335626552575
LINC01613,0.00028488484956421103
RP11-321M21.3,0.00028471194539463925
AP000462.1,0.0002843316299753802
RP11-395B7.2,0.00028405831166382014
HTATSF1P1,0.00028399603744600936
Metazoa_SRP,0.0002837065378425913
MIR6780A,0.0002836892191886512
RP11-269F21.2,0.00028365326475618196
RP11-90P16.2,0.00028343453903033306
RNU7-47P,0.00028334565806462596
GS1-18A18.2,0.0002832779464851534
AC012442.6,0.00028305475017648964
CYMP,0.00028291401188979134
RP11-147K6.1,0.0002828843822562506
AP5Z1,0.00028265190065915373
OR10H5,0.00028236395295795706
RP5-1018K9.1,0.00028234330008240923
MAF1,0.0002820029109549002
RASSF1-AS1,0.000281525022328078
TMX2,0.00028141678245087004
CCNB1IP1P2,0.0002814072279188587
RAB1C,0.00028134517461283435
LINC00710,0.00028105446436528427
KRT18P39,0.0002809238125159983
RP4-583P15.16,0.0002809225036202676
RP11-27M24.2,0.00028091020158104536
PRELID3BP5,0.00028082910520573433
ARMC10P1,0.00028077373700673337
PLAC1,0.00028059667342376535
CTC-439O9.1,0.0002805909464849484
MTCO1P31,0.0002804947140459381
RP11-861E21.2,0.000280443645242213
GLI1,0.00028029905033285943
RP11-20L24.1,0.00028010536926205095
FLJ45079,0.00028007321046098744
RP11-470P21.2,0.0002800153204884604
RP11-444E17.6,0.00028001034897268454
RP5-1121A15.3,0.0002799692372769732
AGXT,0.0002797809861669369
SPDYE20P,0.0002794808796605067
PSMC1P10,0.00027941686723635364
SNORD113-1,0.0002794078548296132
RP11-136K14.2,0.00027938999144200917
RP11-445N18.7,0.0002793194739264393
RP11-255M2.1,0.0002793044798169504
SNORA7B,0.00027919640062110574
RP11-158I9.8,0.0002791275270851863
FAM163A,0.00027909290646748245
HNRNPA1P31,0.00027908880236789395
CTD-2331H12.7,0.00027903635652713006
FHP1,0.0002789675526528765
RP11-425D17.1,0.00027884756199565887
ANGPTL7,0.00027856718332861533
SNORD115-40,0.00027855154762666806
RNU4-56P,0.0002785360473124337
RPSAP47,0.00027834118397335276
RP11-255M2.3,0.0002782592143277143
pRNA,0.00027822191959040794
ANGPT1,0.00027807966381843195
BTBD10P2,0.00027783993324540944
NPM1P43,0.0002778364802084181
PCAT7,0.0002777048868139727
UFSP1,0.0002776783121706974
LEP,0.0002776235942540026
ZNF70,0.00027737172938024815
RD3L,0.00027732826210618227
SNORD114-17,0.00027706549338180395
RP11-512C24.3,0.0002770456674951419
RP11-404H14.1,0.0002769808841977212
CPEB3_ribozyme,0.0002767758932646277
IGBP1-AS1,0.0002766594980555808
FAM174A,0.00027662095283658735
RN7SKP30,0.0002766099198888467
RP11-404P21.3,0.000276601687183195
RP11-471M2.3,0.00027633809410817253
AC007115.3,0.000276317346717857
RERG,0.0002762923416319694
RP11-454P21.1,0.00027623267361933973
EWSAT1,0.00027593790890352566
LINC01405,0.000275866756401032
Y_RNA,0.0002758366710183699
LINC01123,0.00027570956751592907
LINC00973,0.0002756708900799374
SMIM13,0.00027534231441216523
AC012506.1,0.00027531158106130685
ARGFX,0.0002753023996210481
HSD3BP3,0.0002751863861025933
GRXCR1,0.0002749828376837763
MIR5096,0.00027481179108890377
DHFR2,0.00027473605797715897
RPS17P14,0.00027450373123631173
ZNF299P,0.000274495637219403
RN7SL704P,0.00027445989888287987
Y_RNA,0.00027443083071353685
RNU5F-3P,0.0002743059578042335
RP11-30O15.1,0.00027428744648142275
RPL23AP78,0.0002742640245241576
HSF5,0.0002742619655448756
PCNPP3,0.00027425142619577446
RP11-348M17.2,0.00027423955313468656
RP13-39P12.3,0.00027421901525064344
RP11-711K1.7,0.0002739867345506881
LINC01451,0.0002739780343836716
IL22,0.0002738459984764313
AC011995.1,0.00027369054027282446
LINC00173,0.0002736234768242317
RNU5F-1,0.00027358678155537454
RNU6-1157P,0.0002735101275994954
RNU6-999P,0.0002734488467278584
BTF3P8,0.0002734129109350171
RP11-618K16.4,0.00027305603172879183
Y_RNA,0.0002728458402367889
MTND1P27,0.00027284111513676125
AC007349.7,0.0002728371775942466
ST13P4,0.0002726729272526276
WSCD2,0.0002726075133577206
RP11-529G21.3,0.0002724289170568496
MIR4299,0.0002724207935230717
RP11-100L22.1,0.0002723221950546641
ARPP21-AS1,0.0002723195731964511
DYNLL1P7,0.00027225046917947053
LINC00989,0.0002720263089200235
CTB-174D11.3,0.00027183386497241886
LINC00896,0.00027174974175903164
RP11-5N11.4,0.00027157664672316064
HLA-U,0.0002715685057691414
MRPS21P7,0.0002711833705852889
LRRC37A14P,0.0002711532379884943
RP11-499E18.1,0.00027113584210709774
CTD-2081C10.7,0.00027106513594336005
CTD-3116E22.6,0.00027098960913378824
RASL10B,0.0002709093233668712
TRBV29-1,0.00027087756255242645
RPS10P14,0.0002708612158282649
CTD-2158P22.4,0.00027084955975310377
PXN-AS1,0.0002707272323022332
SPZ1,0.0002706775009874492
KB-7G2.9,0.0002706413061272528
AP000580.1,0.00027051396146856254
RP11-428L21.1,0.00027028008416769773
RP11-65B7.2,0.00027015629793717284
LINC01121,0.0002699225960814245
RP11-277I20.3,0.00026976258325290056
CTB-60E11.11,0.00026962414937850977
RP11-103J17.2,0.00026946889950733963
Y_RNA,0.00026945798462663675
TRIM43,0.0002693764672326849
RP4-733B9.1,0.0002693559299096998
RPLP1P13,0.0002693528012160945
RP11-672A2.6,0.00026928855500939967
OR10V3P,0.00026920948142148586
RNU1-56P,0.0002690940787458753
RP11-131K5.1,0.0002688530809421945
RP13-157F18.2,0.0002688517145915897
MIR3178,0.00026857597968834034
AP003385.2,0.0002685640146146242
RP11-340I6.8,0.00026852241178977637
RP11-215E13.1,0.00026851429150220223
RP11-4L24.4,0.0002684515285431318
HAGLROS,0.0002684192231376951
AC096669.2,0.00026837603640891713
AC009120.8,0.0002683077387032624
PLEKHN1,0.0002681603545198334
RP11-114F3.4,0.0002680969248472736
AC003005.4,0.0002680957507082399
RP11-145M9.5,0.0002680129026084859
PCDH9-AS2,0.0002679147168114454
RP11-354E23.3,0.000267783509414024
RPL19P16,0.0002677472210628304
HOXB8,0.0002677294581098907
SNORA62,0.000267636999011112
GNPATP,0.0002676080754271442
RP11-488C13.4,0.0002675759992863106
RP11-618G20.1,0.0002673843428379708
RP5-1132H15.1,0.0002672350119498855
AC123900.2,0.0002671469799431107
Y_RNA,0.00026704107622401113
GMNC,0.0002668225817507855
AC073957.15,0.0002666267054723733
MTND3P5,0.0002666080220935981
MFAP5,0.00026627177747460287
CTD-3076O17.1,0.0002661552105462745
RP11-370I10.11,0.00026613757546648913
RP11-19G24.2,0.00026608401789745173
RP11-83A16.1,0.0002660785855510038
RP11-397O8.7,0.0002660396261850283
EIF2S3,0.0002660387339351674
SPIN4,0.0002659713686913712
HAMP,0.0002658353307143043
TMEM72-AS1,0.0002658228027373607
HNRNPA1P49,0.00026574237155979396
RN7SL477P,0.000265680824240533
AP005242.1,0.00026563607727291927
CTD-3244O18.5,0.00026551606369355774
XXbac-BPG13B8.10,0.0002653275547763241
CHRNB1,0.0002650924944459509
RP3-369A17.4,0.0002649891242595148
RARRES2P4,0.00026488138412007
STEAP1,0.0002647394480064192
OR5C1,0.0002645650842200931
RP13-653N12.2,0.00026456216250918675
LINC00898,0.00026450859835062544
RP5-1051D14.1,0.00026447142822803377
RP11-308D16.1,0.0002644490709547326
RP4-799D16.1,0.0002643924389406167
RNF216-IT1,0.00026438648908405437
RP11-441M10.1,0.0002643491511501865
RP11-49I11.2,0.0002642450568044995
ZFP57,0.000264216801373753
RP5-1125N11.2,0.0002641788891865167
LINC01088,0.0002641118214144104
PRLHR,0.0002640794614066387
RPSAP22,0.000264024748057794
AC002985.3,0.00026399147392282903
EIF2S2,0.00026368464680375154
LINC01301,0.0002634622822158228
RP11-29B11.5,0.00026317423820702027
MXRA5Y,0.0002631698000197917
LINC01195,0.00026294221651807447
RP3-461P17.9,0.00026292793854063885
RP11-266L9.8,0.000262912678602312
OR51K1P,0.0002627825598054222
TMEM55B,0.00026270692101329436
Y_RNA,0.0002626971450635015
RPL12P17,0.00026245788813547707
STXBP3,0.0002622892717242194
TRIM36,0.0002622299786760467
CTA-363E6.5,0.0002621843014115276
AC141930.2,0.00026218116644747934
RP11-353H3.1,0.00026210858896906627
TAF1L,0.0002621037739248568
RP11-513G11.4,0.00026207229783029224
RP11-438F14.3,0.00026199357908164925
RP11-391J2.3,0.00026198536855869084
AP000289.6,0.0002617525693877961
AC131056.5,0.00026167753437641213
RPL34P17,0.00026161150804890023
ARHGDIG,0.00026152848076243656
LINC01364,0.00026106080727856634
RP11-533E19.5,0.0002608641514818803
AC019178.3,0.0002608579263986623
OR11M1P,0.00026079788275670194
SCARB2,0.0002605698042065912
RNU6ATAC41P,0.0002601792696180405
SLCO1B1,0.0002601556548536714
BLACE,0.00025998500336982114
RP11-745C15.2,0.00025992038104085465
AP000347.4,0.0002598641680073559
XXbac-B33L19.10,0.00025977153629020615
ZNF649-AS1,0.00025968618191218434
AC091813.2,0.0002596357152678261
RP11-703I16.3,0.0002595970282776177
EEF1B2P1,0.0002594386367296773
AC018799.1,0.00025934412796999664
RP11-360I2.1,0.0002592182411098019
RP11-822E23.2,0.000259206436981944
RP11-156K13.1,0.0002591813779958172
PRKCG,0.00025910666478909253
ZNF723P,0.0002590411618403415
RP11-798K3.3,0.00025902983930403033
RPL7AP11,0.0002588016197969853
OVOL2,0.00025865294477887124
ARL2BPP7,0.00025860696114390663
RP5-894A10.2,0.00025848258861165327
RP11-1060J15.5,0.0002583396544419002
AC022210.2,0.00025832728847541677
SLIT1-AS1,0.00025796248100089713
SNORA73B,0.0002578630733673225
HIGD1AP3,0.00025748949211632926
LRRC52,0.0002574806330015983
AC090616.2,0.00025736864353449263
VENTXP6,0.00025725802951347154
RP11-368M16.9,0.0002572532435509856
RP11-860B13.1,0.00025720508196262266
U8,0.00025718915811875643
AC000111.4,0.0002566771792099537
PRB4,0.00025665084507104843
RP13-895J2.11,0.00025651325918373685
PCMTD1P3,0.00025635494078953393
RP11-773H22.4,0.000256193927073644
FGD5P1,0.0002561424944153912
RP11-333J10.3,0.0002560449983673995
GIMAP3P,0.00025566500687156844
RP11-515E23.1,0.00025556044950323054
RP11-490D19.11,0.000255524133346517
SIGLEC12,0.00025523903761298926
BMP3,0.00025522842319434136
AC105393.1,0.00025520020984840793
PDE7A,0.0002551484913032634
AC108925.1,0.00025496586986272396
HTR1E,0.00025464090544507714
RP11-25K19.1,0.0002544965554822169
POC1A,0.0002541084756553249
RP11-449J10.1,0.0002537554093852128
CCDC110,0.00025369316681230495
RP11-595O22.1,0.00025359167308780316
ARPC3P5,0.0002535076098614835
RN7SL628P,0.0002535039625183814
RP11-340I6.7,0.00025338917926679354
RP11-152L20.3,0.00025333608725407284
RP11-84D1.1,0.0002532629420588374
IGLV3-31,0.0002532532995957764
CTD-2183H9.7,0.0002532529861583869
RNU6-531P,0.0002528486934984932
FAR1P1,0.0002526434454708648
CTD-3193O13.8,0.0002525924719386489
RPS3AP25,0.0002525519936586489
DDX39BP1,0.0002525354763363486
Metazoa_SRP,0.00025253153695541325
CLDN8,0.0002524366929755542
RP1-313I6.12,0.00025215354509392017
SNORD114-31,0.00025191666919116936
RPL21P133,0.0002517694408608666
RASAL2-AS1,0.0002517316227077844
AC010907.5,0.0002516174452939409
MAGEA9B,0.0002515180436460968
RP11-26P13.2,0.0002515059973339614
MTCO2P33,0.00025141252453492625
ZNF710,0.00025133975623253026
AOX2P,0.00025122213414533145
AC112719.1,0.00025112616624215205
OR8X1P,0.0002511228882037684
RP5-1139I1.1,0.00025095097471002764
ROR1-AS1,0.0002509276364515334
PCDHA5,0.00025092282391522185
CTC-523E23.4,0.00025067563750025913
CTD-2215E18.3,0.0002505595560541634
TCERG1L-AS1,0.000250537876402141
RGS18,0.00025039210407484363
DLX6-AS1,0.00025037099472118
PIWIL1,0.0002502321145738009
XKR9,0.00025021986695571613
AC005722.4,0.00025014520318036973
MGAT4EP,0.00025013238744781523
RP11-175K6.1,0.0002501218768297259
RP11-242P2.1,0.00024999739909250217
RP11-30K9.4,0.0002499762626970542
SLC44A4,0.0002499178302065248
RP11-96O20.4,0.00024991709221226023
RP11-230F18.5,0.00024989401192372336
XXbac-BPG181B23.6,0.00024975213592950024
TMEM158,0.00024967290093956995
BCDIN3D,0.0002496154692374859
PWAR5,0.0002495557168988166
AC104695.4,0.0002492052894118897
RPA2,0.0002491416680212538
RP5-955M13.4,0.00024912546938482923
RP11-354P17.15,0.0002489387117325505
RPL7P28,0.00024881767244487135
KCNK15-AS1,0.0002486806643331446
RP11-337L12.1,0.00024860513719667275
RP11-512M8.5,0.0002483743727381761
CH507-42P11.6,0.00024832740117459876
C8orf4,0.0002482061818911127
RP1-310O13.13,0.00024810347888522586
RP11-507M3.1,0.00024810323538536377
MIR6894,0.0002476858911427479
NOTCH1,0.00024749401886306916
CCDC172,0.0002473976060541343
MCM3AP-AS1,0.0002473642090686858
RP11-669N7.3,0.0002472922859779808
RP11-550I24.3,0.00024717742970735976
LLNLF-158E9.1,0.0002468973372874714
RP11-513M16.7,0.0002466564451696676
DUX4L9,0.0002466347325984998
AC008271.1,0.0002465325175196296
RNU6-686P,0.00024647724474833514
RNA5SP437,0.0002463794870331939
MYL10,0.00024631380738605153
AC104113.3,0.00024627329137342835
BHLHE23,0.0002462609774830251
LINC00346,0.00024615943414314225
AC008060.7,0.0002461272496764554
RP11-543H23.1,0.0002459394895358344
MRPL35P1,0.0002458614739828757
RP11-701I24.3,0.0002458157642778194
AP000357.4,0.00024580287681046656
RP11-317N8.4,0.0002455239006987232
YBX2P1,0.0002454692269614447
RPL23AP75,0.00024526240578129983
RP11-260A9.6,0.0002452056330839336
AP001628.7,0.00024518166846596777
BLZF2P,0.0002450933260582613
HMGB1P27,0.000244971561997284
MIR221,0.0002448164853605335
RP11-167J8.3,0.0002446419382878537
RP4-761I2.5,0.0002444651376557335
MT-TM,0.0002443389474761384
ZNF718,0.0002442744117265135
AP000662.4,0.0002442357533059113
RP11-328C8.2,0.00024413065365843864
MRGPRX2,0.0002440178674512512
RNU6-844P,0.0002440031633756511
RP11-48G14.3,0.000243897505244989
EEF1A1P6,0.00024357003728324992
TM4SF4,0.00024356562638755657
RPL21P107,0.00024354173785728697
RPS27P16,0.0002434859083644106
HERC2P5,0.0002433442566526463
AC005176.1,0.00024332123408129047
RP11-127I20.8,0.00024331155459649366
CTD-2050N2.1,0.00024318008827139414
RP11-656D10.7,0.00024308147233030808
LINC00207,0.0002429814773435057
RNU7-124P,0.00024286617503383262
EEF1A1P3,0.00024279177315610556
RHOXF1P1,0.00024272165089629338
HNRNPA1P56,0.00024241168622315815
RNU6-984P,0.0002423271118687004
SLC22A3,0.00024210206968844662
Y_RNA,0.00024208685699715664
F8A3,0.0002419660566740489
IGFBPL1,0.0002414571542102184
RP11-384F7.1,0.00024128447027052107
NLRP10,0.0002411560889965528
SNORD115-48,0.00024090048711092918
SCGB1C2,0.00024076669823964113
RP5-1050D4.2,0.00024064890632288113
AC090018.1,0.00024061901208741423
OR1N1,0.00024049609341745743
FAM205BP,0.0002403341451594171
AC008592.5,0.00024030832919989868
RP11-142A23.1,0.00024002241280738994
MKLN1-AS,0.0002398323798667133
TMPRSS4-AS1,0.00023965352078026667
RPL3P4,0.00023953485608742007
RARS,0.00023924806747837967
RP3-400B16.2,0.00023916316075083167
ALDH18A1,0.00023901366140510893
RP4-597N16.1,0.00023890588225422213
SLC45A3,0.00023886115142967434
CCDC157,0.00023874775005334925
uc_338,0.00023862785760183836
RNU6-1208P,0.00023858045076047694
TBC1D3E,0.0002384691640597194
RP11-191A15.2,0.00023839639133707604
Y_RNA,0.00023819818072571557
KRT8P9,0.00023817766139177615
RP11-256L6.2,0.000238165448931069
EREG,0.00023793245469450863
RXFP3,0.00023790471314484154
AC007618.3,0.00023779096101589646
RP11-456H18.2,0.00023778817399202351
FGF19,0.0002376713652854981
RP11-38L15.2,0.0002376508172066409
U82695.5,0.00023750694249488215
HEPACAM2,0.0002374840304515822
RNU7-67P,0.00023737294890107937
RP11-843B15.4,0.00023736276856487523
LINC00866,0.00023710914491673746
CCNB3P1,0.0002369532985084579
C14orf177,0.00023680486383149556
RPL29,0.00023680465462814696
CTD-3193K9.3,0.00023676295430889442
RP11-212P7.3,0.0002366559327201496
C1DP3,0.00023647095584574301
RTN4RL2,0.0002363490558708425
LINC00529,0.00023632985757239872
RP11-532L16.3,0.0002363066162613559
RP5-837M10.2,0.0002361931536890644
AC084121.17,0.00023605240281555172
RP11-108A14.1,0.0002357972473549976
CTD-2542C24.8,0.00023565454100087617
RP11-234B24.6,0.00023562726340552
AC006130.4,0.0002354597166784423
RP11-472F14.4,0.00023545789987062726
RP11-257K9.8,0.00023545742690127142
RN7SL733P,0.00023507906805091876
RP11-18B3.3,0.0002350761644404349
Y_RNA,0.0002350522700803824
RP11-315L6.1,0.0002347281864745983
RP11-446E24.3,0.00023471867570565988
Y_RNA,0.00023456019710341465
RP11-717A5.1,0.0002343610685482041
TRAM2,0.0002340591476639322
CTD-2147F2.2,0.000234016729019468
ST8SIA3,0.00023398623835655424
RP11-271F18.4,0.00023398259436529392
MTCO3P20,0.00023393213552351302
RP11-107I14.2,0.00023385157189262615
RP11-259O2.3,0.0002338112526586037
OR2K2,0.0002337866573156473
CTB-54I1.1,0.0002337369339898639
RP11-237P21.1,0.00023357423181481003
INHBA-AS1,0.00023330950817795052
MEG8,0.00023329538000810046
SNORA8,0.00023326350193155192
LINC00642,0.00023304647450361117
RPL23AP72,0.00023299196072981595
RP11-437F6.1,0.00023297258102249722
RN7SKP140,0.00023273126662904707
AC140481.8,0.00023269090181003403
AC018359.3,0.00023266641154308414
RP11-344N10.5,0.00023254618132851406
RP1-251I12.1,0.00023219326735792278
MME,0.00023216082068759416
RP11-63K6.1,0.00023208870067004776
RP11-40A13.2,0.00023194948680059494
RP11-38F22.1,0.0002318091258486637
MYL6P2,0.000231651273644241
RN7SL834P,0.00023158577093097116
RAD23BLP,0.00023157027009766484
CASP3P1,0.0002315008831401888
OR7E106P,0.00023133037588471633
RP11-641C17.4,0.00023121627194033423
NUDT8,0.00023115915376082977
RP11-89K10.1,0.00023108499829316566
SNORD56,0.00023088229177598772
DNAJA1P2,0.00023082368091823337
AC090505.6,0.00023047823157753105
RP11-759A24.2,0.00023043608222572017
TMEM60,0.00023038498043975223
SALRNA1,0.00023020792895475607
RP6-109B7.4,0.00023018334648476437
Y_RNA,0.000230144567789009
OR6X1,0.000230004377332045
RP13-415G19.2,0.0002299139094713912
Y_RNA,0.00022979833134336434
WI2-85898F10.1,0.0002295791296588131
RP11-734K21.3,0.00022952359261812832
ARID3C,0.00022926939706130478
SORCS3-AS1,0.00022923914241707166
CYSTM1,0.0002291288052174329
RP11-475D10.5,0.0002289458712865704
ETV3L,0.00022885182930948753
RP11-278H7.1,0.00022872507870726858
CLDN16,0.00022868274262400766
RN7SL131P,0.0002285795889562873
KCNB2,0.00022853357916071247
AC007179.1,0.00022823210920364475
HIST1H4D,0.00022822294653642266
Y_RNA,0.00022817302874870665
AC005943.2,0.00022806434827294164
TVP23BP1,0.00022796911662584395
RP11-250H24.7,0.00022787282642927376
TRBV20OR9-2,0.00022773449453238263
LINC01389,0.00022767809538173206
RP11-471B22.3,0.00022765488538709351
RNU6-886P,0.0002275124365682266
AC006227.1,0.00022742191676466565
CTB-1144G6.6,0.0002273053660220432
RP11-434C1.2,0.0002271966632526493
RP11-1127D7.1,0.0002270821541912519
LL22NC03-22A12.12,0.00022707079660461022
CSAG3,0.00022701077500546156
AC092159.3,0.0002267801736872069
RP11-10E6.1,0.0002266129620908117
LINC01588,0.00022661261501286773
FGF7P7,0.00022659663009088425
LINC01501,0.00022657982310282624
RP11-94A24.1,0.00022648051013778029
AC078899.1,0.00022646103807727873
HSPD1P4,0.0002264388702079152
DMRT3,0.0002263683035586221
RP11-83B20.6,0.00022634842449696248
CTD-2336H13.2,0.00022633952307484826
Y_RNA,0.00022629877971397524
RNA5SP363,0.00022615797677270024
RP11-395D3.1,0.00022599211068941158
RP11-576I22.2,0.00022568553364391347
RPL10AP6,0.00022564707400134405
MC4R,0.00022563966702454616
SLC36A3,0.00022543667997487537
AC010492.4,0.00022543036626262398
Y_RNA,0.00022516714414915498
KCNMA1-AS2,0.00022513579787568453
STRA8,0.000225036125826863
RP11-108K3.1,0.00022502895611146471
RP11-111A24.1,0.000225019129186825
RP11-426D19.1,0.00022482448364642132
MTND5P13,0.00022482087845663676
AC068490.2,0.00022481190214637852
OR52N1,0.00022473304931579094
TTC9,0.00022468534218158078
RP1-90K10.4,0.0002245478941612011
CTB-118P15.3,0.00022447921969029843
RN7SL413P,0.0002242809216085728
RP11-109N23.4,0.00022418870129821959
Y_RNA,0.00022395041543489728
RP5-1174J21.1,0.00022393080997778719
TCAM1P,0.0002238361959189157
AC069499.1,0.00022367626841453294
FABP5P1,0.00022357469104823812
PTGIS,0.00022355764599095036
RP11-7K24.3,0.00022341792430518857
RP11-400K9.1,0.00022321962684648277
UBTFL6,0.00022316501861528701
MYEOV,0.00022309895070964913
FLRT3,0.00022300589860471565
HNRNPA1P67,0.0002228578874318404
RP13-455A7.1,0.00022281042370566142
CRLF2,0.0002227932174734532
AC002383.2,0.0002227427304679369
RNU6-1153P,0.00022258575869477614
MIR8069-1,0.00022249496858728305
SETD6P1,0.00022230447267438262
AGKP1,0.00022229490590285585
PABPN1,0.00022200078095177905
KRT126P,0.00022199589016363858
WI2-2373I1.1,0.00022193259042144192
LINC01583,0.00022190934912858502
RP5-859I17.2,0.00022186921919629274
PPP4R3CP,0.00022178399147553424
RP11-146G7.2,0.00022172756438631295
RP11-117L5.4,0.00022152258410785357
ACP7,0.0002215218370953114
ARHGAP42P1,0.00022135628742836526
OLA1P2,0.0002213260811640988
RP11-393B14.2,0.00022129912905495604
RP3-395M20.2,0.0002212863217629706
NPAS1,0.00022120142887361959
RP11-522M21.2,0.00022108869432760524
RN7SL807P,0.0002208986507033156
RP3-323B6.1,0.0002207802220998951
RNU6-315P,0.0002206896741585538
CHIC2,0.00022036478106295836
RNU6-553P,0.000220340726278696
RP11-648L3.2,0.0002202135640677717
LINC01055,0.000219815287989608
WDR88,0.00021978421426296883
OGN,0.00021965789278886617
RN7SL660P,0.00021956834678621892
NKX3-2,0.00021939036245822844
LA16c-381G6.1,0.00021929163210850975
RP11-223P11.3,0.00021919406377010365
RP3-388M5.8,0.00021910810264476362
TCEB1P32,0.0002191061439221108
CTD-2313J17.7,0.00021907419373248143
SPANXN3,0.00021905866791146187
MIR4697HG,0.0002190253283798748
RP4-736H5.3,0.00021900565331604347
JHDM1D-AS1,0.00021873104796273727
LINC00892,0.0002185832818123007
LEFTY1,0.00021811900416272763
RN7SL393P,0.00021810233139605824
MSTN,0.0002180106077684388
RP11-439L8.2,0.00021790996290444405
KRT8P36,0.0002179036131319309
RP5-1112D6.8,0.00021770089230248307
RP11-733D4.2,0.000217498017766285
MIR3678,0.0002172882077426254
RP11-424I19.1,0.00021650827207481496
SNORA2B,0.0002165015727599774
C1orf140,0.0002164598548025728
TET1,0.00021644142991992217
RPSAP52,0.00021627942662521017
RMRP,0.0002161637096258905
RP11-545H22.1,0.00021614088689973792
CHRM5,0.00021609658841741162
RP11-266K22.2,0.00021602810054364716
ADAMTS3,0.00021583111047345776
KRTAP8-3P,0.00021579476451803436
MIR345,0.0002154373294995041
TEX35,0.00021543674523113744
RNA5SP453,0.00021534594992306754
RP11-61A14.1,0.00021527909104131454
BMP8B,0.00021525279838344717
CTD-2555I5.1,0.00021523018138771606
LAGE3P1,0.0002151663854252269
RP11-263K4.3,0.00021516429736275416
MYH4,0.00021502674923383356
BARX1-AS1,0.00021502170280400043
ALOX12B,0.00021502008130869858
XXbac-BPG116M5.17,0.00021496448470836304
TAS2R7,0.00021487155240543595
AC022210.1,0.00021472737597267292
TMEM9B-AS1,0.00021461649114446423
SNORD67,0.0002146149254764229
OR6B3,0.00021460044137333904
C3orf67-AS1,0.00021456054087121384
RP11-67L3.2,0.0002145427108269101
RP11-155N3.4,0.0002143766730606678
AC019172.2,0.0002143607514916528
CTD-3236F5.1,0.00021404902222829712
MTND5P6,0.00021381328189334017
RP11-123O22.1,0.00021379717347547552
RP11-147K16.3,0.0002136188104792503
DPPA2P2,0.00021355628103100706
snoU13,0.0002134989297063893
HIST1H4K,0.0002133497833769141
RP11-286N3.1,0.00021310425127770574
RP11-562L8.1,0.00021302679316348176
RP11-21I4.2,0.000213018392440313
OR8I2,0.00021294811617271622
TCAP,0.00021285609555070448
RP11-276H19.2,0.000212792978956645
CTD-2201E9.4,0.00021276080179412577
RP5-855F14.2,0.00021274503793116176
RNU6-438P,0.00021239454608041797
RP11-46C24.7,0.00021224921546187468
RP11-646D13.1,0.00021219138517892584
TMEM170B,0.00021218758277273582
RP11-64C12.9,0.0002121847426857893
RP11-560G2.1,0.00021197845929388302
DLL1,0.00021188703497911044
HMX3,0.00021187630351228722
CTC-539A10.7,0.00021134994633966115
ACOD1,0.00021126974720753644
RP11-442P12.2,0.00021124905449388767
RP11-270C12.3,0.00021116450456014376
RN7SL166P,0.00021107741926263825
KBTBD13,0.00021073406741715383
RP3-413H6.2,0.00021061997814466536
SMIM21,0.00021055552248668198
C11orf52,0.00021018376567837201
LINC01164,0.00021014741691335442
AC079586.1,0.0002101466872760356
RP11-599B13.8,0.00021004172100194942
TUBG2,0.00021004169832480066
RP11-147G7.3,0.00020998698008954279
RP1-302D9.2,0.0002099237683646214
ECEL1P1,0.00020974459366055273
KCNS1,0.00020956502740060207
RPL21P1,0.0002094822812343733
RP13-401N8.1,0.00020941389471730527
RP4-616B8.4,0.00020904063791699193
VWA7,0.0002090205842984268
CMB9-55A18.1,0.0002089541439811902
EBLN1,0.00020889218373625269
RP11-486A14.2,0.00020881426196975363
TMEM198,0.00020874279558904282
ADH5P2,0.00020872995976250493
RP11-396C23.4,0.00020865548051057656
TTC3P1,0.00020864838310809543
VSTM2A-OT1,0.0002084625438364877
RP11-56O18.1,0.00020799745131661084
ACTG1P19,0.00020776213576269114
RBBP8P1,0.00020773918856946443
LINC00626,0.00020733475168069042
MIR455,0.000207292325292749
GAPDHP70,0.00020725552495216588
OXCT2,0.00020722262281069618
RP11-451F20.1,0.00020718982716359262
PAPPA2,0.00020711089465783703
CTD-2316B1.1,0.00020704158256704754
COPS4,0.00020692208826364336
RP11-10N16.3,0.00020684958139261512
LINC00871,0.00020667521055832546
RP11-537H15.3,0.00020662138589588338
Y_RNA,0.0002065377150178103
RN7SL4P,0.00020650297106392034
KXD1,0.00020650147683456385
TRHDE,0.00020646949082689785
KPNB1,0.0002059592457618198
ALLC,0.00020574713972642075
RP11-350G24.1,0.00020542030052407302
CTC-523E23.9,0.00020531614702636852
RP11-809H16.5,0.00020529479135386508
HPYR1,0.00020513873710576136
SST,0.00020492566647434138
RNU1-47P,0.0002048242734374812
RP11-671J11.4,0.00020471558594276334
ORC6,0.00020460170589565565
RP3-416J7.4,0.00020455554564786235
Y_RNA,0.0002045512660300421
RP11-150D5.2,0.00020450188213577252
ZDHHC20P2,0.00020424678138699563
DHFRP2,0.0002041733126099097
RPS6P22,0.00020413407548102255
CTD-2384B9.1,0.00020410582903167474
RP11-707M1.9,0.000204045859957524
PCF11,0.00020389658159937263
AC007952.5,0.00020388916860792185
AC104024.1,0.00020386886530970638
AC073130.3,0.0002038146318326788
OR1E1,0.000203646795918932
CTB-167G5.7,0.0002036369085624637
SLC25A15P1,0.00020353670376734227
AC011290.4,0.0002034637533559322
RP5-890E16.5,0.00020324443542699106
PAFAH1B3,0.00020323234224159864
ATXN2-AS,0.0002031464193136851
RP11-816J6.3,0.00020295824756197324
RP4-753F5.1,0.0002027251541155584
MTDHP1,0.00020259173922296408
U3,0.00020254440037017842
RP3-473B4.3,0.0002025350795543024
Y_RNA,0.00020248603406628683
OR1F2P,0.00020203681978033137
ZFP69,0.00020193157445565327
GNG13,0.00020142664252852986
RP11-131H24.5,0.00020097794213732985
RP11-797E24.3,0.00020093833458269836
SNORD9,0.0002009048143166233
RP11-812D23.1,0.00020080232499790262
TSKU,0.00020078806995470734
CTC-420A11.2,0.00020041165558303602
RN7SL110P,0.0002002269441018947
TUBB2BP1,0.00020017412533855644
USP17L1,0.00020014684994081692
AC093642.6,0.00020009065551081023
GMCL1,0.0002000581901059979
TWF2,0.00020005470066247587
RP11-641C17.1,0.0001999712086120624
RP11-156L14.1,0.0001999399567481885
TYMSOS,0.0001998754624863323
AL163953.2,0.00019986312704356872
AC113331.9,0.0001995734146331385
RP11-344B5.3,0.00019950211853577977
KB-68A7.1,0.00019943332364191267
RP11-399H11.3,0.00019939777396244267
RP11-495P10.3,0.00019927230958236217
RPL24P8,0.00019920267891535484
RP5-930J4.2,0.00019913102168226597
MCEMP1,0.00019901324830577218
HYPM,0.00019883747805723192
RNU6-140P,0.00019876619897602144
C9orf16,0.0001984668279277915
AC073094.4,0.00019838762411272795
Y_RNA,0.0001983164498987325
LOC401913,0.0001981508300716355
RP11-347H15.1,0.0001980730815054045
RP11-96C23.12,0.00019775659727274376
RP11-813I20.2,0.00019748018119570063
RN7SL128P,0.0001974074494121931
AC098614.2,0.0001973121357743064
PRR31,0.00019721471855880314
NUP107,0.00019710170913372213
RNU7-169P,0.00019702291294810788
LINC00483,0.0001969599759757488
RP5-998G20.1,0.00019686182210940876
RBM22P1,0.00019683522077215516
FAM163B,0.00019680157508848926
MROH3P,0.00019678451157684526
RP11-136I13.1,0.00019673038012845518
RP11-631M6.2,0.00019655062759763175
HOTAIR,0.0001964020339045988
RP11-267J23.4,0.00019621334128757032
DRC1,0.00019617189621296598
RP4-559A3.7,0.0001961273759620989
KCNF1,0.00019611308940255172
RP11-592N21.2,0.0001961109197420075
RNA5-8SP5,0.00019602354576501841
MLK7-AS1,0.00019600941887033547
RP11-611O2.2,0.00019587542431004904
MIR670,0.0001955863973005982
RP1-74B13.2,0.000195576542124278
AC083899.1,0.00019554323214051317
RNY1P15,0.00019541186419145615
RP4-743O11.1,0.00019534583318201983
FEV,0.00019527067508132054
OR6V1,0.0001951916964136192
AC012442.5,0.0001951653986380448
RP1-232L22__B.1,0.0001950881301909016
U1,0.0001950613533554824
RP11-10O17.3,0.00019504198552263693
RPL7P59,0.00019490904765922967
CACNA1S,0.00019490871041592047
CTD-3137H5.4,0.00019486101545579515
RP11-511H23.2,0.0001948479917966297
SNORD94,0.00019476433240966234
TEX12,0.0001947540545854212
RNU6-669P,0.0001943904724346191
KCCAT333,0.00019435943016630583
SLC35A5,0.0001942201013748002
CCNHP1,0.00019412888849134043
SLC9A3P3,0.0001940796633163848
RP11-779O18.2,0.00019404101726817053
ERVFRD-3,0.00019403964431952635
MIR592,0.0001939769126609305
AC007879.6,0.0001939324845871178
CRYGEP,0.00019384882249182464
AC104698.2,0.00019371103746591533
KCNAB1-AS1,0.00019368104180954863
CPN2,0.0001934883395362111
IFITM4P,0.00019340201964110714
BTBD16,0.0001931754916154312
AC098824.6,0.0001931333425704842
NEUROD2,0.00019289492379967766
Y_RNA,0.00019283542656526342
RP11-666F17.2,0.0001928300789385051
RP5-898J17.1,0.00019271440632138601
RP11-1O7.1,0.00019261926891346414
PCDHB4,0.000192454399367427
RP11-305M3.2,0.00019240333243075163
TSR2,0.00019227415871837447
ADAD1,0.0001922299309495867
RP11-255B23.1,0.00019212061339045935
AC011298.2,0.00019204402073602582
GUSBP5,0.00019188688488031578
RP4-781K5.4,0.00019185725876486634
CSRP2,0.00019184608322404787
C12orf57,0.00019175511964604573
RP3-486D24.1,0.0001914520625536479
C3orf30,0.0001914110904716455
DRD4,0.0001912423901354881
RP11-163I18.2,0.00019123051954098884
RP11-45F15.1,0.0001911244581258188
AC006070.12,0.00019109728719566427
NPM1P40,0.000191047928604531
MARK2P17,0.0001910032691114156
ALG1L8P,0.0001909913582487967
TBC1D26,0.0001909474664046704
GJA10,0.00019080700633297598
MIR329-2,0.00019037933060410482
RAX,0.00019036535032741956
ZNF558,0.0001903357262770325
A1BG-AS1,0.00019016680679707237
RP11-282O18.7,0.00019000774973371788
RP5-908M14.5,0.0001899415882463994
HAS1,0.00018991147180158008
RP11-109L13.5,0.0001899075458272042
FRG2,0.0001897948348787275
RPSAP31,0.00018973294655965864
RP11-358N4.3,0.0001896702160052942
USP51,0.00018960203206778523
AC067959.1,0.00018955692538091476
ZNF37CP,0.00018953402931285907
MIR3147,0.00018953179415887597
MTCYBP43,0.00018951534317664773
NKX2-4,0.000189353696815702
MIR4764,0.00018934654323118094
RP11-759A24.3,0.0001892424281602067
uc_338,0.00018919844149193593
MRPS17P9,0.0001891593594618529
DGKZP1,0.0001891001796205853
CCDC89,0.00018909211463789122
RP11-637A17.2,0.00018904394782465168
Metazoa_SRP,0.00018877006089992982
ABCA17P,0.00018850707224246508
CENPW,0.0001884874790035251
MIR2355,0.00018822545787110936
FABP4,0.00018812120361725833
FAM46B,0.0001880677954312881
AC034187.2,0.0001880055801774166
EEF1A1P2,0.00018797954355180625
RP11-21L23.4,0.00018783628442467458
RP11-405K6.1,0.00018756016135366532
JPH2,0.00018753956449604113
RP11-3K16.2,0.00018740038777486623
RP11-86K22.2,0.00018731097028784366
RP11-452N17.1,0.0001873020205541805
FAM189A1,0.000186997079757178
RPL35AP32,0.00018689765993964736
BEND3P3,0.0001868964845881235
RN7SKP117,0.00018653363612671276
RP4-587D13.1,0.00018643237241917907
RP11-572N21.1,0.0001862064224548349
RP11-68L18.2,0.00018613945773401534
RP11-245J9.6,0.00018604217227787795
RNU7-136P,0.00018600617321165745
RP11-620J15.1,0.0001858818808344395
AP001891.1,0.0001858355022047403
RP11-503P10.1,0.00018576276464342823
RPS12P24,0.00018573909063067615
SCN10A,0.00018566701429550609
RGS5,0.00018547713799850157
MT-TI,0.00018528391033134991
IFIT6P,0.0001852818085084301
RNA5SP337,0.0001852146540298347
RP11-22H5.2,0.00018505122034520054
MRPS31P2,0.0001850024406064681
PNPLA3,0.00018461940627614696
RP11-465I4.2,0.00018459103895042525
CTD-2517O10.6,0.00018457046229016823
TMEM213,0.00018452746514096739
KRTAP9-9,0.0001845050673720011
MIR6765,0.00018449104848183493
ATP1B3P1,0.00018448032853230569
RP5-856G1.1,0.0001844465811667304
CPA4,0.00018442589408339193
RP11-767I20.1,0.00018440808766863404
NPM1P35,0.00018435642797599904
TAS2R64P,0.00018418319991754536
CARTPT,0.0001841422344209146
RASA2-IT1,0.00018401887388912912
MIR6827,0.00018383855164975102
RP11-2C15.1,0.00018382787986815385
RP11-788A4.1,0.00018369745786129602
OR52I1,0.00018358523359447414
RP11-90H3.2,0.00018342668732159527
SNRPGP14,0.00018328390747506304
RP11-1147P1.1,0.00018319793986275814
pRNA,0.0001831148174372592
RP11-164N3.1,0.0001830924191901237
SERBP1P1,0.00018309223205259504
GRAMD4P7,0.00018292393719654643
RP11-474C8.8,0.0001828558392934107
RP11-439A17.10,0.00018260682186640691
FBXO48,0.0001825341764721911
AC010468.1,0.00018237458666226406
VSTM2B,0.00018231077744899384
RP4-537K23.4,0.00018228790074403914
RNY4P14,0.00018211339818601736
RNU6-419P,0.00018203644525953863
RP11-613M10.9,0.0001816820360619661
AC064834.1,0.00018139490470300566
RPL15P3,0.00018138455543236127
LINC00908,0.0001813152050728886
LINC00645,0.0001812628909815637
RNU1-8P,0.0001812497406266671
QRSL1P3,0.00018119093560622424
RPL12P29,0.00018095623265904952
IFNNP1,0.00018079855490407598
LINC01063,0.00018073663200121314
RP11-2L8.2,0.00018070823819513765
SNORD115-32,0.00018046698365719888
RUNDC1,0.00018043859150891904
RP3-399L15.2,0.0001804071893773607
RP11-697E22.3,0.00018028166882897294
RP11-115H13.1,0.00018018802555414045
PRR13,0.00018014275501736126
RP11-358D14.2,0.00018011710933999546
RP11-488L18.6,0.0001800916979282096
MTCYBP42,0.0001799858931202505
RP11-366M4.8,0.00017998355475756935
RP11-196O2.1,0.00017995812591114604
FGF18,0.00017980531563863058
MYO16-AS1,0.0001795722139800404
RNU6ATAC4P,0.00017941658109831324
RP11-438L19.1,0.00017940613727791563
IGF2-AS,0.00017905856935794128
FLJ12825,0.00017905056562482285
AC005523.3,0.000178862155896858
AC004895.4,0.00017880081503066702
RP11-483E17.1,0.00017868968962609142
CTC-254B4.1,0.00017859406986906452
RP11-94B19.4,0.000178395904715617
LINC01230,0.00017830077187662574
RP11-373J21.1,0.00017812470170684355
RP11-763B22.7,0.00017783045914410668
RP11-422J15.1,0.000177785637531085
RNA5SP180,0.0001776712834523236
RP5-828K20.1,0.00017752101837220654
CTD-3010D24.3,0.00017737923258734912
C8orf48,0.0001773201845088119
RP11-375I20.6,0.00017719534395511184
LONRF2P1,0.0001769042585303636
SPATA20P1,0.0001767302582038235
RP11-780M14.1,0.0001766820469463621
KRTAP16-1,0.00017659745338875952
RP11-365D9.1,0.00017655906215075995
SCARNA21,0.00017641462535675562
RP11-686F15.2,0.00017625216347703907
HAUS6P3,0.0001762301458673024
LINC01219,0.00017609336045803587
LINC01048,0.0001760756943536574
AC104655.3,0.00017593609317540242
BUD31,0.00017556936436381227
RP11-174G17.2,0.0001755125695171578
RP11-500B12.1,0.00017547439556201078
LMO7DN-IT1,0.00017542877598950195
LINC00607,0.0001754107793423954
RP11-1101K5.1,0.00017521926570238512
CEACAM20,0.0001750763643409291
ACTL6B,0.00017494641918632016
OR8B10P,0.0001745901856767656
RN7SL732P,0.0001744720435395221
CNTFR-AS1,0.0001744060126164421
RNU5A-7P,0.0001743819289547344
MYL12BP2,0.00017430452237349054
RP11-240B13.2,0.000173963308455296
RP11-509M23.1,0.0001738021100125201
AC073465.3,0.00017376532710145027
RP11-62C3.10,0.00017373927503884813
RP4-569D19.8,0.00017367775150923409
RP13-379L11.1,0.0001733700499311138
MIR4801,0.00017319120801714992
RN7SL635P,0.00017318205571879226
RP11-700F16.3,0.00017313969852228333
LINC01136,0.0001731112862403756
AC007389.3,0.00017303293218653686
AC005324.7,0.00017301646774832075
RP1-13D10.5,0.0001726821098891755
AC113404.1,0.0001725417706474403
RP11-272K23.3,0.00017252270423949104
RNU6-1289P,0.0001724531887733001
FLRT1,0.0001723542537081296
RPL21P7,0.00017235070519165888
CTD-2184D3.7,0.0001723302002375244
CRYGD,0.00017212923232548928
RP11-483K5.3,0.00017211982204551067
ZNF727,0.00017207328400615493
RSU1P3,0.00017181090892849475
SERPINH1P1,0.0001718038690978574
GPR1-AS,0.00017177707922591575
DHFR,0.0001715653275977194
ALX3,0.0001713958101971852
AC116609.2,0.00017137027480881072
RP5-912I13.1,0.00017135858708390765
RP11-295P9.12,0.00017114236042970298
RPRM,0.00017113491657223454
RP11-157G21.2,0.00017100833451864927
AC116050.1,0.00017081128191144792
RP11-1J7.1,0.00017051471149559538
OR2H5P,0.00017039019897526947
C5orf52,0.00017016176756025402
LRRN4CL,0.00016994872606125241
PADI6,0.0001697462684459249
RP11-244N9.4,0.00016934795987173196
MT3,0.00016908754739208354
MIR4525,0.00016908747004072152
RP11-318E3.9,0.00016907365831727813
RP11-390N6.1,0.0001690410342708909
RP11-566K19.9,0.00016870428516473548
RP11-377K22.2,0.00016855000417480436
LCN8,0.00016854992339963317
WASF4P,0.0001684346994947141
MUC12,0.00016807818540985305
RP11-546M4.1,0.00016794296662139187
RP11-430G17.3,0.0001679045671395646
RP11-1003J3.1,0.0001678983638259732
RP11-164O23.8,0.00016782141935775706
OR2A1,0.00016754900686553203
RP11-89M22.3,0.00016753846739715967
RNU6-956P,0.00016748515038197704
RP11-74D7.3,0.0001674372648212936
RP11-616K22.2,0.00016721236689405536
DDIT3,0.00016717719712708377
RP11-481A20.10,0.0001671700940776934
TFF2,0.0001670926673843328
LINC01593,0.00016703822089336184
RP4-809F18.1,0.0001669338456642597
RP11-603J24.21,0.000166665754528458
KRT8P29,0.00016616948518594283
TGDS,0.0001660488951965587
RP11-60A14.1,0.00016604715493935643
RP11-281A20.2,0.00016599202769631896
KCNIP2-AS1,0.00016594153299401884
AC067940.1,0.00016584028291304602
HEATR4,0.00016570638041512554
ZDHHC5,0.00016562968612689037
BCL6B,0.00016544959861773537
RP11-496D24.2,0.0001654175150422371
EI24P2,0.00016530675183059324
RNU6-1144P,0.00016512313702597535
RNU2-72P,0.0001650920720693516
RP11-288A5.2,0.00016502704588320906
RP11-472K17.3,0.0001650111710131326
CLPSL1,0.000164552988434031
RP11-526D8.7,0.00016450310906305897
NAGLU,0.0001644681487889771
GSTA10P,0.00016430994229319455
LINC00968,0.00016430633284317898
PPIAP24,0.00016393923410474643
SAA2,0.00016388435348774495
PABPC4L,0.00016381829450952761
S100A8,0.00016378829723160513
SLITRK1,0.00016371414002173593
RP11-351I24.3,0.00016370916381830113
SNORD41,0.00016366294673207023
CTD-2583P5.3,0.000163619901526226
ATP4A,0.00016359370520831537
IQCF3,0.0001632935800834832
RP11-959I15.4,0.00016327072263625097
LINC01496,0.00016325190513890057
RP11-293A10.3,0.00016323479465839462
SIX1,0.00016318843987905138
AC105399.2,0.00016318300480245562
CTD-2260A17.3,0.0001631314877960876
OR10H1,0.0001630468197661787
RP11-368M16.5,0.00016300701432617418
RP11-527D7.1,0.0001626653210733642
OR12D3,0.00016261865144927604
RP11-135A1.3,0.00016246266948578874
LINC01584,0.00016238160068482124
RP11-18H21.2,0.00016232470272509492
MIR4513,0.00016206926084138642
RP11-419C19.2,0.00016197872624136925
FAM201B,0.0001619760359740231
BNIP3P9,0.00016177839371969794
DNM3OS,0.00016144917061631473
LINC01591,0.00016137563018109798
AC091729.7,0.00016098222399366506
LINC00211,0.00016097488833680205
PAICSP5,0.00016091418815736765
CACNA1C-AS3,0.00016084623942477655
LINC00623,0.0001608363028994314
AC009501.4,0.00016080854291791234
RP11-755B10.3,0.00016067976726269164
SPATA8-AS1,0.00016062294259678415
CCDC162P,0.00016060993051004045
KRTAP10-1,0.00016060496394670895
SNORA55,0.00016047794981013055
FAM138E,0.00016037812044223166
RNU2-63P,0.0001602455233756514
MSC,0.00016019531980089317
MMP11,0.00016012375625846273
SCARNA9,0.0001599871042313523
RP1-28C20.1,0.00015982830620494293
AGTR2,0.00015973126303578074
AC009022.1,0.00015967365420295511
FLJ46284,0.0001596350523081124
EPCAM,0.0001596106220057418
PLXNC1,0.0001595001142328331
ADAMTS9-AS1,0.00015924172355217834
RP11-734I18.1,0.0001590738763379669
DAO,0.00015893200137566323
GNRHR2P1,0.00015891569089038703
ASPDH,0.00015890604595835515
ALX1,0.00015878452672084882
GATC,0.0001587278080663777
ACTL9,0.00015855021503857978
PRO1804,0.00015854626963868965
RP11-290C10.1,0.00015853273445549725
RP11-556G22.1,0.0001580360030683406
LINC01305,0.00015795264689401158
RP11-486M23.2,0.00015763181378842096
KLRC3,0.00015742046720834912
CH507-513H4.4,0.00015709747004211876
RP11-436D10.3,0.00015704769229209995
FBXO16,0.0001567603756898952
FGF14-IT1,0.00015663882594993417
MAB21L3,0.00015656253807401732
MND1,0.00015649250285626535
RP11-401N16.2,0.0001564552622574165
KTN1-AS1,0.00015636489340169435
DGCR9,0.0001560403980177471
RP11-12A20.6,0.00015602134612256917
PP12613,0.00015598964574570613
MIR133A1HG,0.0001558624630984735
CXCL5,0.0001558559839115387
CD3EAP,0.0001555028461693877
RP11-766F14.2,0.00015537942839911604
RP11-119H12.1,0.00015536934748304975
VAMP2,0.0001551757745672309
TNMD,0.00015492879728849855
DPYD-AS1,0.0001548602809728589
RP11-100M12.2,0.00015459521181503862
RP11-174G17,0.00015452736900487189
GPR180,0.00015433448580906084
AC009878.2,0.00015427870246619092
RP11-298I3.3,0.000154180372127
RTCA-AS1,0.00015406272365105973
OXCT1-AS1,0.00015398884818472537
RP11-38J22.3,0.00015396189887244882
RP11-584P21.4,0.00015394736371152415
RP11-360L9.4,0.0001538693062279706
LINC01162,0.00015386457099119495
RP11-54D18.2,0.00015384345882220934
RP11-629P16.1,0.00015365777960830873
DISP1,0.0001535829887350734
MTND4LP30,0.000153447255253747
CTC-497E21.3,0.00015337641057503474
OR56A4,0.00015336224262592972
RP11-212P7.1,0.0001532073535265538
BEND7P1,0.00015299428149119284
CRABP1,0.00015278492742096069
RP1-302G2.5,0.00015255062191720436
CALB1,0.00015244901402611773
RP11-710F7.2,0.00015234865460089122
SNORD5,0.0001523266233968372
RP11-277P12.9,0.0001522765924000049
RP11-23J9.3,0.00015203291969827164
CTC-575C13.3,0.00015196447220010428
IGLV1-62,0.00015153274709662652
CTD-2313J17.5,0.0001514301341375271
RP11-480N24.4,0.00015134801935786935
RP11-453M23.1,0.00015133237196387575
RPARP-AS1,0.00015124720731841092
RP11-557F20.2,0.0001509162462146095
RP11-20O24.4,0.00015068500582156769
AC012066.1,0.0001504696546252155
RP4-671O14.5,0.00015040819304406846
MOCS3,0.0001503331414754174
UTS2R,0.0001503138870573211
SSR4P1,0.00015029192225570512
MNX1-AS2,0.00015025898903438158
MIR1179,0.000150164000901735
RP11-357K6.3,0.0001498765274639702
RP11-19J5.1,0.0001491916047845364
HLA-DRB5,0.00014917955408604353
NDUFB11P1,0.00014915041728329987
RNU6-87P,0.00014898953087006788
SCNN1G,0.00014891807649777093
TMEM115,0.00014885201749886197
RP11-353N4.6,0.00014864460539145815
RP11-794M8.2,0.00014815252391451865
TRERNA1,0.00014812545692280489
RP11-192M23.1,0.00014793299417846867
RPL39P40,0.00014792955782916728
CCDC150P1,0.00014786152321529932
RSL24D1,0.00014785258549573926
RP11-659F24.1,0.00014769892166150602
VN1R34P,0.00014761103417857972
RPL30,0.00014760479153993564
RPL36AP15,0.00014759686006182563
RP11-737F9.2,0.0001472607083595291
GET4,0.0001472511008328362
RP11-63L7.5,0.00014686161233096184
CTC-273B12.10,0.00014660319879143655
RNU6-336P,0.00014622444120386825
RP11-471N19.1,0.00014620457429840051
ADRA1B,0.00014618122622740663
HOXB5,0.00014611730611587687
SSRP1,0.00014608955538142058
RP4-555D20.2,0.00014594391091200584
VDAC2P2,0.000145937707560829
SNORD63,0.00014591740505020637
RP11-169D4.2,0.00014562163306931926
RP11-1033H12.1,0.00014555750086226308
DDX18P1,0.00014555700579207113
ZNF843,0.0001454962814281002
MIR129-2,0.00014533306872515584
CTA-243E7.4,0.0001452193268304003
RP5-905G11.3,0.00014499475996962726
RP11-400F19.8,0.00014444872505513337
RNA5SP507,0.00014434630224056851
RNA5SP496,0.0001441662384594513
TALDO1,0.00014396728528754155
PPP4R1-AS1,0.00014377258190948218
RAB30,0.00014362163171167166
RNU6-345P,0.00014342953217528107
HIST1H3J,0.00014328928145001296
MYL7,0.00014323585856112301
INHBC,0.00014307997515963528
GDF7,0.00014299638495658814
RPL6P27,0.00014251883306199762
CTD-2524L6.3,0.0001422337900708104
RP11-680F20.10,0.00014221628483543255
TEX15,0.00014221510669250087
TAS2R6P,0.00014211838680769836
NUDT10,0.00014188798229073824
RP11-77K12.4,0.0001417247330519456
RP11-396O20.2,0.00014163036167004362
RP11-218D6.4,0.00014160641796210689
CACNG1,0.00014156618408668275
RP11-507J18.1,0.00014144717137072827
RP11-222N13.1,0.0001414371570216214
FERP1,0.0001413636932538549
RP11-416H1.2,0.00014126675762275682
MIR3688-1,0.00014095830507518037
MTCYBP34,0.0001409153729937152
DHX16,0.00014077317250145538
RP11-1018N14.2,0.00014068251291795008
MIR1913,0.00014066607198720944
ZNRF4,0.0001406555527223089
RP11-865I6.2,0.00014063616647036343
LLNLF-65H9.1,0.00014055794124581873
RP11-510C10.4,0.0001405051448186275
PRCAT47,0.0001404700001467209
RASL11B,0.00014043255105995124
RP11-550H2.2,0.00014027014256692963
OR2A14,0.00014006665151769656
CTD-2006C1.12,0.00014004873730709034
RP11-662I13.2,0.0001400111644569296
RP11-131K17.1,0.00013965414599226517
AC114760.1,0.0001396533258900301
RP11-331F4.4,0.000139567991796733
RP11-680F8.4,0.0001394453863664614
HNRNPA1P53,0.00013941592228302365
CTD-2240J17.3,0.00013921705220347773
RP11-102M11.1,0.00013919499494670357
RP11-262K1.1,0.00013897448515934495
RP11-704J17.5,0.00013893556220943528
RP4-635E18.6,0.00013869889269584726
RP1-102G20.4,0.0001386804648269934
MIR627,0.00013866834703677358
RP11-226L15.1,0.00013863052663188168
TMEM244,0.00013853481575673476
KRT6A,0.00013851482012813872
MRPL13,0.00013851353543344456
LINC01166,0.00013849906891426193
RP11-758M4.4,0.0001382666775683948
TRIM51FP,0.00013820365755210529
MTCO1P47,0.00013797131218485866
AC006050.2,0.00013795643108144542
RP11-1212A22.4,0.0001379184117093804
OR7E19P,0.00013775041540872013
N4BP2L2-IT2,0.00013773538858959743
CTD-2369P2.12,0.00013766393129815508
OR9I2P,0.00013759546685319723
RPL17P17,0.0001375321249350036
RP11-54C4.3,0.00013723405097743437
AP000620.1,0.0001371562081052072
RAB4B-EGLN2,0.00013679630153219988
RP13-614K11.2,0.00013672768039173295
SMARCA5,0.00013671602489889978
RP11-53I6.1,0.00013667501521232118
RNU6-945P,0.00013644468374817846
VNN1,0.0001361395330702008
RPSAP51,0.0001360812857882054
RP11-269G24.2,0.00013596406931141102
GPR21,0.00013584334405000552
CHST4,0.0001358263356323345
CCL13,0.0001358106438868927
RP11-343C2.7,0.00013567442150226857
NUP210L,0.00013562005584499256
CTD-3096M3.1,0.00013556594908779328
MKX-AS1,0.00013540920265789257
RP11-567G24.3,0.000135295031737484
HIGD1AP9,0.00013498143390686554
AC003989.3,0.00013470281693573293
CTC-270D5.1,0.00013465326022769913
SNORA5C,0.00013451374775698714
RP11-320G10.1,0.00013416262913085877
RP11-367N14.3,0.00013413337427846652
RP11-382D8.3,0.00013408504992274136
RP11-371A19.2,0.00013400618605289956
KLF2P3,0.00013396538076050626
AC002519.6,0.00013393212824856825
NR2F2-AS1,0.00013380535176057024
AC026904.1,0.00013377186835986001
NAP1L4P2,0.00013376842648951583
ERICH3-AS1,0.00013375041313145916
RP11-468I15.1,0.00013364781038919957
NPC2,0.00013356691984363892
RP11-506E9.3,0.00013342106988067768
CTB-35F21.2,0.00013319586758965776
RP11-168O16.2,0.00013317123814599467
RNA5SP146,0.00013314384632320028
HNRNPA1P15,0.00013305065730935623
RN7SL791P,0.00013297369399063312
LINC00528,0.00013276252620648374
RP11-326L9.1,0.00013275580608321051
RNU6-525P,0.00013272359763115432
AC006296.1,0.00013259214067095422
NDST3,0.00013259170861694428
KLF17,0.00013255783178929434
RP11-513G11.2,0.00013231916088672939
SEMA7A,0.0001323169661455866
ECSCR,0.00013220848920882257
Y_RNA,0.00013209657695969953
CTD-2303H24.2,0.00013205980492822874
NDUFB2-AS1,0.00013195269494753
RP11-973H7.1,0.00013192658122739004
KSR1P1,0.0001318778243539988
CTD-2089N3.2,0.00013182723443076153
LSP1P3,0.00013178152727569487
C1orf174,0.00013175151193415215
RP11-507J18.5,0.0001316551925232126
NACAP1,0.00013161641501297988
ZNF182,0.0001315353287120515
HCG15,0.00013153050788007657
BBOX1,0.0001314571968224249
NWD2,0.00013135742745903455
SNRNP27,0.00013134879230980434
AC138649.1,0.00013116615696081885
FABP12P1,0.0001309682970906858
CTC-281F24.3,0.0001306234732036136
AC093627.11,0.00013056303649224498
AC016747.3,0.0001304665658677916
RP11-99H20.1,0.0001303967944600274
RP11-1260E13.1,0.00013026322454341848
RP11-830F9.6,0.0001301119205869536
RP11-619A14.2,0.00013009369033713976
KRTAP2-2,0.0001300617184766011
Y_RNA,0.00013000516694239568
RP11-178D12.2,0.00012991627971659287
C3orf70,0.00012989582823737892
TRAJ12,0.0001298556162502108
Y_RNA,0.0001297513475227465
CTB-36H16.2,0.00012959165897769568
RPS18,0.000129562368650079
EVX2,0.0001295238913137806
RP11-473I1.6,0.00012950855000032945
RP11-336K24.12,0.0001294329950074099
MSMB,0.0001294027049294125
RP11-261P24.2,0.00012933158399114057
Y_RNA,0.00012920584494060063
LINC00934,0.0001291323286006964
OR1D3P,0.00012872478444643542
RP11-897M7.3,0.00012871769292659586
LA16c-335H7.2,0.00012865462504123979
RP11-565N2.1,0.0001285941448816652
RP11-378E13.4,0.00012856654871433698
SRP72P2,0.00012842012318672497
RP11-758M2.1,0.00012821819467378137
RP11-626G11.4,0.00012804402664243764
MIR377,0.00012771186083899983
BCO1,0.00012755957739025463
AP000350.10,0.00012747063728315203
RNA5SP175,0.00012721529787222035
RP5-1177I5.3,0.00012714489577134256
HHIP,0.00012700149551075966
Y_RNA,0.00012681072199457197
ISCA1P1,0.00012667867750242224
MIR4719,0.00012653855144005975
RP11-255H23.4,0.0001264013290937211
MIR4448,0.00012637409183624413
RNU4ATAC12P,0.0001262626217099054
HNRNPCL1,0.00012617227652740782
CTD-2583A14.11,0.00012608158966105656
KB-318B8.7,0.0001259488758275802
RN7SL752P,0.0001259479410996137
RP11-618L22.1,0.00012593773235220493
CATSPERB,0.00012577207013189296
AC018878.3,0.00012573247296828954
CSAG2,0.0001256919888581417
RP11-380P13.1,0.00012566441857847073
SNRPEP2,0.0001255639169810754
RP11-122M14.1,0.0001252527743421517
RP11-543D5.1,0.0001250412719015307
RP11-196D18.1,0.00012486134518946933
LINC01445,0.0001240945002506842
RP11-21L23.2,0.00012406689299142298
DPEP3,0.00012402968564694927
RP4-806M20.5,0.00012401471210159
C4orf32,0.0001239171808820505
ZCCHC5,0.00012357076459305956
IL13,0.00012341606086214887
LINC00853,0.00012331889435829679
AC079988.3,0.00012314599560760129
RP11-497G19.7,0.00012301712821227663
RNU4ATAC11P,0.00012285558019399463
AC108142.1,0.0001228410707245726
RP3-449M8.6,0.00012263233285856007
RP11-1J4.1,0.00012253520017622583
RAD51L3-RFFL,0.00012239661324867963
RP13-152O15.5,0.00012236140122212372
RP11-508N22.9,0.00012218753097520638
RP11-701H24.5,0.0001220438561285478
CELA1,0.00012200950257665528
RP11-796E10.1,0.0001218903198565924
RP11-358B23.6,0.00012184903440373053
CTA-392E5.1,0.00012169080497672675
RP11-473E2.3,0.00012153101844308721
C2orf69P1,0.00012140949841917303
PRR35,0.00012126326154082094
RP11-763B22.3,0.00012121778237695874
RNASE6,0.00012118021828595671
REG1A,0.00012113709723225511
RP11-552M6.1,0.0001211048966817393
AC093063.2,0.00012109150439205106
BNIP3P30,0.00012108914339903664
MUC7,0.00012103899887441191
APOD,0.00012098890986196098
RPL34P31,0.00012081700153379825
RP11-430L3.1,0.00012062769065394203
MS4A10,0.00012046637594560701
C6orf203,0.00012045216478150186
RP11-483A20.3,0.00012040694051382719
TECTB,0.00012011887391385006
RN7SL75P,0.00012008808778849215
PGBD4P1,0.00012007404251449623
AC012368.1,0.00012005803073883591
RP11-474D1.1,0.00012000611210983453
RP11-359K18.4,0.00011997288192962037
AC010148.1,0.00011987008810466674
RP11-158M2.4,0.00011968994811546321
RN7SL105P,0.00011966917973937159
KRT18P68,0.00011945753365467265
CTC-439O9.3,0.0001191806571100848
BSNDP2,0.00011912478974112172
INMT-FAM188B,0.00011900595357093398
RP11-180P8.3,0.0001189071205542753
CTD-3233P19.8,0.00011889982762383162
RP11-432J22.2,0.00011884810026481739
SFTPA3P,0.00011844785874892264
RP1-66N13.4,0.00011843473390515607
FER1L6-AS2,0.00011833782974823543
HSPB8,0.00011792308169253327
RP13-578N3.3,0.00011791363485780136
LINC01479,0.00011784733636974786
RPS4XP7,0.00011784416560926693
KC6,0.00011781145985536544
DNM1P17,0.00011773417908692024
Y_RNA,0.00011763230938475875
C7orf66,0.00011749811630103485
TUBB8P8,0.00011744624156997724
RNU2-40P,0.00011734743740352554
PPIL1,0.00011732347685271057
RP11-35N6.6,0.00011716029313474907
RP11-54H7.4,0.00011710210554348295
TSPAN31,0.00011696618161709513
AC023137.2,0.00011691771114272235
SNORA26,0.00011681627228222444
RP11-131O15.2,0.00011681054294909511
CTD-2339F6.1,0.00011677565987615684
RP11-538I12.3,0.00011610410869130082
IRX4,0.00011604338057060075
AC079776.2,0.00011600024410340856
RP11-79E3.3,0.000115869967889113
CTD-2334D19.1,0.00011577906779307708
RPL12P15,0.00011577231721810858
BPIFB4,0.00011564986804695066
RP11-380L11.4,0.00011531658759177373
AP000695.6,0.00011523512204099475
RP11-803B1.8,0.00011514946831986438
FAM103A2P,0.00011507915476360518
CTD-2089N3.3,0.00011472358730293632
CDC37P2,0.00011446764258372757
MIR3174,0.00011446025532172611
ZNF676,0.00011439433444349486
RP11-497H16.5,0.00011423282951567368
SDCBP2-AS1,0.00011409086130453347
RN7SL181P,0.00011405032557286104
RP11-696F10.1,0.00011375157244916778
RP11-666O2.4,0.00011370908053188474
RPS11P6,0.00011362514985150032
AP000479.1,0.00011360325811682022
RP11-122L4.2,0.00011353594643061906
LINC01517,0.00011339474015081076
RP11-744K17.8,0.00011302734194112898
RP3-393E18.2,0.00011296892135241219
IRF2BPL,0.00011292547229399111
RP1-293L6.1,0.00011283112962562487
GSG1L2,0.00011277427726040578
RP11-417E7.2,0.00011271892183115447
RPL39P38,0.00011254916834054606
EIF3H,0.00011247963950948025
FAM27E2,0.00011236059768627562
SNTN,0.00011233953524489768
ANKRD20A6P,0.00011226898695410857
RP11-890B15.2,0.00011224859578857757
UNK,0.0001122341401655627
COX6CP3,0.00011219322369332856
Metazoa_SRP,0.00011196562014811877
RN7SL49P,0.00011194933512421346
RP11-34C15.2,0.0001116811878916216
RP11-966I7.3,0.0001116468179100842
SNORD116-26,0.00011151199405629684
GPR149,0.00011146948533746176
ACTRT1,0.0001114683839527578
SNORD112,0.0001113910784064154
RP11-510C10.2,0.00011137103798270192
SNORD115-38,0.00011127519176322864
RP11-617F23.2,0.00011118813748218775
CTC-548H10.2,0.00011077655659165986
AP002856.7,0.00011072902649059585
PABPC1L2B-AS1,0.0001106812572051958
Y_RNA,0.00011067973329746034
RP11-214N16.2,0.0001105229217715146
MIR7854,0.0001103966380592427
GPRC6A,0.00011038059892202853
CTD-2587M2.1,0.00011020755091972363
MIR4417,0.00011017594353569322
MAPK6PS3,0.0001101488325042196
AC113607.2,0.00011010777706712577
COMP,0.00011001376996148368
RP11-445F12.1,0.00010983406176570342
WSB2,0.00010978301291618403
RPL7AP72,0.0001097785067248428
CDK2AP1,0.00010955591474971692
RPL21P90,0.00010953121421379879
RP11-214F16.8,0.00010948958207819135
AC104532.4,0.00010945738044296272
MRPL50P1,0.0001093677999360475
KERA,0.00010932205891504528
PRR15,0.00010929761866934352
SNORD114-4,0.0001091588051682263
RP11-554L12.1,0.00010914268725293565
MAGEC2,0.00010909494768901511
RP11-572M11.1,0.00010879105498733852
LINC00111,0.00010863175681615916
YBX1P5,0.00010860628218023434
RP11-120A1.1,0.00010858967940791944
LINC01489,0.00010839295948656901
CTSLP2,0.00010804346559803999
FLJ30679,0.00010800364131497377
RP11-434P11.1,0.00010792956161693895
IL27RA,0.00010785839816400481
HMGB1P44,0.00010760582679842098
RP11-381K20.2,0.00010757291442311468
RP11-262H14.3,0.0001072996572282249
PAXIP1-AS1,0.00010695511252839495
RP11-1038A11.3,0.00010692193847025327
RP11-310N16.1,0.00010680389488158486
RP11-959F10.6,0.00010663758506618386
AACSP1,0.00010656702029334297
AC004870.3,0.00010653611515400173
SMIM10L2B,0.00010630668604148729
EIF4A3P1,0.00010598766220554291
SOSTDC1,0.0001056211043929104
RN7SL738P,0.00010557368664171794
CTD-2218K11.3,0.00010531903199434023
RP3-336K20__B.2,0.00010527921856807753
RPL21P89,0.00010513929998727761
MIR3919,0.00010489011468136764
MTDHP4,0.00010480806763057265
ST3GAL4-AS1,0.00010480084301598887
HIST3H2A,0.00010469760762086532
HMGB1P41,0.00010443997070615456
RP11-1149M10.1,0.00010435705077356755
RP11-547D23.1,0.00010424030134601184
AOAH-IT1,0.00010416183131280594
CHAC2,0.00010415131513613777
MIR7-2,0.00010399351491195584
AC098826.5,0.00010398524155229061
RP1-81P11.1,0.000103733662156156
UVRAG,0.0001037196553051983
RP11-242G20.1,0.00010359004981676407
MIR1273A,0.00010348906469770803
GALP,0.0001033885356665026
RNU6-448P,0.00010334784448049076
RP11-31I22.3,0.00010326393629783274
MTCYBP24,0.00010289085979950977
REM2,0.00010277165125566877
FBXL22,0.00010274975937741407
HERC2P4,0.00010261910670227146
RP11-70K10.2,0.00010260711012399405
RP11-132N15.1,0.00010256464805466295
N4BP3,0.00010253806933000071
RP11-405M12.3,0.00010234468120638599
BHLHE22,0.00010225550608260036
MYPOP,0.00010214276201420803
RP11-338N10.3,0.00010201079177450392
AC012370.3,0.00010188824891253059
RP11-815M8.1,0.00010175529316492192
LINC01505,0.0001015836274895826
FPR2,0.00010157309388830067
Y_RNA,0.0001015179307827238
TRAF1,0.00010146875804938235
AP000857.3,0.00010145140415033066
SCGB3A2,0.0001013548437927405
CTD-2194D22.4,0.00010130878719247918
RP11-481J13.1,0.00010112613198749356
RP11-342A23.2,0.00010108501720324143
CTC-281F24.1,0.00010096157651131082
ZSCAN5B,0.000100938872696509
RP11-881M11.2,0.00010081540854269097
RP11-485M7.1,0.0001007946101781231
ZNF92P2,0.00010078331759203739
RNU6-1084P,0.00010049377159587716
MATN1-AS1,0.0001003885943478601
EEF1A1P19,0.00010020230483171694
AGGF1P6,0.00010017735825348498
C9orf69,0.0001001212523499092
DNAJC9-AS1,0.00010010435176313865
KCNK9,0.00010003149240960908
PTPRD-AS2,9.991858238938142e-05
RP11-542A14.1,9.977477779747988e-05
GJB3,9.973445281801718e-05
RP11-58H15.3,9.96679345413747e-05
TAGLN2P1,9.953161997840907e-05
RNA5SP456,9.950749640693023e-05
RP11-234B24.5,9.924344774374301e-05
CDKN2A-AS1,9.902396154867262e-05
RP11-323A7.1,9.885751567071299e-05
RP11-544A12.5,9.878155181745172e-05
SNORD113,9.870038697411242e-05
RP11-1070N10.4,9.85322127580379e-05
uc_338,9.839156401098375e-05
RP11-554I8.1,9.830721384422654e-05
RNU6-558P,9.82385505854957e-05
OSER1-AS1,9.80681351315778e-05
DOK6,9.805781354286953e-05
CTD-2281E23.3,9.798837116608884e-05
MIR450A1,9.798047674149798e-05
MIR539,9.769039179069266e-05
TULP2,9.754036308412e-05
RP11-687M24.7,9.737324421869625e-05
RP11-676J12.6,9.718147241266422e-05
OR5M2P,9.710171908036576e-05
RN7SL819P,9.680983803044331e-05
RP11-274A11.5,9.679733444446059e-05
NEUROD6,9.672618363003733e-05
FDX1P1,9.652480195820584e-05
RP11-260M2.1,9.649652384803752e-05
MEG9,9.634982338146192e-05
RP11-115D19.2,9.607613138900126e-05
CA14,9.606476959949604e-05
PCDHGA7,9.599029177276004e-05
XXbac-BPG258E24.10,9.59182641781154e-05
RP11-473C19.1,9.570977994467926e-05
RPL37AP8,9.565084393661958e-05
HAND2-AS1,9.563336502199845e-05
AC024592.9,9.555751716061897e-05
RPL23AP81,9.555407652754821e-05
AC005062.2,9.549227466677386e-05
AC006372.5,9.543394496211521e-05
RNU6-1340P,9.513457974544444e-05
RP11-556I14.1,9.513292396267037e-05
ZNF444P1,9.510461857139574e-05
COX8A,9.50011615456259e-05
RP11-609N14.1,9.474829343050896e-05
DNAJB5-AS1,9.47457712910192e-05
RP11-292E2.2,9.470308913755953e-05
LINC01522,9.466796769719079e-05
PNLIPRP3,9.464815509797208e-05
RNA5SP497,9.458988675267567e-05
CDKN2C,9.449334892891898e-05
CYP2C9,9.44753697114259e-05
RP11-535A5.1,9.446328587962619e-05
RP11-166N6.3,9.443383220666938e-05
RP11-302K17.3,9.438455664496997e-05
CHRNB2,9.398677290547593e-05
ACY1,9.380486368405864e-05
AL356135.1,9.375921369584484e-05
RNU6-1134P,9.353869081581664e-05
CACYBPP3,9.349603538471094e-05
KRTAP9-12P,9.333372278399408e-05
MEX3A,9.311753828713978e-05
MED28P8,9.274022301697857e-05
HMGB3P11,9.270651883856436e-05
RP11-377H23.1,9.251707751111342e-05
OSBPL9P4,9.248592323368829e-05
AC011516.1,9.227083628032485e-05
AP001257.1,9.220834241289258e-05
LINC01003,9.214685596679894e-05
VN1R104P,9.213149284736871e-05
RP11-174M13.2,9.206769362446202e-05
RP11-375N15.2,9.206185467300796e-05
CTC-554D6.1,9.200237933281942e-05
RP11-379F4.4,9.178756957906406e-05
RN7SKP78,9.172811882121342e-05
RP11-111F5.2,9.155396631564946e-05
LHFPL3-AS1,9.135687132437012e-05
RFPL4AP3,9.116323313164514e-05
AC008984.2,9.106435685730967e-05
RP4-777O23.3,9.074003753423305e-05
CTD-2063L20.1,9.070148448243128e-05
IFNG,9.062822955472808e-05
Y_RNA,9.044010385944784e-05
RP11-160E2.6,9.04371960286825e-05
CTD-2373J6.1,8.988226776382932e-05
RP1-161N10.1,8.98314939875203e-05
RP11-50C13.2,8.977840131043468e-05
ATXN8OS,8.962252171879736e-05
RN7SL126P,8.949915194841859e-05
RPL41P1,8.948832578400723e-05
OR52N3P,8.928902376632508e-05
SNORA19,8.92162496751808e-05
C14orf39,8.914158102280992e-05
RP11-163O19.11,8.900391034672978e-05
RP11-958J22.1,8.87590280157625e-05
RP11-472F19.1,8.867454589393199e-05
POLG2,8.849009793877974e-05
LINC01422,8.839008677787057e-05
RNU6-767P,8.832925473734497e-05
SNX18P14,8.823199404149003e-05
NDUFA5P10,8.818087852205535e-05
RP11-219E7.3,8.804734320330587e-05
CTC-286N12.1,8.79522730652022e-05
LINC00689,8.793498740894077e-05
MIR483,8.757013872489175e-05
RP1-56K13.2,8.72079223874431e-05
RP11-321M21.1,8.717739824347996e-05
CTD-2313N18.8,8.713125882051594e-05
RNA5SP479,8.707288512072965e-05
CTC-518B2.8,8.702937076646004e-05
CTC-273B12.5,8.694442045276727e-05
LINC00851,8.690000307472492e-05
RBAKDN,8.682170177170588e-05
RP11-424E7.6,8.670242681666705e-05
RP11-398J16.1,8.668479922808913e-05
AC092106.1,8.667451399291915e-05
MAP6D1,8.647444760565337e-05
EMD,8.619557777684447e-05
HPR,8.610729936218391e-05
RP11-400N13.3,8.604948953472751e-05
AC004911.2,8.598735516446866e-05
RP11-477H21.2,8.59734726672444e-05
Y_RNA,8.588948479944026e-05
CTD-2034I21.1,8.571389619913148e-05
CTD-3088G3.6,8.568550098242242e-05
RP11-274B18.4,8.567239590856272e-05
HSPA8P3,8.55157021354718e-05
RP11-109D24.1,8.525477031998855e-05
RP11-328P23.3,8.518736212144046e-05
MIR328,8.506242448612883e-05
CTC-493L21.1,8.504179477294555e-05
RPL17P34,8.481999576237372e-05
TAAR6,8.471318667596867e-05
GIPR,8.460186923912168e-05
AC116609.1,8.455628135171884e-05
OR5AK2,8.44725948194978e-05
EDNRB-AS1,8.443156874359973e-05
OR7E11P,8.430181117086383e-05
RP11-538D16.2,8.426372258824247e-05
RP11-368L12.1,8.402763818551386e-05
RP11-366M4.6,8.390879259261515e-05
RP11-46I8.1,8.357986867852802e-05
RP5-1057I20.6,8.357599717016365e-05
LINC00672,8.336330485707617e-05
RP11-339A7.1,8.31804432621081e-05
SPDYE9P,8.312936734307373e-05
ANKRD34B,8.307570634006067e-05
RP11-221N13.3,8.265554887322442e-05
RPF1,8.249683100164742e-05
RP11-856M7.1,8.240725508653235e-05
DUSP5,8.229903933156561e-05
CTD-2240J17.4,8.226012150472902e-05
AC025335.1,8.215944340584698e-05
RP11-132A1.4,8.213003012411281e-05
RP11-297M9.1,8.206964596406673e-05
FTCDNL1,8.203032432661352e-05
AC053503.4,8.186804011699719e-05
MIR5092,8.186360866079582e-05
RP11-620J15.2,8.161120985130022e-05
RPS26P13,8.12601359402771e-05
PAM16,8.097496580712197e-05
RP11-511H23.1,8.088111496093549e-05
RP1-134O19.3,8.087604325651124e-05
RP11-520D19.2,8.085437260659388e-05
ARL16,8.082701109193338e-05
AC009229.5,8.072039172880572e-05
LINC00922,8.071877269493963e-05
KLF14,8.069060662460484e-05
RP11-731K22.1,8.058448563976676e-05
RPL23AP33,8.03988034863119e-05
OR12D1,8.038403209176346e-05
RP11-510J16.5,8.037865826853949e-05
RNU6-22P,8.02126518068982e-05
MIR4266,8.005549338351349e-05
AL132796.1,8.003941091008406e-05
CLDN14,7.99478818367794e-05
RP11-779O18.3,7.98971895503376e-05
GALR3,7.979461260736734e-05
GPR12,7.960698923271992e-05
CH17-189H20.1,7.95590312559629e-05
GOT2P2,7.955080221424995e-05
RP11-358N4.6,7.939355718034456e-05
TFAP2D,7.938329488781172e-05
LINC00415,7.884534169120724e-05
ZNF806,7.872764580697243e-05
AC012363.4,7.850235112948205e-05
RP5-1033E15.3,7.849518586447743e-05
OR10H2,7.847085345599289e-05
RP11-92B11.4,7.847071049779596e-05
RP1-317E23.3,7.842476174114746e-05
RNU6-238P,7.839473797252804e-05
HNRNPA1P3,7.833881527303996e-05
RP1-153P14.7,7.826066131844253e-05
MIR5584,7.825510234201477e-05
RP5-1119A7.11,7.813946173704014e-05
RPL5P22,7.811829018174112e-05
ARF6,7.804906618395394e-05
RP11-31I22.2,7.795795151241234e-05
RNU6-657P,7.779995699801102e-05
PLA2G3,7.760299885613976e-05
TADA2A,7.752199578323395e-05
LINC01608,7.747518252463535e-05
CYP2C19,7.744211973204597e-05
ITPKA,7.737434244740799e-05
MALL,7.72239618178172e-05
RP11-94B19.1,7.712352409352096e-05
RP11-685B14.3,7.711603553089263e-05
MIR4796,7.708038240913305e-05
MIR9-3HG,7.701164058101148e-05
AC007250.4,7.682038056290999e-05
AC093162.5,7.66609863301391e-05
TUBB4AP1,7.659355420064344e-05
WTAPP1,7.659074036211109e-05
RP1-136J15.5,7.657169354420745e-05
RP11-81F13.2,7.630383072329574e-05
RTN3P1,7.629599271279749e-05
PNKDP1,7.615026802518934e-05
UGT3A2,7.60309398919546e-05
AC104451.2,7.601311005364809e-05
GCOM2,7.600257733383404e-05
FNDC7,7.584139182629269e-05
RPL3P11,7.574515330130263e-05
CTD-2600H12.2,7.569183672797019e-05
CYP21A2,7.567498080716585e-05
KRT18P7,7.564057366849731e-05
RP11-857B24.5,7.561692308641994e-05
SNORA11C,7.56037643855196e-05
RP5-1172N10.2,7.560032622673595e-05
RP11-733C7.1,7.539752363764871e-05
TP53TG3GP,7.536453198541556e-05
SIX3,7.517055602224463e-05
RP11-654C22.2,7.506423772748405e-05
REM1,7.492366041654812e-05
HIGD1AP5,7.483571041239052e-05
PLA2G12B,7.482071114573092e-05
CAPN6,7.438794317487616e-05
RP11-479O16.1,7.437290607320995e-05
CTD-2506J14.1,7.433064694889532e-05
RP11-730G20.1,7.417027854666008e-05
CMB9-14B22.1,7.415348458940267e-05
RP1-140J1.1,7.41299296431295e-05
FLJ36000,7.412563909570858e-05
RP11-696N14.1,7.403574880317267e-05
RP11-983C2.3,7.385514221029839e-05
CLEC2B,7.377858247889912e-05
RP11-364C11.3,7.36708742672293e-05
MIR370,7.367061371273229e-05
CTC-459F4.9,7.359142428649563e-05
RP11-334E6.4,7.356891808653493e-05
RNU1-109P,7.3507425504874e-05
RP11-345K9.2,7.311474709073833e-05
AC000123.4,7.308538643643813e-05
PRELID3BP7,7.268887320258974e-05
F2R,7.268442828906746e-05
C11orf53,7.215016419677595e-05
CTBP2P8,7.196324718364134e-05
KIAA1644,7.196065623111244e-05
MIR548AA1,7.185180818674264e-05
PWRN2,7.181893542528242e-05
RP11-452C8.1,7.176812335815596e-05
RP11-429E11.2,7.164667976839093e-05
MIR4300HG,7.148633000373494e-05
AC018359.1,7.145627194172264e-05
RP11-138M12.1,7.14327977952115e-05
TNFSF9,7.113077575077416e-05
RP4-620F22.3,7.107001315429361e-05
ISX-AS1,7.103737466534282e-05
RP11-392P7.6,7.098664112006057e-05
RP11-330H6.6,7.095312675737465e-05
MZT1P1,7.094917131229421e-05
CNTN4-AS1,7.082350836010699e-05
INHBE,7.069471703415095e-05
AC073130.1,7.064953796711144e-05
Y_RNA,7.063837754707836e-05
RP11-408E5.5,7.05252799800521e-05
EMC7,7.043714708765707e-05
MEMO1P1,7.038378975843682e-05
DKFZP434A062,7.015723507528321e-05
SNORD46,6.982992662503297e-05
AC006145.4,6.979807614947808e-05
RP3-406A7.3,6.975862805265816e-05
SPIC,6.93390397271336e-05
RP11-1055B8.2,6.92831544397299e-05
RNU6-1248P,6.924717198678683e-05
KRT8P45,6.924030163583127e-05
LINC01074,6.910991314217817e-05
RP13-476E20.1,6.906328381992663e-05
AC006042.6,6.885199664250208e-05
MIR4760,6.877539719249464e-05
RNU6-246P,6.873928460913172e-05
AC027124.2,6.87007326305451e-05
AC004941.3,6.864448239544985e-05
CTBP2P4,6.848358897437657e-05
TBC1D22B,6.846873075218308e-05
RP13-895J2.7,6.838011216727824e-05
RP11-264A11.1,6.834538190731294e-05
KHDC3L,6.831686933541549e-05
RP11-462G12.2,6.819575604855022e-05
RP11-314C9.1,6.809798144564202e-05
SMPD2,6.80884263413523e-05
RP11-4B16.1,6.80310871200268e-05
AC016723.4,6.798836474380147e-05
RP11-24H2.3,6.796556736420085e-05
OR2AJ1,6.773902049232909e-05
RNA5SP202,6.769403972143342e-05
SIM1,6.75074703316312e-05
RBM43,6.701379381673266e-05
AC062021.1,6.680104065377082e-05
ZNF646P1,6.674930232755011e-05
RP11-626H12.3,6.669998227438284e-05
PHBP11,6.655080700357665e-05
CYP4F36P,6.654450280479963e-05
RP11-344A5.1,6.651410305424829e-05
CH17-472G23.2,6.622427115032322e-05
RP11-527N22.2,6.612992717345404e-05
RP5-1023B21.1,6.611056183432745e-05
ZNF101P2,6.606795839595166e-05
RP11-327O17.2,6.585991898308414e-05
HSPB1,6.585813379719836e-05
HTR6,6.575547286536149e-05
NACA,6.570704760231182e-05
GCGR,6.567974881969719e-05
MTCO1P45,6.561317298417453e-05
RP11-103J17.1,6.544595854037483e-05
LINC00566,6.531651537915492e-05
SNORA25,6.525910996071456e-05
OPALIN,6.519356172567913e-05
MIR1290,6.517966075485707e-05
MIR98,6.505226909862966e-05
RP11-273B20.3,6.466644809558706e-05
GTF3C3,6.46079925387147e-05
RAB5A,6.434426059347297e-05
RP11-146N18.1,6.425198522621121e-05
CT45A10,6.401394559745338e-05
RNU2-6P,6.39856698178603e-05
VDAC2P1,6.397443937486456e-05
RNU2-19P,6.348695244121873e-05
RP11-798K3.4,6.308428828940123e-05
VPS37B,6.307197964112261e-05
Y_RNA,6.302239038576987e-05
NPM1P21,6.300617027288601e-05
MTND5P19,6.292278034716348e-05
RP11-395P16.1,6.271911801681813e-05
RP11-141O11.2,6.260682682159179e-05
RP11-502I4.3,6.254120230871524e-05
MIR381HG,6.236797031732766e-05
ELK3,6.224720849185607e-05
RP11-415J8.3,6.217415304359878e-05
RP11-540O11.1,6.215589048520192e-05
GTF2H5,6.20084658763034e-05
MTND2P13,6.200450786926787e-05
SLC25A51P1,6.196045878881255e-05
RP11-15L13.4,6.189217044070685e-05
RP11-109J4.1,6.181435199971971e-05
ERP29P1,6.172218111558682e-05
NDUFA5P11,6.1606147009366e-05
CTD-2003C8.2,6.144767219857051e-05
PTX3,6.121330265045918e-05
HSP90AA4P,6.11585058264747e-05
IRGM,6.115591211257304e-05
MIR6855,6.109213297132886e-05
MACROD1,6.108024096762609e-05
IGKV2D-26,6.096921467536747e-05
RP11-399B17.1,6.0838996936855215e-05
KB-67B5.17,6.078323662333205e-05
CYP2AB1P,6.07032148011477e-05
RP3-339A18.3,6.060615702143118e-05
RP11-545D22.1,6.0508912020271855e-05
RNU7-43P,6.050537189044803e-05
ZFY-AS1,6.0102592035989475e-05
RP11-481J2.4,5.9907623956535915e-05
SSTR5-AS1,5.979713594512292e-05
HIPK4,5.960359593787404e-05
PHKA1P1,5.9563017389509556e-05
ATP6V0C,5.9546999013734756e-05
RP3-461F17.1,5.952836351332148e-05
RP11-136C24.2,5.94801637623143e-05
CTD-2600O9.1,5.941728460177192e-05
AC008069.1,5.902285977217872e-05
NUS1P3,5.900946656040202e-05
RP11-315I14.2,5.880125702441321e-05
RP11-96B2.1,5.8677330565641985e-05
LINC01201,5.8279911607185154e-05
NPFFR1,5.827501464066624e-05
MAGOH,5.8272645983764826e-05
HMGN1P19,5.825665098602403e-05
SF3B4,5.815565691014049e-05
ALKBH7,5.8149037259879544e-05
RP11-17M24.3,5.7935948752929396e-05
EIF2S2P3,5.762250920243535e-05
SSR3,5.752762319706822e-05
MIR3159,5.7450176910938854e-05
TOMM20P4,5.7228029990044405e-05
RP11-491F9.3,5.710144541048908e-05
IGHA1,5.657773410086571e-05
AC009229.6,5.6414201626240286e-05
AC005498.4,5.6327908200865686e-05
GABRG1,5.626793167564301e-05
RP11-461L18.1,5.605860214007439e-05
RP11-756K15.2,5.603696080277005e-05
MIAT,5.5854494910100685e-05
Y_RNA,5.568066061669965e-05
KB-1184D12.1,5.5653524329802657e-05
FRG2MP,5.548307581839107e-05
HMGN2P38,5.515560597685923e-05
MIR4689,5.509422049792956e-05
PABPC1P4,5.505222973122869e-05
AL589743.1,5.489783368404004e-05
WFDC11,5.486991682507427e-05
RP11-541N10.3,5.4791986781248216e-05
RPL7P40,5.477975848265289e-05
RP1-45I4.2,5.46885596829164e-05
ARPC4-TTLL3,5.459965789311664e-05
KCNAB1-AS2,5.4473740870622736e-05
HOXB9,5.435120005737374e-05
SHE,5.427706652584355e-05
COX20P1,5.425298068437915e-05
RP11-1078H9.5,5.4241487551146636e-05
LBX1-AS1,5.4132224575039686e-05
RNA5SP43,5.398477979631349e-05
MTND4P9,5.3899400286293885e-05
STK33P1,5.335066182078395e-05
DPT,5.330889466495639e-05
AC005752.10,5.316912537259052e-05
TOMM22P3,5.315484568197269e-05
LPAR3,5.293884629706934e-05
CTC-510F12.7,5.279487973522507e-05
AC144530.1,5.278034852687414e-05
SNORA79,5.246229589132578e-05
ARHGAP23,5.239120552027256e-05
AC079150.3,5.19598806792543e-05
UBA52P5,5.1938515718836034e-05
RP11-849N15.5,5.1900014483005664e-05
RN7SL479P,5.151928281989674e-05
GSTA1,5.1387205424360364e-05
MSGN1,5.136201229415699e-05
AC060834.3,5.124203230452019e-05
OR2M1P,5.1184042825125245e-05
KIF25-AS1,5.118331645474286e-05
RP11-168O16.1,5.1157319252920797e-05
MGARP,5.114159538992031e-05
RP5-1021I20.6,5.102569637339722e-05
RP5-837I24.5,5.097269594238659e-05
LL0XNC01-16G2.1,5.0808207254283e-05
TUSC2,5.064869404891226e-05
SNRPCP11,5.060549645240688e-05
RP11-159D12.10,5.0312449956365734e-05
C5orf30,5.028662545395403e-05
SLC16A1P1,5.024368724356969e-05
Y_RNA,4.997786691407083e-05
SRRM4,4.9900321051157285e-05
RPS23P5,4.984589163553973e-05
UQCRFS1,4.982894404387419e-05
RP3-523K23.2,4.9778632218314176e-05
CTD-2009A10.1,4.976746768083508e-05
RP11-357N13.3,4.9633923625232846e-05
RP11-141A19.1,4.9522604198706486e-05
CTB-51E13.1,4.9246311591047725e-05
FAM27E5,4.9175187513546495e-05
RPL37AP1,4.909934422540099e-05
RP11-114M1.1,4.883299899028288e-05
AF131215.6,4.848768460898638e-05
RP11-574O16.1,4.835510907789705e-05
PPP1R14B,4.825163059092236e-05
MACC1-AS1,4.8228717458940504e-05
PRSS21,4.8211676297181536e-05
TRPC6P,4.8181629305804744e-05
AC006007.1,4.8181108205256636e-05
RPL35AP21,4.8139953290827104e-05
ARHGEF12,4.808150921892146e-05
AC091814.3,4.777875157708644e-05
ZSWIM8-AS1,4.776241541421399e-05
SLC25A21,4.771545096826256e-05
GCSAML-AS1,4.7659145735266335e-05
LARP1P1,4.757694310407496e-05
RNA5SP168,4.751430066808617e-05
LAMTOR3P1,4.7446287774636165e-05
ADH1C,4.738600004009071e-05
SHISA2,4.735821951835903e-05
RP11-457M11.5,4.7072418431193414e-05
RP11-69I8.2,4.6985755436092714e-05
CAPN7,4.672152140129364e-05
RP11-156E6.1,4.670710950153798e-05
RP11-565N2.2,4.6690034846990794e-05
RP4-569D19.5,4.6633546020802186e-05
CTD-2256P15.3,4.661383184523566e-05
RP11-57B24.1,4.6526379717687484e-05
RP5-1065P14.2,4.650691047107107e-05
MTCO2P16,4.649888177925653e-05
DNASE1,4.6253861889760976e-05
FAM83A-AS1,4.623726627918583e-05
RP11-247C2.2,4.622796743203808e-05
CTD-2243E23.1,4.620932314057251e-05
OR2T12,4.6208051224572566e-05
RP11-574F11.3,4.617360098719617e-05
AC147651.4,4.5999005436940785e-05
CTC-429P9.4,4.596636831542643e-05
FAM183BP,4.591154007087182e-05
AC092168.2,4.5788224926777896e-05
XXbac-B444P24.10,4.569869916655335e-05
WDR87,4.569633837224322e-05
DNM1P50,4.5643727992868106e-05
RP11-447H19.1,4.5475859076337364e-05
HLA-H,4.538313767184298e-05
AMER3,4.5037073207288094e-05
RP11-864I4.4,4.5020726007068245e-05
RP11-674E16.1,4.5008191388748166e-05
RPS29P21,4.499397095473938e-05
RP11-478K15.7,4.4945885724673066e-05
LTV1,4.4851925320709325e-05
RP11-797H7.5,4.484908540940558e-05
GP5,4.4838615782518055e-05
GLRX3P2,4.481545427614933e-05
RP11-431M3.2,4.4588138639329625e-05
LYPD8,4.4515248564536876e-05
RNU6-1224P,4.449623345183741e-05
RP11-177F15.1,4.432908664138548e-05
RP11-23J18.1,4.4326649738271326e-05
ATP5F1P6,4.4323028863262274e-05
DLGAP1-AS1,4.432072797009862e-05
SNORD116-25,4.431033816746165e-05
SHISA3,4.425560035173819e-05
RP11-280O1.2,4.420050338271923e-05
AF064858.11,4.3954545753013703e-05
MIR579,4.3706011646184686e-05
ARL2BP,4.368768185099484e-05
C14orf105,4.3577989043771395e-05
OR5B12,4.353099305675467e-05
CTB-52I2.4,4.3483096867382e-05
LINC01340,4.3195748403547674e-05
CH17-53B9.2,4.308431653711821e-05
Y_RNA,4.2852745163335545e-05
MIR5093,4.2812799648877384e-05
RP11-480D4.1,4.2688011388267115e-05
RP11-44N12.4,4.236643950964118e-05
RPL36AP45,4.228236825807954e-05
LINC01485,4.21563357009564e-05
POP7,4.206241199557064e-05
MIR641,4.201265705906548e-05
RP11-293M10.2,4.19992474122478e-05
RNU7-200P,4.1987984464615544e-05
HMGB1P25,4.1919387811558084e-05
RP11-79E3.2,4.148514610812287e-05
RNU4-55P,4.147761395063903e-05
RP3-462D8.2,4.127489851449443e-05
PPP1R16B,4.117432531717538e-05
GPR37,4.103132096547744e-05
OR2AT4,4.102055268637846e-05
YBX1P1,4.1016017838019685e-05
RNA5SP482,4.097477713100824e-05
LINC01629,4.0813052971410966e-05
RFX3-AS1,4.073873554479282e-05
RP11-644K8.1,4.0686873338546294e-05
LYPD2,4.0607118645165076e-05
CTD-2613O8.1,4.055624970815523e-05
ZNF2,4.041085024168078e-05
MIR645,4.0342773906608266e-05
KDM4E,4.032126753940837e-05
CTB-43E15.1,4.0211387230342164e-05
GAPDHP32,4.004212748231731e-05
CTD-2562J15.6,4.003844139037332e-05
RP11-140M13.1,3.98697843855947e-05
RP1-172N19.4,3.979787602035165e-05
IGLVIV-66-1,3.9762297560487965e-05
RPS3AP5,3.975928583629745e-05
TMEM246-AS1,3.968716446300458e-05
RP11-5P22.3,3.9597386503453856e-05
RP13-977J11.8,3.950262123016465e-05
RPL31P12,3.949079622363612e-05
LA16c-312E8.2,3.942391036719697e-05
SULT1E1,3.923017643995142e-05
RP11-400K9.4,3.9197676422380325e-05
LRRC3C,3.916905614034469e-05
CSPG4,3.902150751555873e-05
RP11-1086I4.2,3.901603921167096e-05
CRYGA,3.895764291826679e-05
RNA5SP382,3.8718366767683225e-05
RP11-76C10.2,3.855285254508534e-05
RN7SL447P,3.855213742201822e-05
RP11-240G22.4,3.849276856086336e-05
C1QTNF9,3.835032275302986e-05
RP11-42I10.1,3.8042025361320424e-05
SPATA31A7,3.8019056777209964e-05
ASF1A,3.8007594116989435e-05
RP11-296L22.7,3.798245892100838e-05
RP1-296L11.1,3.7830183402795536e-05
SLIT2-IT1,3.734921341319147e-05
AC008686.1,3.726979643229262e-05
CTD-2263F21.1,3.722752995544235e-05
RP11-762H8.3,3.720029331421675e-05
RP11-680H20.1,3.697805667347101e-05
OR1X1P,3.694475736630973e-05
AC104777.4,3.659655903200738e-05
RP11-187E13.3,3.658011637202839e-05
RP11-265P11.1,3.633385308639086e-05
RP11-666E17.1,3.632671762087023e-05
RP11-794M8.1,3.591494828243164e-05
SNORA51,3.578096548794675e-05
HS3ST2,3.559507868559872e-05
RP11-514F3.4,3.55948253015968e-05
KB-1572G7.4,3.540521676986714e-05
RNU6-522P,3.4975691636315334e-05
Y_RNA,3.488528114826194e-05
RP11-266N13.2,3.4798167677732154e-05
RP11-50D9.1,3.468645711860128e-05
RP11-111J6.2,3.464863808134815e-05
RP11-162A12.3,3.44828348253521e-05
KRT18P20,3.43241236025838e-05
RNY4P9,3.419085079582189e-05
RN7SL35P,3.415476373559717e-05
RNU6-910P,3.409632309834654e-05
RP11-445O3.3,3.4072783132322325e-05
MIR3200,3.402703666850622e-05
EEF1A1P1,3.402650062700493e-05
RP11-564C24.1,3.3885024904727374e-05
RN7SL359P,3.382475696703914e-05
RP11-578C11.2,3.382255075199251e-05
RP11-691N7.6,3.380672903951103e-05
BMS1P8,3.373331171890857e-05
AC003986.7,3.350635560518735e-05
RP11-144H23.2,3.349561480225924e-05
LHFP,3.347569806033921e-05
AC025442.3,3.332492528622576e-05
HMGN2P17,3.3113159070071446e-05
RP11-586K12.11,3.302846208206781e-05
OR8B7P,3.301309160756086e-05
RP11-467J12.4,3.294446474252944e-05
LL22NC03-84E4.13,3.2694317124576317e-05
CCDC42,3.2538839214861705e-05
MTND2P23,3.251804137773596e-05
RP11-31H5.2,3.2359110245343724e-05
LINC00613,3.215243575410496e-05
DNAH17-AS1,3.207257729645118e-05
RP11-1151B14.4,3.2032343523204566e-05
RP4-614N24.1,3.202937841513667e-05
CTD-2050I18.2,3.186590555981147e-05
RP11-151F5.2,3.168068502538156e-05
CTD-2116N17.1,3.157484844078353e-05
AP000350.8,3.149979309608728e-05
RP11-665C16.9,3.149899498948792e-05
RBP1,3.145202527890806e-05
LCN6,3.135848663947057e-05
TEX2,3.1244423821733874e-05
RP11-110I1.6,3.123762721830697e-05
RP11-329B9.4,3.1153856716456015e-05
CTC-806A22.1,3.1144945035191695e-05
MIR6821,3.113987685080752e-05
OR2G6,3.108811697085006e-05
RP11-894J14.2,3.104132331224725e-05
LINC01087,3.0988225643857097e-05
RP11-665J16.1,3.098352017018355e-05
CILP,3.0915085105947596e-05
MTCYBP32,3.082146428648473e-05
SNRPGP5,3.074401787295793e-05
AC073069.2,3.060133980032138e-05
RP11-123G9.1,3.0441714758923874e-05
WNT7B,3.0262782358233298e-05
RP11-165D6.1,3.024073446673147e-05
RP11-713C19.1,3.0167404556445877e-05
CTB-107G13.1,3.0015385452291826e-05
RP11-101E5.1,2.9983707585710667e-05
ALPK2,2.989524376174434e-05
LINC00707,2.985350278680954e-05
CBL,2.974026710432578e-05
RP11-269C4.2,2.9474776853921265e-05
LINC00588,2.9405690648855113e-05
OR13D3P,2.920104141378739e-05
HSPE1P27,2.905048077034421e-05
OR1E2,2.8949924285707284e-05
RNU6-539P,2.8912233087268952e-05
TMSB10P2,2.890697539294573e-05
RP11-514P8.8,2.8797482270432284e-05
PBOV1,2.8749281074165426e-05
RP11-345P4.9,2.8697314367187487e-05
RP11-542B15.1,2.8663299850664013e-05
RARRES1,2.8644905102801002e-05
LELP1,2.8561594536488068e-05
RP11-191L9.4,2.854084093310392e-05
RPS15AP40,2.8476286635708637e-05
RP1-34B20.4,2.8296455765900695e-05
EFCAB9,2.8095180806012236e-05
RP11-148O21.2,2.7790217656598325e-05
IQCF6,2.762361684365357e-05
RP11-745I13.1,2.7574027656185085e-05
LINC01232,2.7514970150516902e-05
SNORD116-11,2.7512455373011766e-05
C1orf64,2.7511885724780342e-05
GLIPR1L1,2.7205361590133267e-05
EPHA8,2.690224105449468e-05
AIMP2,2.6869922764144816e-05
RP11-661C8.3,2.650672270874829e-05
RP11-60E8.2,2.6462925854809772e-05
RPL3P7,2.6414936622684496e-05
NDST4,2.6409154332399698e-05
LINC00457,2.6324842979946105e-05
HMGN2P18,2.6156249771981992e-05
TXNDC8,2.614870397367906e-05
RP11-23D5.1,2.5999473172357574e-05
RP13-895J2.10,2.5990915955187657e-05
MIR4478,2.5743966861284073e-05
GS1-279B7.1,2.546918964059505e-05
PPP1R2P5,2.5382093115241864e-05
TOB1,2.4969702317987517e-05
AC019070.1,2.4941300423582096e-05
TMPRSS11E,2.4515084346986547e-05
RP11-676B18.1,2.4461966850441202e-05
COA5,2.4135512499606398e-05
CTC-398G3.1,2.397004519733706e-05
RAB28P4,2.3941998498617315e-05
RNA5SP464,2.3908306036415043e-05
GS1-44D20.1,2.3783243322723385e-05
LINC00624,2.3666749551547945e-05
AP000477.2,2.3624558246654387e-05
AC008277.1,2.3500448131967704e-05
AC010970.2,2.348919706245927e-05
RP1-84O15.2,2.322380502274883e-05
GFRAL,2.317669476179814e-05
MTCO3P11,2.3171097970389853e-05
RP11-219B4.5,2.3039405893712684e-05
ANKRD34C-AS1,2.30076949795242e-05
OR56B4,2.2746885047920092e-05
FUNDC2P1,2.2743043290467255e-05
RPL23AP95,2.2678889620283617e-05
SERPINA12,2.2676650957092694e-05
ZSWIM1,2.2617071283887803e-05
AC097499.1,2.249468392183905e-05
RP4-758J18.10,2.2473512937550703e-05
RNU6-1178P,2.245765148918842e-05
RP4-704D23.1,2.2405535966128846e-05
TNFRSF11B,2.2305293965326877e-05
EEF1A1P31,2.223642934853723e-05
AJ011932.1,2.2166205949041398e-05
IRX6,2.2159099640240468e-05
C12orf54,2.182612482335104e-05
HIST2H2BF,2.1736302881728246e-05
AC083843.1,2.1619899159187842e-05
GABRR3,2.161223878538226e-05
NCBP2,2.1573841110101065e-05
RP11-4B16.3,2.1378503173877138e-05
MAPT-AS1,2.1368789260837316e-05
CLEC14A,2.1325198607888294e-05
KB-1562D12.2,2.1309073308887015e-05
MAGEA1,2.1096404905672643e-05
MDS2,2.0990535404530678e-05
RP3-508I15.22,2.0940148679912497e-05
C9,2.09318773126793e-05
RP1-153P14.3,2.0746611739343332e-05
RP11-732M18.4,2.068975266930641e-05
SNORA76,2.0528502265614456e-05
DUPD1,2.042689263292714e-05
RP1-215K18.4,2.0417525596573647e-05
OR7E1P,2.0220358730360124e-05
RP11-345I18.1,2.011082022907206e-05
RP11-10H3.1,2.0084949223151283e-05
AC092835.2,2.0071421935923187e-05
UGT2B17,2.002489465278071e-05
DCAF13P3,1.9812460079584232e-05
AC068137.13,1.9616382856726485e-05
RP11-845M18.6,1.9609049794912227e-05
FAN1,1.9550835197243248e-05
CTD-2290C23.1,1.9303318154202874e-05
RP3-483K16.4,1.9139625433788785e-05
RP11-678G14.3,1.9109752050913866e-05
UBE2Q2P2,1.9068613855535692e-05
RP11-535M15.2,1.894169057620769e-05
RP11-393K12.4,1.878416966349287e-05
RP11-1174L13.2,1.8684748589612803e-05
RP11-58A17.3,1.8616514997664518e-05
GRTP1-AS1,1.8578871725067897e-05
GLP1R,1.844293679038915e-05
SPATA17-AS1,1.836529498818633e-05
RP11-588F10.1,1.8322149724949204e-05
AC002310.11,1.826570339206549e-05
RP11-389G6.3,1.81132582967108e-05
RP11-118F2.2,1.798122593921573e-05
AP000254.8,1.785800202633497e-05
RNA5SP338,1.7663769775795017e-05
TRIM43B,1.734013817944326e-05
RNU1-27P,1.733713943613793e-05
KRT85,1.7244828822218427e-05
RP4-633I8.3,1.7236329250573883e-05
MTCO3P9,1.710128996938664e-05
SNX31,1.6925633433332186e-05
BAZ1B,1.685692409425194e-05
AC066615.1,1.6809589799454255e-05
RRM2P4,1.661207383930666e-05
PCNAP3,1.628524805936882e-05
TMPRSS15,1.6144190911781785e-05
KIF2B,1.6103672702470874e-05
ANKRD20A10P,1.600078441025416e-05
BPIFA2,1.5843156393842474e-05
CH507-513H4.3,1.584306342309029e-05
AC144568.4,1.5763998997280595e-05
RP11-449L23.2,1.573679993416966e-05
RP11-368M16.3,1.5362316199889893e-05
MIR626,1.5119164768979667e-05
ZNF398,1.501735553990733e-05
AC114814.3,1.4877308772519158e-05
RP11-332J15.3,1.4233936047070825e-05
RP11-78A18.2,1.4222590867553214e-05
ALMS1P1,1.4200940142637124e-05
OR7E2P,1.4003497088538361e-05
RNU6-859P,1.3906020449226392e-05
FEM1AP2,1.3730473899268329e-05
RP11-798K3.2,1.348987214149264e-05
GS1-115G20.2,1.3304303678558272e-05
MYB-AS1,1.325535203875982e-05
ZNF709,1.2940086046554642e-05
TRIM59,1.2784766169534238e-05
AC016751.2,1.2531542134114545e-05
RP11-14P20.1,1.2239555392377968e-05
RNA5SP288,1.2196448398690468e-05
AC104984.4,1.2000140149149188e-05
MIR7856,1.1957147511801455e-05
FRGCA,1.1904818313446391e-05
RP11-866E20.1,1.1867964629555612e-05
RP11-248B24.5,1.1866070724132113e-05
MIR6815,1.1806635362846235e-05
FAM188B2,1.1765627441417241e-05
CTD-2382E5.6,1.1730256792273461e-05
KRT18P42,1.1685526621576405e-05
RP11-372E1.1,1.1668897250761224e-05
CTD-2587H24.1,1.1621922491612867e-05
RN7SKP239,1.1599458523360814e-05
TRHDE-AS1,1.1499508070452153e-05
RP11-499A10.3,1.1477044214948325e-05
RNU6-1187P,1.1454182178777381e-05
CYP24A1,1.1161003091659617e-05
RP11-778J16.3,1.1073665097482103e-05
RP11-520D19.1,1.102780742557793e-05
ABHD17AP8,1.0982142122355779e-05
AC096669.3,1.0880013994068524e-05
MRPS2,1.0807514113376059e-05
TXNP6,1.078538981675412e-05
RP5-1050E16.2,1.077824670417227e-05
RP11-74E24.2,1.0740631500942739e-05
SNORA17,1.0669461606167904e-05
SCARNA15,1.0192929534421028e-05
C7orf71,1.0015796918307528e-05
RP11-342M3.1,9.733084242758782e-06
RP11-841C19.1,9.659055153558607e-06
AP001043.1,9.594020178585597e-06
SEC22B,9.472984394019935e-06
RP11-806J6.1,9.454815493436725e-06
AC017104.6,9.445251397237627e-06
TMEM31,9.418666840214993e-06
RP11-1365D11.1,9.416126993787466e-06
AC002064.4,9.353966391286017e-06
CTA-929C8.6,9.315921632921672e-06
RN7SKP224,9.130348070333153e-06
CTD-3105H18.16,9.13028710023037e-06
EID2,8.971598027090487e-06
VPS33A,8.817366442489781e-06
LL22NC03-N14H11.1,8.698227506901861e-06
RP11-407P2.1,8.643468923410637e-06
RP11-89B16.1,8.406158866973906e-06
RNU6-147P,8.383379302697713e-06
CCDC144NL,8.275169532602005e-06
AC018816.1,8.097500333614523e-06
CTD-3229J4.1,7.98426108681653e-06
RP11-179A10.1,7.888910956705337e-06
MYH8,7.763783068100792e-06
LINC00658,7.467865900454722e-06
AC078882.1,7.1972605902030246e-06
TCEAL7,7.1876727704444966e-06
RP11-272B17.2,7.058016130403511e-06
GUCY2EP,7.006629344540938e-06
RP11-362K2.2,6.730159714576017e-06
RP11-316M20.1,6.4238036635317805e-06
MYCBP2-AS1,6.410504941889114e-06
CTD-2012K14.2,6.200112897366963e-06
RP11-12M5.3,6.138240503215051e-06
CYCSP8,6.1169060225331055e-06
LINC00083,6.029783437743183e-06
CTA-113A6.1,5.841415320530153e-06
TTC4P1,5.79263270600397e-06
CTD-2275D24.1,5.75870281669358e-06
NPAP1P4,5.499026380917948e-06
MIR4500,5.493251409071591e-06
RP11-73M18.7,5.368925161661551e-06
TNNC1,5.290648944872242e-06
RP11-259G18.3,5.25872689805562e-06
BNIP3P22,5.2175981012486825e-06
RN7SL30P,5.197210151363399e-06
RP1-60O19.1,5.18799771479345e-06
PSG4,5.065115234332006e-06
BTG1,4.992399728779984e-06
SNORA49,4.525561262029375e-06
MIR1915,4.5054962553248735e-06
RP11-733D4.1,4.46673128189919e-06
OPCML-IT2,4.4609114158321476e-06
B3GALNT1P1,4.420223841268518e-06
RARRES2P10,4.333157131620086e-06
CCDC144NL-AS1,4.193468398719273e-06
CXCL3,4.074235022953557e-06
CFHR5,4.0656990780673986e-06
OR13A1,4.02705736042531e-06
RP1-199J3.7,3.9956053435990275e-06
ALKBH6,3.7702684206268094e-06
LINC00676,3.7573949168321967e-06
RPL10P8,3.6546770977418405e-06
CTD-2135D7.2,3.6403541790665097e-06
ZNF580,3.5346530408146286e-06
CTC-565M22.1,3.5249752058881457e-06
RN7SL552P,3.414406163333077e-06
RP11-320M2.1,2.8675120040767975e-06
RP11-3J1.1,2.8052778193479274e-06
MIR100HG,2.7972073729808753e-06
VN1R48P,2.7429692622991144e-06
RP11-177C12.4,2.7211944722550325e-06
CTD-2132N18.2,2.6699684436767025e-06
TRBV19,2.58596073218142e-06
AC006041.1,2.464222136622741e-06
CTC-436P18.1,2.4280869216737893e-06
RP11-148O21.4,2.3592927482228535e-06
COX17,2.2404479900836475e-06
LINC00427,2.217499361906592e-06
RP11-616M22.12,2.0523964864363505e-06
CTD-2311M21.3,1.9540884487103634e-06
AC133644.2,1.7583887733342964e-06
IGLVIV-65,1.7335580440143952e-06
RP11-27G24.3,1.3343934455256057e-06
RP11-794P6.1,1.01717910104567e-06
LLPH-AS1,9.685956929002763e-07
OR9I1,8.666974519741195e-07
FOXO1B,7.322278398648177e-07
RP11-784B15.1,6.112317101350067e-07
SSTR4,5.21220549600882e-07
RP11-158L12.6,4.906082260506547e-07
RP11-364C11.2,4.366731892736126e-07
ERVV-2,4.1765352985660424e-07
TRGV2,3.6352315146673364e-07
CTD-2285G11.1,3.277706795216967e-07
GPR139,3.200257569943324e-07
