SMARCA5,0.010399636038941923
ZBTB14,0.010392466981165296
VEZF1,0.010364637898814947
HAUS3,0.010336245778472967
GPBP1L1,0.010309423408588746
ORC2,0.010298211207350598
TCEANC2,0.010287053548726955
KIAA1143,0.010280075517827362
ANAPC4,0.010271623818458713
TTC37,0.010249443291257954
TRMT13,0.010249009576510868
CGGBP1,0.010240309977742385
CWC25,0.010237380507057851
DPF2,0.010231619961926047
PDE12,0.010218918291107586
DHX29,0.010214689692154031
SYNRG,0.010210725884169434
LIN54,0.010210278993607342
SNF8,0.010206704256774453
STX18,0.010197413997275195
NSUN3,0.01019683764662407
ZC3H10,0.010192138294316528
FAHD2A,0.010185970024778187
ZNF747,0.010173412707452744
REV1,0.010171946186604585
MBD4,0.010170645710453629
CIAO1,0.010168154237449482
MTA2,0.010164674723963395
SNX19,0.010161335752760703
C5orf24,0.010159058615142682
ABCE1,0.010158567676183651
LINC00847,0.0101583328917625
NSUN4,0.010155022374266569
NKAP,0.01015206476490333
ILKAP,0.010151472889355539
KIAA0141,0.010143913180159678
PAK2,0.01014275038613533
ZNF354A,0.01013104403176385
CD2BP2,0.01013049679500856
MTDH,0.010124302610216261
ZNF350,0.010121618434174605
RBM27,0.01011725017584214
POLR2D,0.010116138506068923
ATG3,0.010110830810329496
RNF214,0.01011017608663256
UGDH-AS1,0.010108719571456542
GEMIN5,0.010105801490992989
NAIF1,0.010103307973796128
RIOK2,0.010101778309225845
QRICH1,0.010100647352542003
HELQ,0.010097062951270708
ZNF654,0.010096399458146004
GTF3C3,0.010095551828593325
ZNF2,0.010094460666308078
SDE2,0.010090490983531581
C2orf49,0.01008719326418037
COIL,0.010084960520458961
TRA2A,0.010084249133327587
VPS52,0.010081408802638603
FGD5-AS1,0.010080756557925837
AAMP,0.010080498354001323
CLPX,0.010079489048448917
ZNF830,0.010079203284903781
SNIP1,0.010078708199417294
SNX4,0.010078217120599685
VPS37A,0.010077558399986768
WDR75,0.010074160131567865
ETAA1,0.010072332914856739
SCO1,0.010066967842100424
GABPA,0.010066414819181092
THAP1,0.010065217899640514
ZNF182,0.010063488120252012
PSMD11,0.010061990407270387
CHRAC1,0.010056588531059868
CDKN2AIP,0.01005630524643908
RP11-278C7.1,0.010055805896088675
DHX16,0.010050628677181256
E2F4,0.010050516763648869
LSM14A,0.010049207877426459
C5orf51,0.01004887915862449
CCDC77,0.010048106481531587
SP1,0.010047372889230235
ISY1,0.010046988129084087
MITD1,0.010044667829903861
STAM2,0.010044167737379567
ANKRA2,0.010043779916002825
POLI,0.010042541005182789
KLHL20,0.010041236213681621
GANC,0.010038100916601168
TYW5,0.010037788004331444
TMEM184C,0.010037077001820893
HARBI1,0.010036465337092597
PALB2,0.010035076567755924
ZKSCAN4,0.010034554257997997
C2orf68,0.010033532563894724
RP4-758J18.2,0.010031374576139066
DDX3X,0.010026914861053227
GMCL1,0.01002573909580602
ZBTB6,0.01002239411548917
ZNF624,0.010022311241237205
C2orf42,0.01002083484698197
NUP85,0.010015987833248861
NUDCD2,0.010013700455016762
MPHOSPH10,0.010013574787665876
SLC35B3,0.01001303012394886
ZNF764,0.010012703575922464
ZBED5,0.010010427600793282
ZNF674,0.01000626713857916
PPP4R3B,0.01000590561927022
EIF1AD,0.010005050749400066
LINC00667,0.010004413505328639
DPP3,0.010003484381747455
MSL2,0.010003367716960667
NHLRC2,0.01000309630049697
ZNF354B,0.010000640383492944
PAPSS1,0.009998831961880386
DIMT1,0.009997985830599713
HADHA,0.009997412987352959
PCBP1,0.009995292163905321
CCDC127,0.009994570282452056
UTP20,0.009992457650911396
MAK16,0.00999212086116544
CDC23,0.009986306528002552
RBM14,0.009985510887730066
CCNT1,0.009982698534223356
UTP6,0.009979763993817944
YY1,0.0099787237543464
LINC00909,0.009978392337786168
ALG10B,0.009976712404451568
SMIM15,0.009976034856976452
ZNF100,0.009975725932929242
CHMP2B,0.009975696449616296
TIGD6,0.00997518708261908
N4BP2L2,0.009972923026981073
ARRDC1-AS1,0.009967788643439003
LRRC58,0.00996749575857268
PLA2G12A,0.00996591216119986
AATF,0.009965767723037085
NOL7,0.009963985833797779
ZW10,0.009963037147834293
ESCO1,0.009962220656643032
RBM19,0.009961682430000922
KPNB1,0.009960928756152933
WDR53,0.00995971831091559
SACM1L,0.009958881510390698
PYGO2,0.009958739096373516
MED17,0.009957269011214773
AP4E1,0.009956705585294405
RBM8A,0.009954980433625344
HSPBAP1,0.009954729264332227
ZNF768,0.009953011714204388
ZNF26,0.009952587818980473
SCAMP3,0.009952207101676432
RAB14,0.009951503135447608
TAF5L,0.009951419460901495
EGLN1,0.009951285300085995
SUZ12,0.009951041933204532
CPT2,0.009950143956004758
RXRB,0.009950100615444225
PEX13,0.009948150739453144
TTLL4,0.009945886771121973
ZBTB26,0.009945703780657095
TCEANC,0.009945324999255102
EIF2S2,0.009945203757956664
FBXL4,0.009941616132576773
GGNBP2,0.009941320601616998
COQ4,0.009940828766633665
STT3B,0.009940762891612193
PLEKHA3,0.009940080225879075
APPL1,0.009939297564395651
ZNF408,0.009939294565787727
AMMECR1L,0.009938706812899404
SRFBP1,0.009936917829240945
RFT1,0.009936908880108909
DHX8,0.009935835697442214
KIAA0907,0.009934592631877912
CDC73,0.009933835110198136
BIRC2,0.00993370224444705
C1orf56,0.00993238055626521
CENPC,0.009931943322179025
PPIL4,0.009931404147853158
AKAP8,0.009930117371449073
WDR70,0.009927475354637953
STRADA,0.009927014072325295
APPBP2,0.009924946203711133
SNRNP27,0.009923998180949318
H3F3B,0.009922092303160995
CTC-559E9.1,0.009921627764622968
MED13,0.009919771136226805
RBM12,0.009916791647921372
IARS2,0.009915654046972963
ATF6,0.009915207924345292
PCF11,0.009915161066543898
GATC,0.009914326830192636
KXD1,0.009912932312221644
PSMD12,0.009912875277508558
ZNF205,0.009912475408704543
SMU1,0.00991121236577845
UTP15,0.009909593963526565
PIN4P1,0.009909245987286017
TRIP4,0.009908782603835983
TAMM41,0.009908338806335086
SFT2D2,0.009908291616312096
WBP11,0.009907598347819702
RAB10,0.009907596014361152
CDC5L,0.009907203421762977
GTF2E1,0.009906437957395984
WRN,0.009906338060517056
MARS2,0.00990570944398551
SPATA5,0.00990496531612716
CTC-338M12.4,0.009904399845327367
NT5C,0.009904111680316177
ZSCAN22,0.009903420300445642
SASS6,0.009903388263696213
ZNF319,0.009902503277692529
RLF,0.009900082542759293
ECD,0.009899622256914903
IMP4,0.009899081221509155
TIMM29,0.009898438749469423
ZMYM1,0.009897669735848193
ADNP2,0.009897274336614324
OTULIN,0.009896482545533925
FKBP15,0.009895899499207026
MARCH5,0.00989566967664236
ZNF143,0.009893915439518978
ZNF271P,0.009892178349822653
RBMXL1,0.009892025912080969
CHUK,0.009891507707451013
POLR2M,0.009889685360762538
N4BP1,0.009888918891085926
ZNF655,0.009888740151752243
ACTR5,0.009888178733210495
TMEM186,0.009888041859436612
ZNF562,0.00988759751499439
OTUD6B,0.009887532274656774
RRP8,0.009887312485231127
PRMT6,0.009887109360837008
TRMT10B,0.009886589029578946
ABCB10,0.009885818306547191
ZBTB2,0.00988528413279999
IRF2BP2,0.009884165911748425
LLPH,0.009883446818392573
PSMD6,0.009882844713223421
COPB2,0.009878686962449507
C4orf46,0.009876443245771312
PPP2R2A,0.009876342483154428
TMEM41A,0.009875982201465832
RING1,0.009875927089783475
HOOK3,0.00987529866927789
ACBD6,0.009874411871604701
PRPF6,0.009874079115681455
ZNF879,0.009872652164021825
TM9SF2,0.009871795572765902
RP11-147L13.11,0.009870906972387686
DCP1A,0.009870896674942406
NOC4L,0.009866455786115592
AKT1S1,0.009866151344020295
ALG13,0.009865493983170232
LINC01184,0.00986545374662346
ZNF785,0.009864047756350637
UNK,0.009861606642217973
TP73-AS1,0.009861566588614847
TMEM199,0.009861016013399587
POLD3,0.009857918780744481
NOA1,0.009855887086785246
USP38,0.009855389871369205
PRKCSH,0.00985413921107334
PHF2,0.009852060413985939
HOMEZ,0.009850915992979834
MFSD8,0.009849844078681095
ELMOD2,0.009849343620200495
CTB-52I2.4,0.009848464382956602
POGLUT1,0.009848067030658688
FECH,0.009847007692728428
TRIM13,0.009845903920022629
ZNF800,0.009845043097265244
YIPF4,0.00984453279735883
NOL11,0.009843854057863104
TMEM41B,0.009843565054256716
NFYB,0.00984309695673253
RPAP2,0.009843022682376993
RHOA,0.009842544165745792
TTC4,0.009841263649178703
RSAD1,0.00984060127019933
SFPQ,0.009840145196431532
RALA,0.009840141364260398
ANP32B,0.009839803959368542
MMGT1,0.00983901962958725
NNT-AS1,0.009838883597508421
RAB5A,0.009837542766463666
CRK,0.009834054657654853
LRRC37BP1,0.009833339064058012
C6orf47,0.009833262972726561
POLG2,0.009832986681394082
COQ7,0.009831609945611873
ATF6B,0.00983054595112298
CCDC115,0.009829850007934446
IPP,0.00982945807604171
TAF9B,0.009827594064008247
RAB33B,0.009824435999759277
ZNF439,0.009823684581815822
ZNF225,0.009823411050019179
SWSAP1,0.009823319805024336
LINC00674,0.009822274743883962
RNF139,0.009821908499389336
PGGT1B,0.009821668167989878
BCDIN3D,0.00982155266180764
TMEM167A,0.009820116989314913
URB2,0.00981991860763977
CEP57,0.00981978564893055
ZNF330,0.009819084460775715
SYNJ2BP,0.009818650455991363
TMA16,0.009817390548453028
SNRPA,0.009816651167848566
UTP14C,0.009816117243683942
ZNF253,0.009815157278441523
RNF114,0.009814569188181355
VPS37C,0.009812864476132888
CDK11B,0.00981252466485882
THAP11,0.009812407082754783
RP11-101E13.5,0.009811178233973861
TRMT61B,0.00981104155357913
DRG2,0.00981090283486562
MCM3AP,0.00981073152998689
KBTBD2,0.009810529059869072
C11orf58,0.00981024117563783
KCTD11,0.009809865303440631
UBR2,0.009809721017086354
TSR1,0.009809096148509605
UBE2J1,0.00980757661926266
ZNHIT6,0.009807183673051756
FBXL3,0.009806073964632896
SCAF8,0.009806064037812407
NUFIP1,0.00980596052617597
ZNF212,0.009805120822014332
PIK3R4,0.00980500983681714
FAM228B,0.009803926443563501
SBDS,0.009803528857396396
ACBD3,0.009803033459366485
KCTD5,0.009801670122442983
GCN1,0.009801275788322163
TFCP2,0.009801233951192513
TMEM167B,0.009801009319975866
ENTPD1-AS1,0.009800953813542372
CAPN7,0.0098009043089776
CAT,0.00979927207668706
NFATC2IP,0.009799105695428703
PSMD7,0.009798994239349644
DERL2,0.009798701377849488
DAXX,0.00979862855629962
SCARB2,0.009798549458820777
C3orf62,0.009797767264565774
CXorf40B,0.009796804124114121
DDX52,0.009795476599905952
HEXIM2,0.009794808627632465
WASF2,0.009794521200747565
TSR3,0.009792795934727419
CNPY2,0.00979225248095137
CTD-2554C21.1,0.009790821274042573
ZNF595,0.009790754735685272
MED14,0.00979048295518346
DENND5A,0.00978948271180094
MESDC2,0.009789246567390998
CCS,0.009788786825882507
UBAC1,0.009787803645288742
ZNF512,0.009787410920582957
ZNF570,0.009787296158439644
SCCPDH,0.009787173844120084
AC074286.1,0.009786630584188305
FTX,0.00978568421049659
AC007383.3,0.009784836472858199
RP11-849N15.3,0.009784834566760355
RP11-110G21.1,0.009784095142137001
SNX24,0.009784039169389577
SCAMP4,0.009783899570811175
MUL1,0.009782587894222356
GDAP2,0.009781144475748092
MAPRE1,0.009781026660468067
ZNF688,0.009779929422188716
VPS33A,0.009779869728415071
PRKAB1,0.009778286376912363
RANBP10,0.009776576696116632
NUP62,0.009776009436531728
NOP58,0.00977556269757807
ZNF426,0.0097750035580907
CEP95,0.009774740431826707
FAM8A1,0.009774078757378497
CLP1,0.00977393810086073
C18orf8,0.009773854581872424
LTV1,0.00977203525374607
TIGD2,0.009771722615810916
SEC22B,0.009771141908624383
GPATCH2,0.009768810317743943
RFXAP,0.00976722671444842
EFCAB14,0.009765737242396242
NRAS,0.009764844981309466
PTOV1-AS1,0.009764332143550002
SOCS4,0.009761861125856575
STX18-AS1,0.009761820240264186
CCDC97,0.009759983040129828
UBE2R2,0.009759912815518156
MRPS31,0.009758636595591235
PGBD1,0.009758042460113749
RP11-83A24.2,0.00975554780440382
TAF6L,0.009754119277322905
VMAC,0.009753819190532954
CNOT11,0.009752793490680298
PIGN,0.009752315654427402
FBXO48,0.0097522014387831
ZNF84,0.00975218746733889
TFAM,0.009751349770015814
BLOC1S3,0.009748592084938888
PAXIP1-AS1,0.009746821735878356
NCOA4,0.009746715338599348
GPANK1,0.009746244198423487
EEFSEC,0.009745134631182942
ZNF202,0.009744288345095244
ZNF354C,0.009743681460918282
ZBTB39,0.00974324675981834
OXSR1,0.009743202285229088
CTBP1-AS2,0.009743119590249375
MSH3,0.009742913142229333
XRN1,0.009742818092132068
LSM8,0.009742660673393948
CLNS1A,0.009741933440263686
ZNF845,0.009741869487470413
VPS4B,0.009741463623393664
GID8,0.009741146529843132
ZDHHC24,0.0097387416798166
HNRNPCP2,0.009737685437790113
HAUS2,0.00973755265022711
UFL1,0.009736994776666834
ZDHHC5,0.009736731225345036
C12orf65,0.009736678917314924
TEPSIN,0.00973571026401504
SSRP1,0.00973390811777446
RCE1,0.009732698088735193
ALKBH1,0.009732363593297813
ACTG1P20,0.009732041000279947
TMEM11,0.009731700448477761
ZNF766,0.009731443772135468
DNAJC17,0.009731433938379856
MRPL9,0.009730141492348136
SAAL1,0.00973000440068934
CTC-559E9.6,0.009728694829259648
RP11-73E17.2,0.00972772696354137
R3HCC1,0.009727054921955193
ZSCAN25,0.009725874541369722
SPG21,0.009722171244926301
SF3B4,0.009722083442303731
FOXRED1,0.009721008210557212
TGS1,0.009720742854715525
EIF1,0.009720503463259932
TIMMDC1,0.00971983811121078
LIX1L,0.009719444029301843
SGF29,0.009719262145165768
OSGEP,0.009718361293534775
ZNF720,0.0097183310844728
XPA,0.00971813783493553
CTB-131K11.1,0.009716663958695653
ZNF140,0.009716119415958286
FBXO42,0.009715551220729266
TRIM27,0.009715461456766787
MRPS9,0.009713314213797153
RPUSD4,0.009712818375195591
AC007238.1,0.009711858215819137
FBXO46,0.00971112823228689
ZKSCAN8,0.009709483234201226
FBXL12,0.00970929489496632
TP53RK,0.009708883030863012
TANGO6,0.009707400156027666
PPIAP29,0.009706340575828953
CSNK2A2,0.009706042497127873
RP11-864I4.1,0.009706013610374828
ASB8,0.00970598035050803
UBLCP1,0.00970583524065025
GET4,0.009704701365001907
LSG1,0.009704212735057392
CENPB,0.009703703048002506
RRP36,0.00970308502330815
PSKH1,0.009701225746910342
EIF4A3,0.00970012969687272
ZNF263,0.009699299336008516
FANCF,0.009698871176084634
RABL3,0.009698226901562948
ZNF792,0.009696354314672964
MSANTD2,0.009696250491151767
ZNF175,0.00969557561390781
TMEM69,0.009694167943291043
LRRC47,0.009693854220135746
RAB30-AS1,0.00969322695371733
EMC8,0.009692977944702365
AC073063.10,0.009690056718834121
CARHSP1,0.009687630512373533
MED26,0.00968702806288218
FAM127C,0.009685469572338153
LSM12P1,0.009685421550117403
ZNF10,0.009684637456605942
COX20,0.009684304543578642
COX11,0.009682697777840782
MRPS18C,0.009682573998688536
TRIM65,0.009682151672905192
XRN2,0.009680740633660291
UBTD2,0.009680158824356022
KAT6A,0.009679111289667435
KPNA4,0.009678677607994943
IPO7,0.009678633904933
NME6,0.009678398600441389
CHD1,0.009678118229802808
C5orf15,0.009677583950116166
DCLRE1B,0.00967757287061094
TOPORS,0.009677173409240984
ZNF322,0.00967543186560731
RP11-400F19.6,0.009670929771075417
DERL1,0.009669635322012175
RP11-458J1.1,0.009668829262366238
CHMP4A,0.0096685709351224
VPS16,0.009667949675477669
SEPT7P2,0.009667910098515893
RIOK1,0.009667898514597779
VRK3,0.009666424863976867
PIGM,0.009666378547551849
EIF2B2,0.0096662909282581
DHX40,0.00966427440430797
FAM122A,0.009663199005368661
UBXN2B,0.009662564302910815
HNRNPAB,0.00966252983349468
PMS2CL,0.009661145610231497
FAAP24,0.009659748363788313
TADA2A,0.009658087257772912
AP5Z1,0.00965803259020815
RNF166,0.009657556826831441
GLI4,0.009655069793144695
ZSWIM1,0.009654579529116407
FAM134C,0.009654498762030577
ADAT1,0.009654374950619162
BTBD1,0.009653996320540046
GMDS-AS1,0.009653953076406924
MFSD5,0.009653760434416793
BFAR,0.009653589385657217
CETN3,0.009652893139887011
MAP3K3,0.009652473592419759
GCC1,0.009651071256261641
SNX2,0.009650928965329656
ZC3H12C,0.009650837551320053
MED7,0.009649623577138857
ZPR1,0.009648611893152179
IRF2,0.009648066285906493
C1orf174,0.009647317100290664
ZBED8,0.00964722590870683
POLA2,0.009647006346668449
ZUFSP,0.009645800186833932
ASNSD1,0.009645698238791816
ZNF813,0.009645130061145025
NFKBIL1,0.009644562001023515
KPNA3,0.009644320640616802
AQR,0.009644210124779095
CCDC61,0.00964404335842294
RBM28,0.00964401545982911
RRP15,0.009643513452717335
TMEM115,0.00964276500093414
CDPF1,0.009641399477550763
AC079807.2,0.00964133686077978
DNAJB11,0.009640989042893356
PARS2,0.009640474647785018
IDH2,0.009640446910017784
PPID,0.009640105388956814
MED10,0.009639496167464314
TMED10,0.009639325340458561
DUS4L,0.009639168713083639
MPLKIP,0.009639162454867322
PTP4A1,0.009639016511157436
POLR3C,0.009638736695999283
UBL7-AS1,0.00963856277696191
MUT,0.00963838391772602
HERPUD2,0.009638268730690834
LRRC37A16P,0.009638182734619291
NIFK-AS1,0.009635218938126132
SIAH2,0.009633935617719103
EIF3G,0.009633887271134465
WDR46,0.00963290883840791
ZNF486,0.00963280115783177
THAP2,0.00963097705496362
DAZAP2P1,0.009630242008007793
MKRN1,0.009629699261542713
PIGW,0.0096295081235807
LSM12,0.009629397324893103
THAP10,0.009627770587641495
TRIM26,0.009627363088633671
GNPTG,0.00962710211052152
ARMC1,0.009625927368845502
RBM7,0.009625871728247843
SLC25A38,0.009625438235475441
DARS2,0.009624894295425608
TBK1,0.00962333571439229
PRIMPOL,0.009622667192063724
RAD23A,0.009622333215529487
TMLHE,0.009622006334317207
AKAP17A,0.00962162300844989
ZBTB5,0.00962130194224786
CYB561D2,0.009620807759760945
MTCH2,0.009620586363255003
NUFIP2,0.009619632545325009
B3GAT3,0.009618659081436965
COX10,0.00961859933616747
MRPL53,0.009618426173962788
RPL5P30,0.009618280519720837
CTB-193M12.5,0.009618097876144541
TWISTNB,0.009618084411743692
HAUS5,0.00961787546786893
RP11-352M15.2,0.009617632253801267
SRSF9,0.009616685217351002
SYF2,0.0096165740292239
SAP30,0.009615092251383224
GID4,0.009614788457677744
GAS5-AS1,0.009614470925477731
DENR,0.009614038780951953
RP11-849H4.2,0.009613470135824937
TTL,0.009612699599606206
ZSCAN16,0.009612688188903084
SNAP23,0.009612683485808644
DDX23,0.009611570247063304
WBP1,0.009609667948764155
PDCD6,0.009608801557018994
ALG10,0.009608243601154401
RP11-867G23.3,0.009607756943028548
CRCP,0.009607237990878427
PARP4,0.009605028990725422
FCF1P2,0.009603900596631534
TNFAIP1,0.009603130918253207
C4orf36,0.009603088762662451
MRPL50,0.009602164868086327
RNF113A,0.00960214940374593
MLYCD,0.009601627633067555
ARMCX6,0.00960098895629964
PIGU,0.009600988630002727
ZNF254,0.009600805747646778
CHAMP1,0.009600493056037869
PSME3,0.00960039013713081
TMEM134,0.009600103283503997
SEPT7-AS1,0.009599941426281029
AP000487.5,0.009598781609832895
FBXO30,0.009598272312931814
WHAMM,0.009596989089201579
NUBP1,0.00959598806017079
NBR2,0.009595708124701605
PSMB6,0.009594628732843563
RBMXP2,0.00959444980351633
MTERF3,0.009594352810741495
MIPEPP3,0.00959422865148551
FAM53C,0.009593145914505804
CCNYL1,0.0095927791864631
FANCM,0.009592688348453726
ARFGAP3,0.009591528900180462
TIPIN,0.009591375438483096
ABCF2,0.009591359813175312
PUS3,0.009589613557055983
CHST12,0.009589202638945964
NAT10,0.009589173064704188
HNRNPA1P14,0.009588983542173989
ZNF260,0.009586251923836867
CDK7,0.009586077149067299
DHX37,0.009585118265322094
ZNF629,0.009585012005049902
BLOC1S4,0.00958351337140702
ZNF429,0.00958340142754295
ACTG1P14,0.00958333370010136
PAK1IP1,0.009583062664997241
APEX2,0.009582615813107069
ZNF79,0.009582610553663122
BBS10,0.009582420556390055
MED11,0.009581939689553919
LRRC59,0.009581925887560232
RP5-1024G6.2,0.009581916056677083
FAM127B,0.009581630851572247
VKORC1L1,0.009581211490930684
ZNF700,0.009580975961593071
IPO8,0.009580771000632624
RP11-9L18.2,0.009580138484466939
GNA13,0.009579728293443763
NSMAF,0.00957936821611967
COX10-AS1,0.009578170664174646
CUX1,0.00957770235317287
FASTKD5,0.009577023336252896
C1orf74,0.009575663082375428
SPDYE3,0.009574797865070471
PAG1,0.009574441392492588
DECR2,0.00957407973189557
IFRD2,0.009573825739351971
HSD17B1,0.00957321734078213
HPF1,0.009572650573228559
DNAJC1,0.009571877421784261
GNAI3,0.009571637307582327
CTB-55O6.12,0.00957137473004041
SGTA,0.009570407375170108
ZFP2,0.009569339258887718
URM1,0.009568574718784164
RPL32P3,0.009568555227619666
POP4,0.009568184601553984
ZNF526,0.009567588442177716
NAF1,0.009566368454202298
CCT6P3,0.00956512182511211
PSMC4,0.009564801897326064
PCNX3,0.009564718307943771
PTGES3P3,0.009564701883331478
ARF6,0.009563543378148506
ZNF592,0.009563247937159906
HNRNPA0,0.009562295315358753
LCMT2,0.009562277122154461
FARSB,0.009561975258794988
CTD-2553L13.9,0.009561129501983793
HDAC3,0.009561066189494835
SF3B6,0.009561001721807811
RGL2,0.009560955303780374
TAF7,0.009560247585382022
DCTN6,0.009559979131610016
MRPL46,0.009559791809198552
RBM14-RBM4,0.009559586654086131
RP11-378J18.8,0.009558877207581301
MNAT1,0.00955852872064936
PRKD3,0.009558218411295064
NAA25,0.009558213113214394
ZNF431,0.009556391913841307
DYNC1I2P1,0.009555938831102374
RP11-418J17.1,0.009554852742031017
TMEM101,0.009554774191754406
PTP4A2P1,0.009554323588869958
PPP1R11,0.00955269570527187
RP11-550F7.1,0.009552619538412521
STAT5B,0.00955233845370341
TIGD7,0.009551212999283373
RP11-196G11.5,0.009550693470653893
MRGBP,0.009550613606948111
BAG5,0.009549965973418952
QTRT2,0.009549850920411015
ZNF616,0.009549071427651757
CTC-487M23.5,0.00954846636181799
TMEM50A,0.009548415246332188
GEMIN4,0.009546806136892601
RNF115,0.009545662633271824
IPO9,0.009545599426181469
ALDH16A1,0.009544740435258752
TMX2P1,0.009544544252481331
ZNF787,0.009543692277521783
BAZ1B,0.00954298754688256
ROCK1,0.009542026393532283
HEIH,0.00954145386649222
LINC01578,0.009541152622674378
LINC00526,0.009541007523541551
TRMT12,0.00954032699380257
TOP1,0.009539974446777266
EIF2S3,0.009539622054965259
ZNF558,0.009538582851110042
RP11-553K23.2,0.009538308396938488
GPATCH1,0.009537355012853879
TCEA1P2,0.009536535753845533
RP11-159F24.3,0.009536183305399891
ATG14,0.009535679250121724
RP11-251G23.5,0.00953553598176295
VHL,0.009535305312819722
FADD,0.009535219409586205
C11orf24,0.009533640290905865
ZNF234,0.009532377472627033
ZNF285,0.009531968211625821
PDIK1L,0.009531437783581172
DCAF16,0.009531003731049856
AIMP2,0.009530938775927256
NSDHL,0.009530741511786131
MAGI2-AS3,0.0095302453652259
PP7080,0.009528956191997224
SNHG21,0.009527735056737494
UBA6-AS1,0.009527382602022448
UFSP2,0.009527173295702962
ALG11,0.009527121447363224
MSANTD4,0.00952710314106838
RP11-212P7.2,0.009526808993301016
CDC37,0.009526339290444014
SPIN2B,0.009526192807255356
ZNF799,0.00952530239527669
THAP12,0.009523549797140539
MPV17L2,0.009522435656489194
RP9,0.009521929637688753
KAT2B,0.009521542208838732
GM2A,0.009520587740047746
ZNF585A,0.009519348588525121
TUFM,0.009518136561477344
PPP1R10,0.009517522906764088
SHPK,0.009517440298408232
BAK1P1,0.009516823132020898
ASB16-AS1,0.009516713504957182
MAF1,0.009515493790479284
FAM175B,0.009514930824545374
VASH1,0.009514170248913736
ELAC1,0.00951361486117914
GCSH,0.009513461724321133
WDR12,0.009511502110689357
PKD2,0.009511119002772878
RP11-379H18.1,0.009511107580628151
FIZ1,0.009510918796709112
ZNF564,0.009510464987733322
UBE2Q1,0.009510387930069917
HEATR1,0.009509615537800817
ZC3H4,0.009509412621485644
CSGALNACT2,0.00950936430288657
GPN3,0.009509317695459214
NANP,0.009508451583655124
PPP2R3C,0.009508218885831735
MAIP1,0.00950788195147654
VBP1,0.009505608244682686
ZNF224,0.009505566109589813
UBE4A,0.009505527203170392
ABHD5,0.009505172116451962
RP11-680G24.4,0.009504701049361805
MRPL3,0.009504358132101955
KCTD7,0.00950364278964085
ARL6IP6,0.009503049393070399
GTF2IRD2P1,0.009502615225808926
CTC-479C5.12,0.009502582686102492
HSF1,0.009502412619572997
ALYREF,0.009502141526473332
ARPIN,0.00950164291656864
LAMTOR5-AS1,0.009501550520746964
ARFGEF1,0.009501334483362708
PTMAP5,0.009501121491612124
CTC-487M23.6,0.009500909241901822
MOCS3,0.009500065199253878
HMBS,0.009499319483606045
RFTN2,0.00949819215555099
SOCS6,0.009498135476701482
GPAA1,0.009497754346456345
FH,0.009497478513518192
RIT1,0.009497136766678828
ARMC7,0.009496668304129931
NCBP2,0.009496563211433093
FAM200A,0.00949645703734437
FUT4,0.009496025479047874
AC004967.7,0.009495933681691791
PEX12,0.009495680062369484
RNF25,0.009495203640787226
HMGN1,0.009495091913771991
RP11-196G11.6,0.009493896747536337
PIH1D1,0.009493278386554258
TMX2,0.009493201375375963
USP37,0.009492920914720121
THTPA,0.009492877714437029
NOC2L,0.009491722220760957
ZNF543,0.00949163847750672
RBM15B,0.009490399052381417
RNPEP,0.009490393649207583
EIF3J-AS1,0.00949018014974108
ATP6V1C2,0.009490118319019266
ACTR6,0.009489486934429614
MIER2,0.009489212851082786
ZNF622,0.00948918947033815
NATD1,0.009488829422519806
RP11-730G20.2,0.00948877495073813
ACADS,0.009488764789179389
ZNF550,0.009488651728901542
INTS5,0.00948803757102604
DDX56,0.009487335300034847
RPL23AP53,0.009486878352337068
DUSP28,0.009486678275966887
MRM1,0.009486520844942652
ZNF180,0.009486011573518372
PSMC2,0.009485607029652407
ZNF552,0.00948557498393253
HPS3,0.009485476457576164
CEP70,0.009485419409007044
MRPS14,0.009485175279060915
ZNF417,0.009484960647618654
RP11-422P24.11,0.009484845773479234
LINC01473,0.009484781382050689
CCNI,0.009483575028052976
CTC-498J12.3,0.009483165717561677
AP4M1,0.009482970728604576
ELOF1,0.009482506463865422
RP11-386M24.4,0.009482432809924453
SRSF8,0.009482341680283751
BARD1,0.009482240833259832
RP11-658F2.8,0.009482119343891962
NSMCE3,0.009482070365991736
SF3A2,0.0094805675743884
AGO1,0.009480178414487226
ANKRD49,0.009478997654925735
GMEB2,0.009478833580403696
RP11-529H20.3,0.009478149320070121
SLC15A4,0.009478050858773464
WDR5B,0.009477856318704563
ATF1,0.00947541534942939
RP5-821D11.7,0.00947473689780237
CHMP2A,0.009473703087569495
TPM3P9,0.009472927460965421
PIGV,0.009472743127548174
MIS18A,0.0094726538219442
RCC1L,0.009472287601130322
MRPL44,0.009470861551520564
ANAPC2,0.00947051103466326
PTPN1,0.009469193910706908
PNN,0.009468078756089012
SLC35A5,0.009467275655248934
RAP2C,0.009467176613208238
GS1-124K5.12,0.009466321607725956
NUDT22,0.00946630140420489
ZNF345,0.009465948998263222
NUDCD1,0.009465898743021763
ZNF862,0.009465044238091686
MPHOSPH6,0.009464995976521165
DHRS4-AS1,0.009464917668827245
RP11-767N6.7,0.009464387397397219
RP11-226L15.5,0.009463592314972126
CHMP6,0.00946303488382826
ZNF569,0.009462668317711387
TMEM185A,0.009461104205586393
RP11-162A12.2,0.009461047885671299
RHNO1,0.009460800361665533
UBL3,0.009460631673670967
EBLN3P,0.009460576962363673
ECH1,0.00946014316387747
CDK2AP2,0.009459682916408332
CTD-2033A16.2,0.009459474336620512
POLA1,0.009458702715926253
RAD9A,0.009458427804155354
LRRC37A17P,0.009457102589591497
FICD,0.009456379809003126
METTL25,0.009456316004530719
C9orf142,0.00945628869433232
ZNF155,0.009455870451880516
TCEB3-AS1,0.009455387031709794
C8orf58,0.00945505135669401
RP11-10L12.4,0.009455037332415518
RP11-390E23.6,0.009453768199295293
THAP9-AS1,0.009453712154935514
HNRNPKP4,0.009452596913937501
NOP2,0.00945195307441275
ASF1A,0.0094511875885494
TMEM9B,0.009450749435128209
GAB1,0.009449988016241135
ZNF572,0.009449948669516173
EIF3FP3,0.009449872100037794
PAQR7,0.009449785635778283
ZMPSTE24,0.009449176337058383
PINX1,0.009448842866524728
BCAS2,0.009447606089938202
ZNF561,0.009446671493200817
HEMK1,0.00944641220528899
RPUSD1,0.009445458135557496
ANKHD1-EIF4EBP3,0.009445113685172526
ZNF585B,0.009444891530138055
SPCS2P4,0.009444262020008296
G6PC3,0.009443832092533336
POU3F3,0.009443642179247912
ZNF14,0.009442825562682474
UTP3,0.00944279304753519
RINT1,0.009441748845341593
NAGLU,0.00944171709753434
TBC1D19,0.009441183785200893
C11orf68,0.009441160423755778
PRH1,0.00944106418954545
RWDD4P2,0.009440936177735396
DARS,0.009440899149938274
TUG1,0.009440132566023041
URB1,0.009439859660726625
SMIM7,0.00943969133392631
ZNF853,0.009438659185783299
MAP1LC3B2,0.009438125681288045
DOLK,0.009436325705143207
CCDC93,0.009435543173282514
ZBED1,0.009434975007684209
TADA1,0.009434950677782616
RP11-115C21.2,0.009434227909495137
GABARAP,0.009433853284034508
TATDN3,0.00943288336879767
ARHGEF40,0.009432401914281517
CISD2,0.009432083819636134
AGA,0.009430839156032485
NCK1,0.009429753463218305
SBDSP1,0.00942951080984518
TTC1,0.00942788648228867
RP11-734K2.4,0.009426954481541017
HMGB1P6,0.009425977152269808
ZNF717,0.009425618544219546
SPTY2D1-AS1,0.009425409225543899
CCT6P1,0.009424730873472542
RNF26,0.00942430552495852
LTA4H,0.00942373624609086
ALKBH5,0.009423342632653622
BAZ1A,0.009422472961504528
GTF2IP1,0.009421959895908315
KRCC1,0.009419652544715936
GTF2I,0.009419152348486113
PRKDC,0.009418051819712538
NCBP2-AS2,0.00941781454507803
RP11-435F17.3,0.009416252027726632
LYRM2,0.009416009348485034
ZHX1-C8orf76,0.009415918936347521
SMC3,0.00941584316194526
PEX10,0.009414554109846759
EBNA1BP2,0.009414452727441463
RP11-15A1.7,0.009414103602851049
WDR83OS,0.00941349671193825
TSEN34,0.009412692730812779
TMEM129,0.009412596087135587
DDX28,0.009412441084266874
TALDO1,0.00941220337983996
ORMDL3,0.009409969041553917
RPAP3,0.009409455555297411
ZCCHC3,0.009408985577155787
DCLRE1A,0.009408832233194499
WDSUB1,0.009407856930138413
CTA-253N17.1,0.009407754418516191
MANBA,0.00940689328650029
SUPT16H,0.009405161553706291
TRAP1,0.009405111790336353
PMVK,0.009404865085890881
RAB11A,0.009404796610297389
AC009403.2,0.00940429287187555
CTC-559E9.5,0.009404020844100773
DDX47,0.009403957964191849
HNRNPA3P6,0.009402104996503706
GSS,0.009401380620712007
RPL22,0.009401323316722544
SDF2,0.009400749535706155
CCDC71,0.009400221315988753
XYLT2,0.009397708788510534
ZNF284,0.00939756871795264
AL136419.6,0.009396855446221871
CTD-3185P2.1,0.009396337169294078
RFC4,0.00939629129645034
CTC-325H20.4,0.009396205528891501
LIPT2,0.009395859214532272
ZNF138,0.00939569159181079
MAGOH,0.009395503230406511
OXCT1-AS1,0.009395186381929519
RPP21,0.009395121112258755
NOM1,0.009394561469245253
MTFMT,0.009394435847791437
DCPS,0.009394241563868068
EIF5B,0.009393777691217197
TRMT5,0.00939357140666576
FUT11,0.00939351694198394
TMED6,0.0093925744867382
ZNF398,0.009392475543912277
RRS1,0.00939229801244107
HNRNPLP2,0.00939188137224913
CPTP,0.009391513959820276
RP1-43E13.2,0.009390995972520412
LRRC40,0.009390198633208911
C1GALT1C1,0.00939001298468035
ABT1,0.009389738394941578
NEMP1,0.009389169973378804
CTDSP1,0.009389111145623097
DCTN5,0.009388864692238869
TLK2P1,0.009388002667633968
NBPF9,0.009387542643948182
BOD1,0.009386573210261671
ZNF252P,0.0093865039354745
LEPROT,0.00938638631516121
KTI12,0.00938613008760922
ZNF420,0.009385431678846276
PTMAP2,0.009385322475559281
RP11-440L14.1,0.009385311309548162
RAB22A,0.009384609086842357
CSNK2A3,0.00938445998615288
AP000254.8,0.009384314442927798
AC012314.8,0.00938430374929784
SOX12,0.009384270536352686
HNRNPKP1,0.00938388802413344
NBPF11,0.009383369909865503
CHMP4B,0.009383237349941684
FAN1,0.009383121177973599
MIPEP,0.00938280888174965
TATDN2,0.009381761834346814
HNRNPA1P48,0.009381422511735996
TGDS,0.009381360145182586
R3HDM4,0.009380283662024204
RP5-1000K24.2,0.009377736746988658
GTF3C6,0.009377698353291747
MAGOHB,0.009376612401808197
FANCE,0.009376225564228065
UMAD1,0.009376171750099905
RP11-37B2.1,0.009375462429220025
LIN52,0.009374764813436496
RARS,0.00937447259585679
TAF10,0.009374248509505294
ZNF675,0.009374125677218141
RP13-1032I1.7,0.009372042370434593
CHRNB1,0.009371477323539466
FEN1,0.009370292312336012
HMGN4,0.009370017939044262
NARS2,0.009369483523519214
APTR,0.009369360785625183
SYAP1,0.009369112522335112
C14orf166,0.009368829763278842
TRAPPC6A,0.009368672641355614
PRAF2,0.009368124751629996
RPIA,0.009366697681867658
RAD18,0.009366494302987229
CTD-2287O16.5,0.009366177551144063
ZSCAN5A,0.00936579836512524
LRWD1,0.009365589843536297
ATXN1L,0.009365559484403648
ZNF35,0.009365403687716304
UXT-AS1,0.00936504057578357
AC021224.1,0.00936474411233294
SURF2,0.009364629754047246
TRIM52-AS1,0.009364045588128785
JPX,0.009363796629989696
RP11-303E16.2,0.009363764288534948
FO538757.1,0.009363762815065117
ACAD11,0.00936243271590968
ZNF490,0.009362388693695343
GATAD2B,0.009362136981837865
TMEM109,0.009362091139253894
TMEM203,0.00936161905331954
ACTG1,0.009361456334984706
JRKL,0.009361232940261225
ALOX12-AS1,0.009360736603452007
RP11-884K10.7,0.009360265676575653
RDH14,0.009359799741180843
NACA,0.009359421129151717
RP11-111H13.1,0.00935916259961923
MYO19,0.009359130195984965
TMEM251,0.009358214849282004
FAM185A,0.009357279105093637
NOP14-AS1,0.00935671345521922
ING2,0.009356630984259463
ADH5,0.009356480643375195
RP11-767N6.2,0.009356013809928452
DTX2P1-UPK3BP1-PMS2P11,0.00935522393682672
MFAP1,0.009354836957652147
PSMA3-AS1,0.009354096284555937
ZNF777,0.009354050627641771
TDRD7,0.00935361507872406
TMEM187,0.009353501851201504
SMARCC1,0.009353243142189242
SNHG20,0.009353035780380315
SPPL2A,0.009353007596602202
COA4,0.009352941332807651
AL133243.1,0.009349606474112909
MRPL16,0.009349576964411145
SLC25A1,0.009348902203526254
TWNK,0.009348710026134443
ARPC4-TTLL3,0.0093482387894815
DYNC1LI1,0.00934786576705969
NELFB,0.00934671477866934
DDAH2,0.0093461931292954
TMEM43,0.009346081002532492
KB-1208A12.3,0.009345712060335907
PIGC,0.00934530977086509
ZNF256,0.009344778085791946
GEMIN6,0.009344308476319048
POLR2H,0.00934401853828257
RP11-1148L6.5,0.009343574568347198
NPM1P39,0.00934343884561052
MAGEF1,0.009342817706998428
RP1-101A2.1,0.009342230276538731
IMPAD1,0.009341611167604087
M6PR,0.009341446216402406
ZBTB33,0.00934099560876014
PHF13,0.009340363811421748
POLD2,0.00933897682496938
BZW1P2,0.009338348920009565
RNASEH2C,0.009337564525600575
TEFM,0.009337418010912108
PFDN1,0.009337033592450724
KIAA0753,0.00933645771736466
ARPC1A,0.00933620898973364
ZNF580,0.009335878853508459
CHURC1,0.00933572638668936
WDFY2,0.009335652530400024
PLEKHF2,0.00933550978359054
ABHD13,0.009335273495797825
DNAJC8,0.00933508852287855
RP11-267J23.4,0.009335005907465164
GTF2IRD1,0.009332631863756359
PLAGL2,0.009332121068280883
STARD7-AS1,0.009331239650669435
PRR13,0.00933120352783502
ZSWIM3,0.009330560036984875
HCG25,0.009330363741139111
ZNF22,0.009329380825796511
MRM3,0.0093291727123658
DIRC2,0.009328716212655259
COPZ1,0.009328695900959172
ALG2,0.009328485931863
STXBP3,0.009328483622954298
SOWAHC,0.009328482159878346
ZBTB41,0.009327684758558477
MRPL18,0.009326766529133721
RP3-475N16.1,0.009326763683626886
LINC00665,0.009325399401756857
C17orf49,0.009325178637058156
PBDC1,0.009325064675186026
UBQLN4,0.009324835136089574
SYS1,0.009324203960219036
SLC35F6,0.00932414373069199
TFB2M,0.009324004830103795
SUZ12P1,0.009323445503736776
MIIP,0.009322603965056533
EIF5,0.009321388872971428
SPAG7,0.009321382143797434
TRAPPC4,0.009320928593391158
DXO,0.00932030581865725
ZNF436-AS1,0.009319398701756906
WDR5,0.009318920053056332
CCDC124,0.009318298617216985
CTD-2013N24.2,0.00931781236826913
LARS2,0.009317125599998989
BCKDHA,0.009316003173670005
PPP2CA,0.009315991003199183
ZNF583,0.009315594707123466
C1GALT1,0.009315590291563416
RPF1,0.009315434074747626
RBM33,0.009315115058936594
B3GAT3P1,0.009314329844513823
KCTD21-AS1,0.009314150499458622
MORF4L1P1,0.009313530540214202
EMD,0.00931333934473918
RP11-7O11.3,0.009311805884648123
CEP76,0.009311741211084421
TAOK1,0.00931103744586044
AC005822.1,0.009309999494694856
MCEE,0.0093096021102844
EIF4BP6,0.009309368673873325
TMEM57,0.00930892392104162
ZNHIT2,0.009308670472322937
MPP5,0.009307977527749981
GCSHP5,0.009307192152923699
STX17,0.00930663156027658
HSPD1P4,0.00930606772639204
CTD-3184A7.4,0.009305869835225562
RP11-142L4.3,0.009305550494649354
TIMM44,0.009305475862542954
CFDP1,0.009305409406559769
ERP29,0.00930520579707422
KATNBL1,0.009304944136044805
RP5-1099D15.1,0.009304835679993838
RAC1P2,0.009304714108649588
HNRNPKP2,0.009304316752834179
C18orf25,0.009304004037343445
ZNF551,0.00930365224127345
PPP3CB-AS1,0.00930236135726445
RP11-546D6.3,0.00930228629386247
EAPP,0.0093014335370662
ALKBH4,0.009301049306689754
RP11-284M14.1,0.009300675389605927
SNX17,0.00930066678466611
SUMO2P1,0.00930061507033003
YKT6,0.009300189681426051
RP11-296E7.1,0.009299574598685684
RP11-196G11.3,0.009299416462134362
C8orf31,0.009299385534858323
AC025171.1,0.009299068105220878
DPY19L2P3,0.00929892280409451
INCA1,0.009298723584273184
KLHDC2,0.009298064524783132
SYPL1,0.00929601167090579
FDXACB1,0.009295953142196953
DUBR,0.00929561626191011
COPS6,0.0092949965248574
EIF1AX,0.009294682364017289
LSM5,0.00929460660463233
RP11-589P10.5,0.00929421576073982
RP11-278C7.4,0.009294001775189065
CENPO,0.009293435197477431
RCOR1,0.009293358514912666
SOX21-AS1,0.009290802931033407
LRRC14,0.009290569845360705
EID1,0.009290237104165948
SNRPB2,0.009290100263393157
FAM210B,0.00929001916988476
PCNPP1,0.009289156429842994
MTERF2,0.009288977679918623
DLEU2,0.009288611746546334
SLC38A7,0.009288576444224263
RP11-446E9.1,0.009288544648411544
DTWD2,0.009287869092881353
ZNF670,0.009287766873927164
SMG5,0.009287194257200749
DHFR,0.009286945373972072
HNRNPA3P5,0.009286102157415859
LENG1,0.00928540450757588
PIGBOS1,0.009285308947918068
FAM103A1,0.009284969699566957
MRPL20,0.009284747803682714
TRNAU1AP,0.009284519440900732
ZNF549,0.009283917183955458
ZNF844,0.009283815904982597
AHSA1,0.00928127971822664
MIATNB,0.009280413824168273
ZNF609,0.00927959136060559
DRAP1,0.009279537242371261
MCM6,0.009279440913690883
RNF2,0.009277362804398769
ZNF524,0.00927711004777411
RP11-977G19.12,0.009276250118664982
TMEM55A,0.009275972087866492
ZBTB22,0.009275258015110885
C3orf38,0.009275042235267645
RNPS1P1,0.009274767042655372
COX19,0.009274562556256513
SEPT10P1,0.009273984833615303
PSMB4,0.009273983708705764
TMED2,0.009273398017798879
SETD8P1,0.00927334132471661
SLC35C1,0.009272793807519731
TAF13,0.009270974817049398
PITPNA-AS1,0.009270430542306692
RAP2C-AS1,0.009270337508413799
RP11-319G6.1,0.009269367187336017
AC026271.5,0.009269274108316584
RP11-339B21.13,0.009268764924193845
GCOM2,0.009267903866022206
PGLS,0.009267682311718841
MAPKAPK2,0.00926713519293795
RHOQ,0.009266546489790447
C16orf91,0.00926641617896681
PDP2,0.009266256562488985
GTF2E2,0.009265787751750255
RP3-424M6.4,0.009265753314478695
TAF15,0.009265711979249604
RP1-39G22.7,0.009265204060012442
TECRP1,0.009264749269357659
RP5-940J5.6,0.00926474700818093
TXNL4B,0.009264273589075105
DLSTP1,0.009263529423788773
EIF4EBP2,0.00926327251689322
DHRS12,0.009263239305521094
FPGT,0.009263219375146084
ZNF579,0.009263051116770258
ZNF790,0.009262262481221051
PDE7A,0.00926221955659903
TMEM263,0.009261617879163273
SNRPF,0.009261577761975899
DSCC1,0.009260721136369922
PFDN6,0.009260688685140964
B3GALT6,0.009258929237914656
KMT2B,0.00925857207352137
RP11-286H14.4,0.009258344048794557
PEX11A,0.009258233440481288
ADCK2,0.009258230093253023
C18orf32,0.0092564586682267
RARA-AS1,0.00925522953755109
HNRNPH2,0.009255024438455767
MTF1,0.009254995543248727
SOCS5,0.009254624726078197
TMEM262,0.009254427377015288
KCTD21,0.009253333673912192
BTF3L4P2,0.00925332807622274
VPS25,0.009252469428365565
RPA2,0.009252350445738081
GNPNAT1,0.009252330919022656
ZXDA,0.00925229020149644
CTR9,0.009252126657176445
AKIRIN2,0.009251997134521135
HGH1,0.00925009196560945
MED30,0.00924989829443742
POP1,0.009249497216489566
PHC1,0.009248820074880943
NBPF12,0.009248085802314251
CCDC121,0.009247837115383914
OXLD1,0.009247768805929583
CYB5D2,0.009247417751766691
CDK2,0.009246932382729934
ZBTB12,0.0092465610091682
PFN1,0.009246362065338685
ZC3H3,0.009246294358664623
SRGAP2,0.009245479037860523
C12orf49,0.009245177369976406
DNAJC18,0.009244946002731815
CA5BP1,0.00924479806020977
ASH1L-AS1,0.00924427929663789
DGAT1,0.009244139578958229
RBM8B,0.009243920722729953
RP11-286N22.8,0.009243743091990268
ZNF630,0.009243618901139667
MRPS30,0.00924336509506978
RP11-397E7.4,0.009243163993976115
NPM1P27,0.009242865926792809
ZNF264,0.009242383504200655
ARIH2OS,0.00924232660510724
LIN37,0.009241567545396533
UBE2D3P1,0.009241239828569064
TMEM117,0.009241098095632568
CTC-471J1.11,0.009240986708250873
TMEM42,0.009240580143778244
PPIL3,0.009239766322278482
RFX1,0.009238050600180507
B3GNT9,0.009237348759868895
CYB5RL,0.009236878255091556
VRK1,0.009236414149077547
STRAP,0.009235763974699199
HNRNPCL1,0.00923564621124848
NAPA-AS1,0.009235389737806491
TWF1P1,0.009235371493465547
FNTB,0.009234703600783633
TRAM1,0.009233829508122864
RP11-343L5.2,0.009233783196574287
AC093388.3,0.009233236500611657
MRPL45,0.009233199435096264
ZNF529-AS1,0.009232633677605085
NUS1,0.009232463137519712
TMEM147-AS1,0.009232346800975047
RBBP4P2,0.009231925085360693
LSM6,0.009230885601330655
SOX2,0.009230795736018574
LRRC57,0.009230417771019442
CYB561A3,0.009229150343618354
RBBP4P1,0.009229057762868873
FBL,0.009228744991606452
CCDC58,0.009228011132761779
RP11-158H5.7,0.009227966350791542
ARL6IP5,0.009227475086956146
HNRNPCP7,0.009227430595765604
SEC61B,0.009227216474530342
TAPT1-AS1,0.009226472219505077
ZBTB11-AS1,0.009225543366379908
AC009404.2,0.009224503241927697
RNF168,0.009224277442591909
MLLT1,0.009224243048680249
C20orf202,0.009223721253096867
NUDT15,0.00922212869741428
SEC61A1,0.009221606686066188
NAP1L1P1,0.009221597438027444
RP11-135F9.3,0.0092210504631322
ZNF277,0.009220750795138365
AC093627.9,0.009220720201320181
EIF6,0.009220612236581915
CTD-2619J13.17,0.009219031980461161
SMPD1,0.009218327165408673
DUSP11,0.009218238193085012
HNRNPA3P10,0.009218172228582034
HNRNPA3P3,0.009217623015177217
HNRNPA3P12,0.00921757230165205
AC105760.2,0.009217161868457129
RP11-481C4.2,0.00921707395027594
CTD-2666L21.2,0.00921682871721701
AP1M1,0.009216777537741435
UNC119B,0.009216457126466234
RAB11B-AS1,0.009216412642648822
DNAJC9,0.009216244271038015
RPL23AP7,0.00921596836086141
HAUS6,0.009215798236660092
GLA,0.009215785301292297
SEC63P1,0.009215493724928652
PEX11G,0.009215484171207908
TACO1,0.009215464596642403
LPCAT3,0.00921543049726598
UNG,0.009215375618382437
PCNA,0.009215312483375185
IVD,0.00921517234037236
RP11-267M23.4,0.009214810467444446
RP1-159M24.1,0.00921459563381448
SFSWAP,0.009213992546218627
DENND5B-AS1,0.009213969748089378
MIR762HG,0.009213776393020063
HNRNPA1P10,0.009213217856586025
POLR3B,0.009213126377965772
AC009948.5,0.009212845690161335
LSM3,0.009211646839704308
SSBP1,0.00921161273164649
IMP3,0.009211231557416042
PRELID1P1,0.009211024510478349
EIF1B,0.009210500576938806
DAD1,0.009210441035768745
CAP1P2,0.009209708265004292
AIP,0.00920904358393001
AC005224.2,0.009208063895562528
TOB1,0.009207018851207886
HSPD1P1,0.009206795226335517
CTD-3138B18.5,0.009206653305791944
ZNF251,0.009205997078626509
ATP1A1-AS1,0.009204746333486022
DCAF15,0.009204286209388577
TARBP2,0.009204214241605656
GS1-124K5.11,0.009204020008715062
NBPF1,0.009203934123397293
RP11-196I18.3,0.009203735163377719
PEX5,0.00920346465543234
PABPN1,0.009203213662687927
RP11-644F5.11,0.00920290159439173
ACP2,0.009202820280543762
RP11-156P1.3,0.009202304700452885
FAM86C2P,0.009201589436667566
CTD-2201E18.3,0.009200682836329386
RPL12P38,0.009200018861636669
CMTM6,0.009199400042193315
RHOQP1,0.009199153683784185
ZNF677,0.009198949635861306
ZNF660,0.009198804027928366
IFIT5,0.009198782099928065
AC009948.7,0.00919864185762659
MRPL57,0.009198618631224596
SLC52A2,0.009198287110239758
ZBED4,0.009197993615900504
MEMO1P1,0.009197993210981185
CDK2AP1,0.009197645648324966
RP11-120E11.2,0.009197616617982162
FDX1,0.009196783713831421
MPRIPP1,0.009196445537157165
GTF2IP4,0.009196220812666786
CTC-487M23.7,0.009195970137670215
RGS5,0.009195163795033441
CCT8P1,0.009195026280423584
AC069282.6,0.009194752485173615
ZNF805,0.009194551767697566
AGPAT1,0.009194434981183655
UBBP1,0.009194434545838919
EIF3H,0.009194323494200974
LINC01420,0.009194275245695752
RP11-262H14.4,0.009194044586536354
ZBTB24,0.009193549494904803
TUBB2B,0.0091932990965809
ZNF582-AS1,0.009193285161265169
POP5,0.009193220766688515
ALKBH3-AS1,0.00919246902891464
KDELR1,0.00919195989366107
RRAGC,0.009191930690691292
SETP14,0.00919180573078395
RP11-350G24.2,0.009190867953963617
HEBP1,0.009190809343514779
RP11-327P2.5,0.009190663540931341
HNRNPCP1,0.00918985057030964
ZNF28,0.009189461495263838
RP5-894A10.6,0.00918935577046769
MRPS2,0.009188940029777383
ZNF559-ZNF177,0.009188613434135214
DHX9P1,0.009188594061682183
UBR5-AS1,0.00918847472984033
H3F3A,0.009188353008661556
TIGD5,0.009187435146521804
ZNF134,0.009187216753153263
ZNF699,0.00918669421510837
APOM,0.009186252234300755
MALSU1,0.009186153151967707
CFAP20,0.009186141016676542
ZNF837,0.00918563041595887
QTRT1,0.00918508620407463
PLEKHM1,0.009185066080954455
CCDC117,0.00918475418713374
ZNF69,0.00918464902466882
NDUFV2-AS1,0.009184549398023666
C21orf62-AS1,0.009184120747999068
ZSWIM6,0.009182843393077164
RP11-453E17.3,0.009182259669050721
ZNF639,0.009180955223455111
HIST1H3PS1,0.00918046569633415
ILF3-AS1,0.009180240954573298
RP11-146F11.1,0.0091798494686181
PSMC3,0.00917966730905679
TUBGCP5,0.009179397564634543
ZMAT2,0.009178290867608145
PA2G4P4,0.009177641942465927
IMPACT,0.009177558874456569
CDC26,0.009176874897086988
RP11-390P24.1,0.009175345847416168
SMG1P2,0.009175149857838539
POM121C,0.009174816215404578
NUP37,0.009174626969134238
EIF4A1P10,0.009174482574026284
VANGL2,0.009174046243207461
KPNA2,0.009174016208716763
ZNF517,0.009173851075932677
FAM118B,0.009173469667669324
ZNF784,0.00917335022105177
MCM3AP-AS1,0.009172861503283869
SH3GL1,0.009172280916206544
PFDN2,0.009171668194936164
RP11-395A13.2,0.009170977995848376
RP4-758J18.13,0.009170746056766925
AC002310.12,0.009170050877241048
MED9,0.009169965062087967
SUPT16HP1,0.009169603650907904
RPL19,0.009169207350521973
LMAN1,0.009169090863011688
KHNYN,0.009168903796460893
HSP90AA2P,0.009168838577050115
RP11-355O1.11,0.00916852991498103
LINC01572,0.009168031454469506
RP11-27I1.4,0.009167585204774419
GTF2H4,0.009167503478256369
TIGAR,0.009167408193052232
YRDC,0.009166712406184921
BRD7P2,0.009166431704356923
ZNF808,0.009166321745059446
HSPA8P1,0.009165984557735776
TRABD,0.009165154865484635
DGKD,0.009164219587540833
ZNF71,0.00916402862742677
ALG14,0.00916386175979468
SNRPD1,0.009163833802822433
TUBG1,0.009163385957626507
C20orf144,0.009163118372073151
CCDC90B,0.009163089766405268
RRP9,0.009162819203691813
ARL2BP,0.009161561386859888
RP11-661A12.8,0.009161182736279526
LYPLA2,0.009160710855685589
RIPK2,0.009160637746589536
RP3-323P24.3,0.009160594505929634
SERP1,0.00916009321920729
RNF169,0.009159959357353094
AZIN1-AS1,0.009159417746384216
LINC01144,0.009159213249057547
ZNF696,0.009159156336329438
RP11-459F6.3,0.009158858432930133
TTC28-AS1,0.009158852425018533
PSMC1P1,0.009158720005466832
TUBBP1,0.009158279729771887
RP3-342P20.2,0.009158109672597196
RP11-305B6.1,0.009157482350158478
TIGD1,0.009156929881126078
CKMT2-AS1,0.00915666518113802
CAPN15,0.009156520609444267
CTD-2186M15.3,0.009156454478089958
ABHD15,0.009156214089400908
RP2,0.009155887323572889
PM20D2,0.009155629238070647
HSF2BP,0.009155067389974788
MND1,0.00915485596271688
TXNDC16,0.009154443124002954
CBX8,0.009153953560901332
B3GNTL1,0.009153652030536266
ZNF396,0.009153109570456164
CASP6,0.009152891618274678
HMGN1P38,0.009152795831569138
SHFM1,0.009151580087357936
SMC5,0.009151106806729212
FBXL7,0.009150079462980238
HSPA9P1,0.009149430603670874
ZNF783,0.009149239774549607
RP11-69M1.6,0.00914905382975135
ZNF525,0.009149014693158732
HMGN2,0.009148906192354015
ZNF865,0.009148679809115394
ATP5J2-PTCD1,0.009148288641757844
HSPA13,0.009147197666065168
SLC35D1,0.009147005365283614
PNO1,0.009146110170729764
TERF2,0.009145758499397189
GSPT2,0.009145602345597616
WBP4,0.009145210671598559
RP1-234P15.4,0.009144072769270073
RP5-1136G13.2,0.009143705640292713
CTD-2553L13.10,0.009141608988600098
EIF4A1P2,0.009141365116923218
TMEM8A,0.009141140266535982
ACY1,0.009140781390853508
AC083899.3,0.009140674225673568
ANP32BP1,0.009140592862530585
TCEAL9,0.009140550623107344
RP4-639F20.1,0.009139928308286993
ARF4,0.009139542508522832
LINC00339,0.00913928720059877
EIF2S2P4,0.009138966856622906
BORCS6,0.009138754910623863
FANCG,0.009138003379478187
HNRNPUP1,0.009137655249409612
EIF4BP3,0.009136940010947616
LSM1,0.009136450786988446
TMEM62,0.009135911811270096
CCDC53,0.009135134455782226
NOTCH1,0.00913502821265976
FMO4,0.009134957765776448
LRBA,0.009134154636995104
IQCH-AS1,0.009132726739339297
ADNP-AS1,0.00913230477409238
CTD-2342J14.6,0.009132213754318323
H3F3C,0.009131202538611318
CENPQ,0.009131092540534501
ORC5,0.009130413908424659
RP4-614O4.13,0.009129757614718152
RP13-93L13.2,0.009126701191092214
RP11-186B7.4,0.009126314112243164
KTN1-AS1,0.009126281903453102
PCNPP5,0.009125577968095716
C17orf58,0.009125392868482789
C6orf120,0.00912478114994526
RP11-423P10.2,0.009124475004037545
SLU7,0.0091239639211786
APLF,0.00912337026795571
RP1-198K11.5,0.009122819283068921
DCXR,0.00912270212190947
RPL29P24,0.009122534858080098
HMGN1P36,0.009122256436914283
RP6-218J18.2,0.009122129074139798
ST13P5,0.009121680458634622
ZNF416,0.009121333739267077
ANP32C,0.00912088635321459
LATS2,0.009120336097149729
DPH3,0.009120050422741822
UBE2MP1,0.009118765828124221
GOLPH3L,0.009118408614621465
CTB-25B13.12,0.009118075360222017
C11orf84,0.009117812432630141
SP2-AS1,0.009117641510084117
RP1-267D11.6,0.009117352722044903
ORAI3,0.00911704781734067
MKLN1-AS,0.009116971503675991
CITF22-1A6.3,0.009116684835640515
HSPA8P8,0.009116548709837705
EGLN2,0.009115365389634212
GVQW1,0.009114316632553101
TRUB2,0.009114230982421381
ERVK3-1,0.009114030008044532
RP11-712L6.5,0.009113792713168855
NUDT19,0.009113720763858602
FAM136A,0.009112703026807853
ADH5P4,0.009112011508022938
RP11-1148L6.9,0.009111992492694291
GLIDR,0.0091113651522878
DBF4,0.009110679010141039
EIF4HP1,0.009110329444649113
GLRX5,0.009109966504585123
HNRNPA1P35,0.00910994354811412
RP11-849F2.5,0.009108001777482621
PA2G4P2,0.009107846736442058
TIMM8A,0.009107618566514583
RP3-449O17.1,0.009107234909042456
SEPT2P1,0.009107219999736483
RP11-206F17.2,0.009107118870784735
WDYHV1,0.00910695666493933
ALKBH2,0.009106914934680655
ZNF311,0.009106504454726822
BDNF-AS,0.009106221040785302
GXYLT1,0.009106162352475279
VDAC1P8,0.009104854569019055
ISOC2,0.009104278854745207
LINC00680,0.009104020974355606
HSPE1P3,0.009103961495534928
RP11-87C12.2,0.009103918543622256
HNRNPA1P7,0.009103694797498093
U47924.6,0.009103575346880308
RP11-567G24.1,0.009103162576587227
RFC2,0.009102228494168597
RP11-567M16.6,0.009102085100097648
EIF1P7,0.009102076094843555
RP11-849F2.9,0.009102071133662959
EIF4EP2,0.00910179057002735
NCLN,0.00910131450028776
CHST14,0.009101134561853397
NBPF25P,0.009101032901640573
TMEM179B,0.009100465015916128
ACOT13,0.009100067234786168
NPM1P6,0.009099744628428223
DECR1,0.009099317874925883
SNRPC,0.009098904914237335
FBXL6,0.009098005635526527
EIF1AXP1,0.009097626622806393
ATP5HP4,0.009097128412724632
LINC01560,0.009096796125662424
RP11-10K16.1,0.00909605395864765
TMEM140,0.009095353085821564
PIGH,0.0090953422230452
UBE2D3P2,0.009095297401275938
E2F5,0.009094552405009792
NSA2,0.00909445188817634
VPS26B,0.009093816377982657
RP11-74J13.8,0.009093689848295596
RP11-421F16.3,0.009093347780638748
C5orf66,0.009093091673824797
C7orf73,0.00909268799372365
YBX1P10,0.009091308260322862
EIF4A1P4,0.009091145804152656
CYFIP1,0.00909069306860727
CHMP1B,0.00909040532755911
C19orf44,0.009089523421219738
RP11-77H9.2,0.009089142712065875
AC016747.3,0.009088819462639763
BCL7B,0.009088728482798883
ZNF736,0.009088224959958913
HNRNPA1P59,0.00908784663152618
SNX5P1,0.009086683033759955
ZNF846,0.009086324206399876
SIPA1L3,0.009084544613663424
FKBPL,0.00908438495747172
TM7SF3,0.009084363227405988
TMED7-TICAM2,0.009084138549874027
NUDT12,0.009083874420011778
AC009133.12,0.009083721373236845
SLC35B4,0.009083586658992764
CTD-2336O2.1,0.009083580789503264
CBX3P9,0.00908328942325153
FAM207BP,0.009083078611318785
ZNF281,0.009082918126290562
COPS8,0.00908290043920618
SCAMP1-AS1,0.009082731197214502
RYKP1,0.009082521742872968
ANGEL1,0.009082389666454102
PPIH,0.009081631879368281
PLK4,0.009080889921999
FRG1HP,0.009080771444491601
OXSM,0.009080170394972447
LAMTOR1,0.009079971608684258
COMMD2,0.00907985412132178
MLF2,0.009079814733798552
AVEN,0.0090794917809612
TTC30B,0.009079135472138426
SMIM10L1,0.009077684244082104
CEBPG,0.009075893112852739
GNB2,0.00907535798290781
TTPAL,0.009075155264488868
ZNF674-AS1,0.009074802686265973
RP1-28H20.3,0.009073814095812132
ZNF710,0.00907359079564683
NCAPG,0.00907349332911293
SLC16A1-AS1,0.009073289383277165
CSNK1A1L,0.009072672452844065
AC107081.5,0.009072257583379316
RP11-199F11.2,0.00907211562353185
LINC01278,0.009072069311007893
WDR61,0.009072003960707412
ANP32AP1,0.00907171176460705
ZNF8,0.009070731520981649
PLEKHJ1,0.009070425145175498
IKBKG,0.009070204498534065
PINK1-AS,0.009069953264475144
HMGN2P3,0.009069905041492077
APRT,0.009069891706885982
CTD-2371O3.3,0.009069794852158595
DDA1,0.009069053209465902
CMC2,0.009068833147619651
PHLDB3,0.00906848894689733
CAPNS1,0.009068323259591303
RP11-349N19.2,0.00906792272825611
RP11-1148L6.8,0.009067534862146016
RP11-521B24.4,0.009067218154527368
HNRNPA1P12,0.009067092558830297
CTB-89H12.4,0.009066409726396881
MSI2,0.00906640890267725
ARL14EP,0.009066219509303114
FAM185BP,0.009065502276800674
SPTSSA,0.009065451631612223
SDCBP2-AS1,0.009065256549101333
ZNF628,0.009065093058412915
RASSF8-AS1,0.009064930272902257
FBXO5,0.009064783568661042
SSSCA1,0.009064399430536215
ZNF718,0.009064274846336368
CNTD1,0.009064248950924128
GAPDHP71,0.0090639670032503
RP1-241P17.4,0.009063799467811261
HNRNPUL2-BSCL2,0.009063736374290504
CYP2R1,0.009062508571105136
ST13P18,0.009062404958393172
RP11-512F24.1,0.009062277528291729
XRCC6P2,0.009062074214106208
UFSP1,0.009061622689787132
RP11-485M7.1,0.009061568583235338
CTD-3131K8.2,0.009061264266467473
STAG3L2,0.009061250869681398
ARHGAP19,0.009061140751161392
GS1-257G1.1,0.009060973218200635
UPF3B,0.009060820665250298
POLR3G,0.009060171125173795
ZNF432,0.009059518857237298
CHST10,0.009059485623980254
SS18L2,0.009059345214408696
RP11-408P14.1,0.009059134173818829
ATAD5,0.009058791389251598
HSPA1L,0.009058339285256478
HSP90AA5P,0.009058133918538123
C9orf69,0.009057666904719444
PABPC1P3,0.009057548901879764
API5P1,0.009057117961723945
CTB-58E17.1,0.009055705209732617
RP11-297D21.4,0.009055318326564862
MRPS10,0.009054980107236205
RP11-35G9.3,0.009054976132835431
RP11-1007O24.3,0.009053696305065567
RPL36AL,0.009053556927391598
RP11-428J1.5,0.009053384330875115
GLO1,0.009053366040987759
ZMYND19,0.009053251046773653
TRMT112,0.009052958464688385
FCHSD1,0.009052447000124357
RP4-751H13.5,0.009052196764066996
AC022182.2,0.009051927509509264
MRPS25,0.009051476676895282
COA5,0.009050304065676048
SAP30L-AS1,0.009050279965408295
DDOST,0.009049245732630589
MAPKAPK5-AS1,0.00904910937337239
HSP90AB3P,0.009048871688711062
AC093107.7,0.009048662540154824
ZNF70,0.009048572498920923
TMEM127,0.009048323102841722
GNA11,0.009047893773564044
PEX11B,0.009047602300863128
RP11-252A24.2,0.009047380065790884
PGAM5,0.00904689241794706
SERBP1P5,0.009046836150062609
YBX1P1,0.009046659158314282
KRT8P12,0.009046333695187968
TMEM218,0.009046179287821315
RPS23P1,0.009046107342716969
CTD-2192J16.20,0.009045692600425342
RP11-48B14.1,0.009044538442445401
UBQLN4P1,0.009044396202716139
THUMPD3-AS1,0.009044012703249095
NIM1K,0.009043984946754933
VEGFB,0.00904390710372519
RP5-854E16.2,0.009043030541065563
ATMIN,0.009042823510368414
RP13-20L14.6,0.009042726862136795
RP11-334C17.3,0.009042543049597673
HNRNPA1P4,0.009041717251452322
RNASEH1,0.009041695522859161
RPL23AP2,0.009041513043690528
RP11-95D17.1,0.009040667209697114
ZNF597,0.009040538931024408
ETV6,0.009039995133293963
IPO7P2,0.009039467343153114
BTG1,0.009038251499334545
YIPF2,0.009037764730938421
RP11-298C3.2,0.009036998813571458
CTD-2528L19.6,0.009035636673143974
PTMAP8,0.009035621433224372
GTF2A2,0.00903501514155406
TRAPPC2B,0.009034793635210172
BCLAF1P2,0.00903401912686389
FLJ37453,0.009032469554509114
HYPK,0.009032211331768514
SUCLG2P2,0.00903201344455489
TRIM33,0.009032005407464907
HPS6,0.009031743342584672
SPAG5-AS1,0.009031581915571692
VDAC1P2,0.009031327890305377
DDX11-AS1,0.009031325923248073
CTD-2510F5.4,0.009031205794741124
TMEM102,0.009030619081431311
RANP1,0.009029988732599945
MCTS1,0.009029734628868762
C9orf147,0.009029161922933057
RCC2P6,0.009029118759032069
RP11-539G18.3,0.009028793675415325
HADHAP2,0.009028430341202945
POMP,0.009028358339089812
LINC01138,0.009027508790770878
ZNF880,0.009027496888806611
ALG3,0.009027342937661276
SNX8,0.00902702505748385
TIMM13,0.009026930848894747
ATF4P4,0.00902666153548522
RPL4P4,0.00902613886457708
PRELID1,0.009025919042789998
TNKS2,0.009024950275857476
ZNF843,0.009023910114666111
SUMO1P3,0.009023510200222276
EIF3K,0.009023265232933066
WASH4P,0.009023004800624896
AC012442.6,0.009022921302948154
RP11-90H3.1,0.0090229074755025
ACTG1P12,0.009022450368061518
SPIN3,0.009022008178849556
MRPL51,0.00902141725295842
FUNDC1,0.009021345757429177
BRD7P4,0.009021294537377498
PIGB,0.009020046485481185
RP11-43F13.1,0.009019165944512055
ZNF788,0.00901884840186068
CBY1,0.009017959854231984
RP4-775C13.1,0.009017423985397923
RP11-580I16.2,0.009016941237464786
CFL1P5,0.009016267758774647
PIGHP1,0.009015838871040209
RP11-102M11.1,0.009015332509803114
CTB-167B5.1,0.009014438630048067
PPTC7,0.009013548537468205
RBM43,0.00901342100870526
ZNF425,0.009013313714469775
SDHAF2,0.00901325670405034
BRK1,0.009012212050377983
YBX1P2,0.009012181550046214
CATSPER3,0.009012167521321807
CD27-AS1,0.009012110041923049
RP11-665C16.9,0.009010841307105331
ZNF528-AS1,0.00901071373414219
GJC1,0.009010084511219756
RP11-996F15.6,0.009008741513286704
POLR2I,0.009008715049181345
RP11-574K11.24,0.009008328918215376
SUPT4H1,0.00900815133031953
EEF1DP1,0.00900813303623495
EIF5AP4,0.009008023986048486
RP11-804H8.6,0.009007656828071276
PNKP,0.009007427008415312
MRPL3P1,0.009007421335972276
HSD17B11,0.009007319779387575
AC074117.10,0.009007302306861606
CBL,0.009007296273743854
RP11-368N21.5,0.009007246286744293
DNASE2,0.009007175017597709
MRPS26,0.009006200412623297
RNF219,0.009005631943381817
STN1,0.009005571740571082
AARS2,0.009005567355033925
PURB,0.00900548643297741
BANF1,0.009005090910148209
AC093642.5,0.009004454198513558
CD3EAP,0.009003724952077049
SGPP1,0.00900355330910228
EBP,0.00900299906042368
TOB2,0.009002851965531963
RORA-AS1,0.009002720938262602
RP5-991G20.1,0.00900272029214415
RP11-33O4.1,0.009001620729374668
LENG8-AS1,0.009001343155185733
AC016734.2,0.009000982792470733
KIF18A,0.008999701899207157
WEE1,0.008999695807478473
RWDD2B,0.008999603901771824
RP11-83J16.3,0.008999147926758322
RP11-815J4.7,0.0089989506853126
AC062029.1,0.008998862598608773
HMGB1P10,0.008998770054577127
P2RY11,0.008998735064098208
RP11-175B9.3,0.008998345980275147
CIDECP,0.008997690723253212
CCDC91,0.008997687261589893
RP11-35G9.5,0.00899745818807982
ACTG1P24,0.00899730886054266
CTB-50E14.5,0.008996909661647973
RP11-137J7.3,0.008996166070276567
COQ10B,0.008996087525949256
LEMD3,0.008995658113157043
RPL21P3,0.008995537400478667
RP11-390K5.1,0.008995516728427615
CROCCP2,0.008995234277072585
RAB12,0.008994736995727537
C19orf43,0.008994151590177956
GLTSCR1,0.008994132711733783
FAM96A,0.008994131688228036
ZNF316,0.008993015981536283
OSER1,0.008992398993122782
PXN-AS1,0.00899227103020087
ZCRB1,0.008991807984466277
COPS4,0.008991621975526198
RP11-110J1.2,0.008991535624133755
RP11-762I7.5,0.008990824615090829
PPP1R35,0.008990723985324583
RP11-629G13.1,0.008989371240432125
RNF181,0.008989338995047254
SIPA1,0.008989064203928615
RPL17P50,0.008988425579360864
RP11-345P4.9,0.008988310313988833
LRRC45,0.008987999178749801
ST3GAL4-AS1,0.008987717871526782
C14orf119,0.008987510061487384
RP11-565F19.2,0.008987088542011077
RP3-337H4.6,0.008986523803403644
VDAC1P1,0.008986323637832335
RAB1C,0.008986236528516775
COMMD5,0.008983838371254337
RPL14P1,0.008983473347673878
CTD-2506P8.6,0.00898329946720309
ZNF891,0.00898277845838077
RP11-216L13.17,0.008982477964921512
NOTCH4,0.008982030282932551
AC002056.3,0.008981298703614974
PHC1P1,0.008981064154328916
PPIAP19,0.008980831193462125
DCK,0.008980183397914428
RP11-582J16.5,0.008980155414104291
NBPF15,0.008979792051368264
ARHGAP11A,0.008978880547710956
COX17,0.008978546719200012
FAM200B,0.008978515970622375
AC009506.1,0.008977319904183045
NDUFAF1,0.008976956143719683
MGAT2,0.008976259401157476
NOL12,0.008975286913197574
TMEM60,0.008973661254201392
AC025335.1,0.00897356686412547
RP11-296O14.3,0.008973513281417576
UQCRHL,0.008972831263785976
RP11-266L9.4,0.008971867365711013
PELI2,0.008971731176223107
AC016292.3,0.008970476842639286
ZBTB34,0.008969914838775026
RP11-216B9.6,0.008969914780094412
REXO2,0.00896950579700415
TAF9,0.008968724050563264
HSPD1P5,0.008968560788297447
CIB1,0.008968015488831154
USP27X-AS1,0.008968002236092206
RP11-798M19.6,0.008967884621852183
CENPBD1,0.008967771463777157
C11orf98,0.008967370149609053
H3F3AP5,0.008967245146233187
FAM221A,0.008967177380144995
YWHAEP5,0.00896657573901457
RP11-498C9.15,0.008966553874816291
HSPE1,0.008965930928522148
GTF2H5,0.008965407149875405
OPA3,0.008965272214974881
CTD-2319I12.2,0.00896482509251512
KLRG1,0.008964309224835489
RP11-137N23.1,0.008964179224911877
CREB3,0.008964012406786997
EMC7,0.008963834456302814
TRAPPC2L,0.008963480116287356
DDTL,0.008962695272627236
SMAD1,0.008962486980159284
TMEM9B-AS1,0.008962384865006523
CTC-559E9.8,0.008962335461361685
LINC00662,0.008961903915212505
RP11-641D5.1,0.008961233799630744
AC099850.1,0.008960987837962127
HMGN2P5,0.008960749846512612
CTC-241N9.1,0.00896044953771357
DCUN1D3,0.008960288036164195
RPSAP36,0.008959713265032076
GNG12,0.008959433848496002
SKI,0.008959275852512109
RPL6P27,0.008958869313513796
RP11-572M11.4,0.008958616677074665
UQCRC1,0.008958397557696582
ZNF77,0.008958389151530228
SLC25A35,0.008957492297362434
SMARCE1P5,0.008957333250918312
ZFPM1,0.008957032053586333
GRK6,0.008956714141553261
RPL23AP18,0.008956635501767948
CTD-2574D22.4,0.00895655031044031
HSP90AA4P,0.008956515246112715
AC006277.3,0.008956314568053002
ATP1B3,0.008955831592667227
MYCBP,0.008955238380526774
SETSIP,0.008954539521733106
RP11-168J18.6,0.00895321524335607
CDC34,0.008952931033478911
RPL30,0.008952085895442715
CTB-75G16.1,0.008951928647964479
NTHL1,0.008951538067994267
TMEM161B-AS1,0.008951388035314171
NAT6,0.008951029703258001
ZNF90,0.008950938228160316
RP4-756H11.5,0.008950871173635258
MRPL49,0.008950477983610159
AC083873.4,0.00895005146268357
PRR13P5,0.008949022499619236
CYP2F2P,0.00894834221262847
LMBRD1,0.008948326160494695
ZNF561-AS1,0.008947849419942751
PUM3,0.008947594504771872
CENPBD1P1,0.00894756484533922
CTD-2154I11.2,0.008947398964209182
RP11-126K1.2,0.008947372555416616
RP11-677M14.5,0.00894729853036125
ZNF442,0.008946907026708405
RPS4XP16,0.008946725073779057
ZSCAN23,0.008946439696097482
RPS2P46,0.008946061037623791
HMGN2P41,0.008945747235238957
LA16c-313F4.1,0.008944897527606101
HACD2,0.008944834148050378
C5orf56,0.008943457376951477
RP11-122G18.7,0.008942929389877903
VPS51,0.008942495396987424
ZNHIT3,0.008942094424031872
PLEKHA8P1,0.008942052967929078
RP11-181C21.4,0.008941488226908737
RP13-88F20.1,0.008941402032176986
PSENEN,0.008941182861901483
H3F3AP6,0.008941118166850403
ZSWIM5,0.00894086269108873
ZNF850,0.00894084774244201
EXT1,0.008940703583931337
RP11-661O13.1,0.008939743325432103
POU3F2,0.008939213736761646
RP11-848P1.9,0.008938547308465787
CTD-2006C1.2,0.008938176975713035
MAP3K1,0.008937814628945922
TMX3,0.00893777979310737
DISP1,0.008937567968226565
RP11-522I20.3,0.008937527248702523
SMURF1,0.008937497085049461
LRP10,0.008937439862206718
ST13P15,0.008937191504503606
C8orf44,0.008937159846474488
RP11-105N14.1,0.00893702326227469
POLR2K,0.008936150146469753
AP001372.2,0.008935947677337302
RPL4P5,0.008935563948240691
YWHAZP3,0.008935549830225577
MRPS31P4,0.008935526058446665
AARSD1,0.008935036897970108
RP5-1050D4.5,0.008934701357486502
RP11-267M23.1,0.008934140648661295
UBE2B,0.008933699252328573
RAB9A,0.008933353639601866
CTD-2341M24.1,0.008933344348946184
AP5S1,0.008933097398829516
ZHX2,0.008932890244299042
NT5C3AP1,0.008932791418187293
SERTAD2,0.008932730823206388
NDUFA7,0.008932723378130218
NOC2LP2,0.008932698395257328
PTGES3P1,0.008932371413623534
CTU1,0.008930599177440402
ATG9A,0.00893028350361564
CASC4P1,0.008929237803885359
PYURF,0.008928448434707328
TCTA,0.008926665820342069
DHFRP1,0.00892647406713869
SNAPC1,0.008925963426714239
RP11-106M3.3,0.008925735959041859
UAP1L1,0.0089251873483089
GMPSP1,0.008924616619136723
SNRPGP15,0.008924481927381111
CNPY4,0.008924249976015673
RPS18P9,0.008923929511236446
RP11-159D12.8,0.008923842521129446
RP11-410L14.2,0.00892374773689415
HNRNPA1P8,0.008923641919237727
CTC-278L1.1,0.008923540035805595
ARL6IP1P2,0.008923116638932336
RP11-502I4.3,0.008922855733830977
EIF4A1P7,0.008921716325058185
UBA52P3,0.008921618058246227
FAM86EP,0.008920670953694703
NPM1P37,0.00891970346882142
BTF3P10,0.008919590425224224
NPM1P24,0.008919529823551433
ABHD10,0.008919344242317563
SLC26A6,0.008919188055225765
PDCD2L,0.008919158006978681
NHP2,0.00891911221016495
MARCKSL1,0.00891898603852706
CTD-2619J13.16,0.008918887282623288
CBR3-AS1,0.008918886814826008
RPL7P1,0.008917762876042932
SDHD,0.008916174491183645
CDC6,0.008914832256810683
RBM26-AS1,0.008914430731305411
DEXI,0.008914271036761335
SRGAP2B,0.008914133800801121
ATF4P3,0.008914041971312483
SLC25A20,0.008913658084044778
NACA2,0.008913168461594057
CH17-472G23.2,0.008913146734949414
PPP1R2,0.008913041962759225
ZNF324B,0.00891294738105119
CTD-2576F9.1,0.008912631056035672
RP11-495P10.1,0.008912603390567384
GUSBP2,0.008912266296512714
ZNF708,0.008912179972626265
FITM2,0.00891196442118952
RP11-977B10.2,0.008911907956159818
ITPRIPL1,0.008911654612733381
RP11-543B16.2,0.008911610876849916
RP11-73M18.7,0.008911322465058411
FIS1,0.008910714147561984
PLIN3,0.008910620922117864
SSSCA1-AS1,0.008910480579832158
SDHB,0.008910425704807738
RP11-355B11.2,0.008909766655111853
PANK3,0.00890969974520007
BANF1P3,0.008909587563580833
RP11-172F4.2,0.008909383578605462
SETP8,0.008908952808057747
RP11-889L3.1,0.008908588842122568
TUBBP2,0.008908043303929233
H3F3AP4,0.008907924521172826
AC004754.3,0.008907597877158282
PCGF2,0.008907199665459454
SERBP1P1,0.008906978282824026
SND1,0.008906955003516463
SURF6,0.008906594116138528
AC004893.11,0.008904847914244339
STIP1P3,0.008904827953509
RP11-7F18.2,0.008904112658776477
LYPLA2P1,0.008903893160043237
FAM72A,0.00890381582468462
RP11-342K6.1,0.00890295185996986
BMS1,0.008902880330370972
SRP54-AS1,0.008902870583639312
RP11-422P24.10,0.008902385412159009
C17orf100,0.008902297911865156
CUEDC2,0.008902017202418738
C12orf45,0.008901785215434922
RPL7P9,0.008901607414422731
RP11-282O18.3,0.008901499443134925
Z97634.3,0.008900246295042121
YWHAZP2,0.00890020170344286
MED21,0.00889978165920103
ACTBP11,0.00889862171720116
EIF5P1,0.008898598745791277
EIF3E,0.008898436166112291
VPS18,0.0088984207425931
CTC-329D1.2,0.008898113579937942
SKP1P1,0.008898096108470182
NBPF8,0.0088967005467212
PGDP1,0.008896537978870375
RP11-395L14.17,0.008896006987867425
SMPD2,0.008895114079772382
AL590762.11,0.008893572766739835
RP11-79P5.9,0.008893461805313524
RP11-415K20.1,0.008893461078530885
RP11-606P2.1,0.00889321603599047
SLC25A5,0.00889312534469962
WASH7P,0.00889209566009552
IER3IP1,0.008891720553924709
CD2AP,0.008891675125216315
CTD-2323K18.1,0.008891675080727818
RPSAP18,0.008891356401286778
RPSAP43,0.008890823829838305
ALDH18A1,0.008890741251404075
RP11-932O9.7,0.008890327549841637
ZBTB38,0.008890270194056422
RRAGA,0.008889930416856772
ATP5F1,0.008889657680674175
PPIAP31,0.008889570362341302
ANAPC16,0.008889257271769034
PRPS1,0.008889102209945187
PIAS4,0.008888928959420287
NDUFS8,0.008888876332668817
RP11-486G15.2,0.00888869757969205
LMNB2,0.008888348709614757
IRF2BPL,0.00888742046346922
CSTB,0.008886885676620422
RAP2B,0.008886021378190804
RP11-175P19.2,0.00888575638811401
RP11-337C18.8,0.008885743586425245
NDUFB4,0.008885593866237291
RNASEH1-AS1,0.008884868601533457
PABPC3,0.008884325696090812
SPATA24,0.008883994818291949
DCHS1,0.008883847428349943
MIR621,0.00888378096854991
MRPL58,0.008883751574801115
KDELR2,0.008883577789996735
TIMM50,0.008883116993000597
RP11-443B20.1,0.008883070188017154
SFT2D1,0.008882983542566501
IL10RB,0.008882916857283341
RP1-228P16.8,0.008882871678287588
VDAC1,0.00888267174101133
PDXDC2P,0.008882249481596525
C19orf73,0.008882126132216213
RP5-894A10.2,0.008881946637678445
RTN3P1,0.008881562777794295
ABHD4,0.008881265916588419
RPL23AP42,0.0088807118608346
PPIAP22,0.008880264343559104
ZNF658,0.00887960025615417
RPL3P4,0.008879452741752426
RP11-323I15.2,0.008879324570917183
RP11-87H9.4,0.008879139654657038
ZCWPW2,0.008877982092075682
RP11-343B5.1,0.008877402792749197
ZNF335,0.008877357058821407
PPIB,0.008877049059110133
RP5-1014D13.2,0.008876973126631084
SUMO2P6,0.008876661355627816
PHB2,0.008874944759847276
ZNF665,0.008874940901876686
DNASE1,0.008874938034072723
ELOVL6,0.008874822825863759
BLOC1S6,0.008874663068997455
RP11-548H3.1,0.008873901559507092
LINC00493,0.008873488039985515
RPL26P30,0.008873301507014016
POLR2J4,0.008873259453605597
ERF,0.008873050476129527
KDM4D,0.00887268946373931
RNF103,0.008872531270901656
CSRNP2,0.008872457012159524
ACTBP7,0.008871972634463167
SAMD13,0.008871749186922396
AC022210.2,0.008871366161124944
PPT2-EGFL8,0.008871216461547057
NACA3P,0.008871123386718872
AC007969.5,0.00887091420782326
ERH,0.008870371048206638
MSI1,0.008870121227788063
ASS1P12,0.008869967101644869
ZEB1-AS1,0.008868950250743983
MEA1,0.008868939701021577
WDR18,0.008868435042528062
TRIAP1,0.00886741197300572
RP11-488L18.10,0.008866665668560017
GINS1,0.008866427932355798
TMEM44-AS1,0.00886630121524891
RP11-500G22.5,0.00886605741447206
SOX9,0.008865989805110115
RP11-472B18.1,0.008865725757473415
ZNF367,0.008865390161688445
C14orf1,0.00886473103121453
SKA2P1,0.008864715009701036
AC002519.6,0.008864588105629468
ZNF587B,0.008864578771064347
PPIAP3,0.008864382526754262
ARMT1,0.008864378427072397
ST7-AS1,0.008863835977799404
CTD-2528L19.3,0.008863720739371174
HIBADH,0.008862699510809147
HSPA8P9,0.008862596391270365
AP001258.4,0.008862205649446488
CTD-2619J13.14,0.008861864522578672
FKBP14,0.008861780017537336
ST13P6,0.008861627415476836
ST13P3,0.008861268199229753
SLC16A2,0.008860527898689997
RP11-147L13.12,0.008860408559675785
ACTBP2,0.008860226039263536
GS1-124K5.2,0.008859769556380782
ATP6V1G1,0.008859592705336218
GINS2,0.008859347013917886
WDR92,0.008858976045129788
NUTM2B-AS1,0.008857681436351543
PDCL3P5,0.00885621682667187
C11orf71,0.008855946789322661
TMEM223,0.008855547006532564
RP5-855D21.3,0.008855527905305641
LAPTM4A,0.0088554886527471
RPL7P23,0.008854778408298394
RP5-1198O20.4,0.008854611269685059
PMS2P1,0.008854337760523738
CELSR3-AS1,0.008854112682470097
RNASEK,0.008854034172309792
HMGN2P4,0.008853419406914271
PARP1P1,0.008853118034313172
SRA1,0.008852861559143405
C5orf34,0.008852748944650858
TRAM2-AS1,0.008851570212394017
SLC4A1APP1,0.008851560077119824
FOXJ3,0.008851140780161049
RP11-347C12.10,0.008850652164542318
LYPLA1P3,0.008850571581932027
HMGA1P2,0.008849439640822397
C1orf229,0.008849120690479764
RPL10P15,0.00884899537754838
MARCKS,0.008848679898006381
SF3A3P1,0.008848567453279933
RPSAP14,0.00884850899305163
RP4-785G19.5,0.008848249915375085
FANCD2,0.00884824289144145
APOPT1,0.008847300357771778
PVT1,0.008846794522538962
FHL3,0.008846777122507787
H2AFZP3,0.008846253390366314
ALG5,0.008845918050390667
ZNF581,0.00884559481324561
RPS2P55,0.008845170276079322
CTD-2287O16.1,0.008844903196904258
BTF3P9,0.008844825966697528
CAB39,0.0088445851463634
GS1-309P15.4,0.008844494008331176
RHEBP2,0.008844438062195066
YAE1D1,0.008844195277154725
HMGN2P6,0.008843577582130472
NDUFB8P2,0.008843156155555754
EMG1,0.008842860296863807
EIF5AL1,0.00884242442986278
AC005076.5,0.008842294990784158
MRPL32,0.008841901943282536
KDM4A-AS1,0.008841499390317007
ZNF189,0.00884134583356249
RPL14P3,0.008841265722354842
CTC-559E9.4,0.008841225198101713
ROM1,0.008840626882488746
RPS2P7,0.008839823174583998
RPL13P2,0.008839742985825362
ZFP3,0.008839638595979632
CTB-118N6.2,0.008839197363013852
RP11-61K9.3,0.008839152052031146
EIF2S2P3,0.00883914255323714
RP11-500C11.3,0.008838375681992536
PPIAP6,0.008838046109396822
RP11-46D6.1,0.008837696607487174
CTC-459F4.3,0.008837539411699463
SPSB2,0.008837439571777421
C12orf60,0.008837339437370816
FAM229A,0.008837299819836043
H2AFX,0.008837241836790619
NPM1P46,0.008836215046045334
C6orf226,0.008836123411009027
ACTBP8,0.008836077082538153
MLEC,0.008835978484749894
H3F3BP1,0.00883596027867293
CTD-2583A14.8,0.008835757850320433
RP11-259P15.4,0.008835364255899507
NHP2P1,0.008835113560588524
TUSC2,0.008834094475717268
RP11-12M9.4,0.008833552014416154
AC009245.3,0.008833359145197207
CHCHD3P3,0.008833198778860874
Y_RNA,0.008833121653730461
RP11-73M18.10,0.008832681157906593
CTC-471J1.2,0.00883261389340326
bP-21201H5.1,0.008832061217094912
PFN1P1,0.008831680263805495
MAPKAPK3,0.008831468308161908
RP11-295G20.2,0.008831234054031939
RP11-430L17.1,0.0088309198049306
RP11-973H7.3,0.008829103800993004
PRDM5,0.008829044183357658
RP4-773N10.4,0.008828690652435824
HDDC3,0.008828548547885185
VMP1,0.008828302190232725
RP11-174O3.1,0.008827994186860314
RPL23AP65,0.008826989175388485
RP11-244F12.1,0.008826477765015708
CCNA2,0.008826383703279444
NSMCE2,0.00882616137233701
PRMT5-AS1,0.008825693136450225
RP11-466F5.8,0.008825557681510766
UQCRB,0.008825157922237129
RPS2P4,0.008823662556297369
GLIS2,0.008823609355426728
HSPA8P5,0.008823425415811699
AP001412.1,0.00882337727723155
YBX1P6,0.008823113237634309
TXN2,0.008822847216924628
AC108479.2,0.00882274305813898
COPS7A,0.008822137680250784
RP4-584D14.5,0.008822074324744427
ZNF627,0.008822073398364877
BOLA1,0.008821684429895315
EIF3LP3,0.00882153055697816
HINT2,0.00882132608711774
RP11-248J18.2,0.008821158130752278
POP7,0.008821077682604565
THEM6,0.008821056741818118
ATP5B,0.008820717704355559
MINCR,0.008819951191503377
PRKAB2,0.008819059058261898
UBA52,0.008818730910173902
RPL26L1,0.00881844281372695
SHCBP1,0.008818235982526044
RP11-316O14.1,0.008818167118313227
RPL3P2,0.008818033925593015
PPIAP11,0.008817017294294445
ACTBP9,0.008816984852502374
GS1-44D20.1,0.008815263326181136
UPF3AP2,0.008815179212643139
ZNF814,0.00881517498706326
RELL1,0.008815142867782835
LINC01004,0.008814777303019503
SLC30A1,0.008814671150703791
PRELID1P4,0.008814555590122302
HNRNPDP1,0.008814071442465887
RP1-30M3.5,0.008813563892193649
SNAPIN,0.008812973984618562
HSPA8P11,0.008812750829676634
RPL7AP10,0.008812668297839965
HNRNPA1P28,0.008812320818520441
CORO1C,0.008812286054313612
CTC-471J1.10,0.008811787655436262
TAF1A-AS1,0.008811745739596222
CTD-2350C19.2,0.008811187921891355
CDC42P6,0.008810210475055445
CEBPZOS,0.008810168192659338
ARRDC3,0.008809179057052197
C17orf75,0.00880895182761565
CTSF,0.008808388843279594
LPCAT1,0.008808238855449234
RP11-1277A3.1,0.0088072294549079
C1QBP,0.008807162789417266
SRP9P1,0.008806655141889115
NKAPP1,0.008806465767471492
HNRNPA1P50,0.008806354933850975
CFL1P4,0.008806247490677075
PLXNA3,0.008806219250724341
SSR3,0.008805622035691392
RP11-100N21.1,0.008805402474012425
SMIM12,0.008803956757382783
RP11-324J13.1,0.008803876762957016
HNRNPLP1,0.008803750186334924
ST13P4,0.008802583033451375
RP11-420K14.6,0.008802447912708901
AC005795.1,0.008801980435809407
RPL3P7,0.008801782030041755
UQCRC2,0.00880175167876362
PRDX3,0.00880139766381673
RP13-349O20.2,0.00880132863367518
CTNNA1P1,0.008800836716375651
ABHD3,0.008800077728529029
RPEL1,0.008799980191675012
CTD-2033D24.2,0.008799237243622061
RP11-59K5.1,0.008798494724004763
EIF1P3,0.008798306605112367
RP11-307C12.12,0.00879822447806946
ACTG1P3,0.008798161689774736
ZNF709,0.00879758949802385
TMED1,0.008796174421413332
CTD-3099C6.11,0.00879564200878809
KLF3-AS1,0.008795445973837504
HMGN2P7,0.008795265267097665
MTBP,0.008794684828432497
RP5-1021I20.5,0.008794503675674472
IPMK,0.008794386297856477
TOX4P1,0.008793607511655971
SLX4,0.008793470665640016
RP11-15A1.8,0.008793457953772872
C12orf73,0.008793301439092476
CCDC84,0.008792986291394788
CCPG1,0.008792965274230298
EZH2,0.008791816079939709
RP5-1009N12.1,0.008791738419274317
MTCP1,0.008791698129441007
ZFP36L1,0.008791434441405363
EEF1GP5,0.008791332799799626
RHEB,0.008790077643162045
SLIRP,0.008789835861818255
PPP1R3D,0.008789610849333692
AC142472.6,0.00878866191286233
SRP14,0.008788600059300157
RP1-100J12.1,0.008788413631366964
NCAPH,0.008788345609256117
ZRANB2-AS2,0.008788195779408814
BTF3P5,0.008788140494393753
NENF,0.008787899145611924
KRT10,0.008787629443528115
RPL10P16,0.008787266711813627
AMZ2P1,0.008786628155210842
ORMDL2,0.008786473990138429
RP11-98I9.4,0.00878581947318009
RP11-111M22.3,0.008785562769032652
RPL29P11,0.008784754498156608
MYL12BP1,0.008784690384637755
EPB41L4A-AS2,0.008784634289720714
RP11-365O16.1,0.00878412163410219
RP11-660L16.2,0.008783821962287669
RPL7AP6,0.008783575755617425
GPR173,0.008782695157769818
PDF,0.008782099805853932
RPL23AP37,0.008782039113795078
SCAND1,0.008781486182233155
H1FX,0.008781168211825265
CAPN10-AS1,0.008780788526348867
ZSWIM4,0.008780761725101777
SERBP1P6,0.00878073971279982
CACYBPP2,0.008780074539928694
EEF1AKMT1,0.008779295510191593
HNRNPA1P39,0.00877914802963482
CFL1P2,0.00877909779459411
FRAT2,0.008778923652649631
AP000620.1,0.008778865406160762
CTD-2026K11.4,0.008778750146078826
MCRIP1,0.008778436117950214
AC073254.1,0.008778197789277499
RP11-73M18.8,0.008777343584761442
AC010642.1,0.008777204942083814
CTD-2006H14.2,0.008777147159577172
DPY19L1P2,0.008777094296217551
RP11-26J3.3,0.008776984897151827
AL162151.3,0.00877657864870287
PPP1CB,0.008776519319219942
OCEL1,0.008776304504266476
RP11-134E15.2,0.0087756011644023
SARNP,0.008775367720372452
RP11-402J6.3,0.008775292020417621
STK40,0.008775114538058642
TMEM133,0.008774434303481491
IGBP1P1,0.00877434179714818
EIF3LP1,0.008774292569521646
MIR635,0.008773712040324965
GNAS-AS1,0.008773289920224234
XXbac-BPGBPG55C20.2,0.008772449718275115
LINC01137,0.008772272399739413
AC090804.1,0.008771691986103385
RP3-347M6.2,0.008771327225960078
CTD-2007H13.3,0.008771295338961017
RNF5,0.008770971383807877
ZXDB,0.00877085913503168
POC1B-GALNT4,0.008770700599661625
AC007560.1,0.008770648995980531
RP11-321F8.4,0.008769938267755002
LSM4,0.008769670292797163
RP11-64K7.1,0.00876940700908525
ZNF605,0.008769082672956997
RP11-18H7.1,0.008769063114209292
RP11-401L13.4,0.008768905272025274
AC018463.4,0.00876863902911304
NTAN1,0.00876828966936549
RPS4XP1,0.008768272926619839
CDCA5,0.008768240086560696
RP11-183G22.1,0.008768077839082062
ADAT3,0.0087679671495523
TMEM120A,0.008767760849471336
RP11-397G5.2,0.008767475683767765
RP11-944L7.4,0.008767452107090684
RP11-326I11.3,0.008767412275747403
EIF1B-AS1,0.008766096201134466
TIMM22,0.008765853187515637
DAP3P2,0.008765810958275503
RP4-591C20.9,0.008764958276645043
STK38L,0.008764718530002711
XRCC6P4,0.008764523103038985
SOS1-IT1,0.008764417570748974
RP11-498P14.3,0.008764330005823436
HNRNPA1P57,0.008763953806825596
EEF1A1P7,0.008763890095488633
RP11-180M15.7,0.008763768955561281
RP11-887P2.3,0.008763279312183963
RP1-278E11.3,0.008763101822673217
PHBP7,0.00876196261982845
TRMT10C,0.008761893286587755
RP11-301O19.1,0.008761786102775337
RP5-827C21.1,0.008760810773297231
RP11-283I3.6,0.008760722584406999
RP11-504A18.1,0.008760541753971443
RP1-40G4P.1,0.008760198538931481
SEC24B-AS1,0.008760023025906137
ADSSL1,0.008758629806730561
CH17-340M24.3,0.008758542228770823
ENSAP2,0.008758539386647038
HEXA,0.008758334076663236
PHF5A,0.008757801955663266
GTF3C2-AS1,0.00875770957540121
CIAPIN1P,0.008757606038059303
MTHFR,0.00875734821483445
RP11-173E2.1,0.008756968603444876
C11orf94,0.008756084172340348
LINC00094,0.008755967159105057
AC000123.4,0.008755662400500235
CTSO,0.008755471426542701
SNHG6,0.008755135007476838
EIF3LP2,0.008755010873346937
CTD-2588E21.1,0.00875481034097955
MIR4453,0.00875451162731323
RNASEH2A,0.008754068834089008
EPM2AIP1,0.00875375117326993
XPOTP1,0.008752662609066049
AC097662.2,0.00875263160971286
NDUFAF8,0.008752488396537549
CLPP,0.008752025365152292
MRPS21,0.008751709849736746
BZW1P1,0.008751693026358372
CHMP4BP1,0.008751196566848538
IRF2BP1,0.008751128029801483
RP11-61L19.3,0.00875062629716483
BUD31,0.00875053547017706
RHPN1-AS1,0.008750335469380793
RP11-364L4.1,0.008749485401535893
CTC-479C5.10,0.008749380428751317
RP11-365F18.1,0.008748759137087163
RP11-707G14.8,0.008748635350182112
AC000089.3,0.008748467330098793
PRDX6,0.00874834078026106
AC016739.2,0.008748249490794916
AC091729.9,0.008747996397202194
UBE2V1P2,0.008747645006953835
GAPDHP2,0.008747562179026792
RP11-466H18.1,0.008747333402816169
VN1R108P,0.008746120158852847
RPL15P3,0.008745837807963758
AC113189.5,0.008745744736667414
CTD-2545G14.6,0.008744859108565864
PSMG3,0.008744837958120014
RP11-421L21.3,0.00874420578409187
LINC01534,0.008743900597166532
ETFB,0.008743848226383459
FAM133DP,0.008743739048580175
SEPHS1P4,0.008742075270877997
EEF1A1P6,0.008741425815864033
RP11-297L17.6,0.00874098315486055
RP5-1074L1.1,0.008740833086030297
BCAP29,0.008740258618708781
MTHFD1P1,0.008740236002253078
LL22NC03-80A10.6,0.008740203963913949
RP11-832N8.1,0.008740122426626877
ZBTB11,0.00874010400295171
CTC-359D24.3,0.008739546349226154
RPL19P21,0.008739327791418578
EIF4A1P5,0.008739153584000375
RP11-332M2.1,0.008739128186430481
SNORA65,0.008738626828685044
ZNF441,0.008736646038345617
TTC41P,0.008736279509938136
SNX33,0.008736263117640405
RP11-54D18.4,0.008735705310952031
FARSA,0.008735624065135807
MFHAS1,0.008734724497291364
KRBA2,0.008734500485488985
COPS8P2,0.00873433997101402
ERP29P1,0.008734145629825829
DNAJC19,0.008733969814081399
GDI2P2,0.00873335647783342
snoU109,0.0087333303056332
GNG5P2,0.008733284503665619
RP3-476K8.4,0.00873298733845959
RP11-262M14.2,0.008732692011710992
RP11-328C8.2,0.008731958873556553
DYNLL1P1,0.008731945314196153
WASL,0.008731842418462407
RANP6,0.008731653104842106
NPM1P9,0.00873157327383263
PIK3CA,0.008730881309742875
ACAT2,0.008730450325104904
NACAP1,0.008730220506516248
EXOC3-AS1,0.008730042784886708
SNORA5A,0.00872976540880867
SLC16A13,0.00872970201481135
PPP1R16A,0.008729643006943831
RP11-93H24.3,0.008729569383906306
CTC-448F2.3,0.008728712817886881
EEF1A1P19,0.008728655208686608
RP11-269F19.2,0.008728535568363173
CTD-2102P23.1,0.00872833490423952
CTD-2410N18.4,0.008728148127201458
EFNB1,0.008728049160321385
CALM2P2,0.008727883100587728
CTB-79E8.3,0.008727821830302754
ALDH7A1P1,0.008727243908640731
PNPT1P1,0.008726026967233215
PTGES3P4,0.008725690131458234
RPS23P8,0.008725597915911565
RP11-48B3.4,0.008725538791033353
RP11-817O13.8,0.008725105024994144
MFSD2B,0.008724854270454859
SURF1,0.008724828287081692
RP11-314A20.1,0.00872451067469783
ABCF2P1,0.008724383272848236
RP11-770J1.3,0.008724373742606938
HSP90B2P,0.00872432867513566
CMSS1,0.008724265578724704
RP11-104N10.1,0.008724077193194277
RP11-488L18.4,0.008724036674598317
HSPE1P2,0.008723237273836264
CTD-2521M24.6,0.008723096944558854
SRM,0.008722862283994746
RP11-613M10.6,0.008722684053858808
ACTN4P1,0.008722531854782705
ALDH1B1,0.008722097060621327
LDHBP2,0.00872205434650788
RP11-513M16.8,0.008721707621026064
MARCH2,0.008721405097826292
RP11-33B1.1,0.008721315615110355
PPRC1,0.008719818570100213
ALKBH6,0.008719012588930753
AC078899.1,0.008718792764150513
BLVRA,0.008718652874175847
KIAA1614,0.00871831595892301
RPS27AP16,0.008717337270957531
CD320,0.008716662384454734
RP11-329B9.4,0.008715914669406136
CCDC191,0.008715766252651146
C5,0.008715446273921736
PHBP11,0.008715333331088166
CTC-429P9.3,0.008714982540299565
RCN1,0.0087149333182237
EEF1A1P9,0.00871492596082351
ERP44,0.008714703674671455
NECTIN2,0.008714231099518462
CTD-2270N23.1,0.008713591792394284
PKN3,0.008713295725584113
NT5DC2,0.008712795807475238
EEF1A1P13,0.008712749493206414
ZNF625-ZNF20,0.008712500005706314
DDO,0.008712325901254484
RP3-508I15.9,0.008712195200955841
FOXO3B,0.008711905255475756
RPL12P35,0.008711420309647763
RP11-147L13.15,0.008710860463620776
ZNF600,0.008710821256876939
AC005253.2,0.008710602223924523
FAM181B,0.008710509168082496
RP11-84A14.4,0.008710060424035868
RP11-553P9.1,0.008709766973127107
CTD-2013N17.1,0.00870934839857931
LCMT1-AS1,0.008708320115048317
RPL10AP6,0.008708148187845953
RP11-705C15.2,0.008707838509137873
RP11-486O12.2,0.008707825578187556
RP4-592A1.2,0.008707719514307313
ZNF286B,0.008707702540192725
CCT5P2,0.008707498235429175
ACTG1P1,0.008707215296252006
RP3-467N11.2,0.008706857309681196
CAMLG,0.008706694361147356
HNRNPH1P3,0.008706379060605698
NRSN2-AS1,0.008706343000538038
SLC25A28,0.008706168023782273
PNPO,0.008706167304850528
TMEM55B,0.008706008765655849
RP11-127B20.3,0.008705652567481167
RP11-329A14.1,0.008705522113845603
TRMT112P6,0.008705413416137923
RP11-133N21.7,0.008705398215106118
PHBP3,0.008705127258295918
RP3-370M22.8,0.008704636755980684
KIAA0101,0.008704615908909885
AC111200.7,0.0087044949693577
ZNF530,0.008703933742547777
TRAIP,0.008703917635766207
RPL4P3,0.008703102875122548
NBPF19,0.00870238176560039
SDHDP6,0.008702038050840471
SEPT7P6,0.008701861977036261
OSGEPL1-AS1,0.008701772501698436
TIMM23,0.008701655222729867
RP1-122P22.2,0.008701382778797865
COLGALT1,0.0087011288121223
ZNF521,0.008701053095564034
RP11-266L9.8,0.008701052991947828
GOLT1B,0.008700892496551423
CTD-2124B8.2,0.008700602621427045
BRI3,0.008699807209562642
HNRNPCP4,0.008699659507026013
CLIC4P1,0.008699635539709791
AC007228.11,0.008699506112402628
ARMC10P1,0.008698995952799046
RPS28P7,0.008698771122997443
IL17RB,0.00869797954599734
ZNRD1ASP,0.008697906333581322
FAU,0.00869751996520422
RP11-16N11.2,0.008697496045887626
TUBB2BP1,0.00869739222707755
NAP1L4P3,0.008697298126759893
GMIP,0.008697041304532565
EEF1G,0.008696704198026449
EXOSC4,0.008696353193025603
UQCRFS1P1,0.008696087018289316
CTC-512J14.7,0.008696020933152448
AC010733.5,0.00869584809743546
LINC00998,0.008695425124875235
TWF2,0.008695220711867397
GDF11,0.008695110559417183
SNHG7,0.008694789695596594
CKLF-CMTM1,0.008694699543430861
EEF1A1P22,0.008694559940599296
TPI1P1,0.008694530483168691
RNF141,0.008694522427512496
RP11-332L8.1,0.00869432373010298
CTD-2012J19.3,0.008694306026039222
ZNF48,0.008694226042815925
AC002467.7,0.008693554505156471
SLC2A10,0.008693245423439163
HSPA5,0.008693199556262724
RP11-452G18.2,0.008692979263637405
NR2F6,0.008692733957891562
IDH1-AS1,0.008691695245810257
ATP5A1P3,0.008691654428462323
RBBP4P5,0.008691477925191208
ZNF649,0.008690971586144507
C9orf40,0.00869089735955329
RP11-452N17.1,0.008690254026504893
FSCN1P1,0.008690008177134202
SRGAP1,0.008689872876050313
COA7,0.008689644213480629
ZNF775,0.008689221598745753
OR7E7P,0.008689135172786916
RP11-204L24.2,0.00868902184967193
TRIM52,0.008688628843889674
RPL7AP30,0.008688533332506259
RP11-566K19.8,0.008688527423009101
YWHAEP1,0.008688271691577699
RP11-156K23.3,0.008688181660335439
RPS28,0.008688165658156777
AP000580.1,0.00868814655204735
NXT1,0.008687947373149419
RPL19P16,0.008687867474806581
CTD-3018O17.5,0.008687502328325906
CTB-33G10.1,0.008686765262269395
ZNF611,0.00868673976475012
NFYC-AS1,0.008686385926612979
RPL10A,0.00868571278786163
RPS6P25,0.008685268289577195
UQCRFS1,0.008684443756964342
FAM133B,0.0086844091407354
TPM3P8,0.008684402457648127
AC002398.11,0.008684359885185629
HNRNPA1P22,0.008683974645275407
EP300,0.00868372897462828
TOMM7,0.008683462545934778
WASF4P,0.008683160147865025
RP11-603J24.7,0.008682949887133277
TSPAN10,0.008682600175970666
SELENOK,0.008682579040376042
NBPF26,0.008682392341447043
KIFC1,0.008682377966336082
PLGRKT,0.008682314806136677
RP1-266L20.2,0.008682285678800895
RPL39P38,0.008682099491548894
TDGP1,0.008682070700639834
AC104532.4,0.008681632135371209
RPL15P18,0.008681618537390521
NPM1P21,0.008680327279380595
GIGYF1,0.008680012504427915
CHST11,0.008679807681182894
FEM1C,0.008679527241962299
CNOT7P1,0.008679473908964081
RBBP4P4,0.008679291226004856
RP11-378J18.9,0.008678872749091574
AC009487.6,0.008678755407641302
PSMB3,0.008678170832800525
UBE2N,0.008678169395327813
TNPO1P1,0.008678067628408101
RP11-448A19.1,0.008677863227876387
RP11-473P24.2,0.008677652453006696
RP11-305M3.2,0.008676787767900311
TUBAP2,0.008676751280513983
MFSD9,0.008676707762520455
MAP10,0.008676533398017595
AC107983.4,0.008676314097965246
LINC00869,0.008676237206983916
RPL7P47,0.008676045414147881
EEF1A1P28,0.008675884335347061
RPL13AP20,0.00867545266230571
MIR100HG,0.008675334721919522
SF3B5,0.008675293315145024
POLD4,0.008675055804118322
ACTR1B,0.008674991554593024
TRAF3IP2-AS1,0.00867492764008752
DNAJB4,0.008674794633675598
SMIM20,0.008674793121854943
CDKN1B,0.008674726813813627
CACTIN-AS1,0.008674617224506787
MYDGF,0.008674579257783933
RP1-273G13.2,0.008674180223241337
RPL21P131,0.008673997378988316
RPS20,0.008673863368331824
NDUFAF2,0.00867364991412431
SLC39A3,0.00867303664699766
UBE2L4,0.008673003142013762
CTC-429P9.4,0.008672984426736405
FEM1B,0.008672728879606418
RP11-144L1.8,0.008672378507279163
FGF14-AS2,0.008672350633084677
AC108488.4,0.008670940103419535
HMGA1P8,0.008670826008735864
RP11-677M14.7,0.008670542431085193
XKR8,0.008669979749779122
RP11-792A8.4,0.008669933284341479
AC002398.13,0.008669508654763845
NACC1,0.008668872325614864
SNORA5C,0.00866868461919348
RPS13P2,0.008668653367610992
RP11-582E3.6,0.00866827019879403
RPLP2,0.008667985334324049
RPSAP15,0.008667365591759665
ATG4D,0.008667326360912863
GUSBP9,0.008666943219724898
RPSAP19,0.008666478084632598
TXNIP,0.008666307723343519
RP11-649A18.12,0.008665817990144282
PDRG1,0.008665771751322819
ZNF114,0.008665204691872052
H2AFJ,0.008665168872206344
SEPSECS-AS1,0.008665003315205179
ZNF259P1,0.008664263632073678
RPL5P23,0.008664194371965795
RP1-22N22.1,0.00866408600779999
RP11-1012A1.7,0.008663758755873609
LIMD1,0.008663354124373532
C8orf37,0.008663230237885698
CTC-444N24.6,0.008663190903454715
AC113404.1,0.008662821390962574
HNRNPABP1,0.008662820679731065
TIMM10,0.008662518114523371
MRTO4,0.008662201289511777
PDIA4,0.008661818709281744
HMGB1P37,0.008661607866997956
RP11-397E7.1,0.008661362471149292
KB-1683C8.1,0.008661147008991545
RPL19P20,0.008661129327588979
CTD-2302E22.5,0.008660840664582435
AC125232.1,0.00866053712994261
B3GALT4,0.008660099186734004
RPS25,0.008660036480738601
CRIPT,0.008660010714153753
MACROD1,0.00865983868480851
PA2G4P1,0.008659437300254565
RHOQP2,0.008659016070993578
GALNT2,0.008658462510975113
ATP5I,0.008657919004548952
BRIP1,0.008657813308317549
RPS7P14,0.00865746815077945
HMGN2P23,0.008657364973724217
CSNK1E,0.008657047448595053
LINC01003,0.008657027619246662
RP11-118D22.3,0.008657005499805718
PTMAP4,0.008656875297811749
XKR6,0.00865669935807931
RP11-255B23.1,0.008656409567088234
RP11-490H24.5,0.008656361933124909
FBXO17,0.0086562919385908
FAM92A1P1,0.008655890350415566
SCARNA15,0.008655674524975636
HSP90B3P,0.008655611228603286
RP11-391L3.5,0.008655529072839724
RP11-783K16.13,0.008655354486459137
SC5D,0.008655309208241292
RP11-1008C21.2,0.00865530407628324
TMEM185B,0.00865504101953974
CEP83-AS1,0.008654766452266451
ZNF625,0.008654313990911306
MFSD4B,0.008654244920762175
AC074289.1,0.00865411300271831
TSPAN4,0.008653980127923608
PRSS27,0.008653738267600485
RP11-577H5.1,0.008653442196236033
RP11-299J3.8,0.008653320876161427
GNG5,0.008651810974351736
ARF5,0.008651659027748065
CFL1P3,0.008651614527182822
ACTG1P9,0.008650967209505794
PKMP1,0.008650572896540778
URB1-AS1,0.008650023298274802
RPL23AP63,0.008649992649714812
C6orf3,0.008649605820944225
RPL23AP43,0.008649603502619268
HAUS7,0.008649600211911431
ARL8A,0.008648981398788978
COMMD1,0.008648675998882235
SNHG8,0.008648611415097198
RP11-467H10.1,0.008648598727270706
RP11-104D3.2,0.008648314007695774
RP11-815I9.4,0.008648287525677503
DNAJC9-AS1,0.008648240558198034
RPS4XP6,0.008647692004329424
SENP5,0.008647435903677513
GABPAP,0.008647406563099553
IMPA1,0.008646653748244063
AP5B1,0.008646348660188239
RP11-440D17.3,0.008645752748643036
DBF4P1,0.008645554502470006
RPS19P3,0.008645431231172916
AF127936.9,0.008644948128826482
RPS15AP36,0.008644890359041195
EIF4A2P4,0.008644367588615457
RAB13,0.008643946315332565
MARCH3,0.008643926529604891
RP11-367E12.4,0.008643912095166299
AC079922.2,0.008643831720395775
RPS15P5,0.008643430111823981
PDZD11,0.008642983253386291
RP11-488C13.1,0.008642940997350154
SLC51A,0.008642325378380597
RPL29P12,0.008642285951563541
RP11-365H23.1,0.008642071416990521
RPL37AP1,0.008642025815234315
RP11-223A3.1,0.00864185159543846
ACTG1P23,0.00864136770177045
IFT46,0.008641169071662402
MIF-AS1,0.008641030859197043
RNU2-27P,0.008640637411434107
TMA7,0.008640573747869541
RP11-454E5.4,0.008640531777255963
RP11-178C3.2,0.00864029539192893
RPL12P27,0.008639624465107815
PRMT1P1,0.00863949384449986
ORC6,0.008639405213898874
MAF,0.008638737079002526
SETD1B,0.008638717984419859
AMMECR1,0.00863856877079082
RP11-477N3.1,0.00863831636736299
C16orf87,0.008638300595518256
ETHE1,0.00863786616286327
ZNF653,0.008637583712640846
NME3,0.008637245737249829
RP11-332H14.2,0.00863723189141618
RP11-120D5.1,0.008636975679268964
RP11-1348G14.4,0.008636912640388135
RP11-570P14.1,0.008636896570541336
FTH1P20,0.008636850540128627
RBMS2P1,0.008636841470137229
ABHD17AP1,0.008636781458098517
RP11-574K11.32,0.00863610706422569
CTD-2270L9.4,0.008636006672075008
AC005251.3,0.008635403027030041
RP11-429J17.2,0.008635197742098371
METTL12,0.00863443800893953
PHBP20,0.008633579034658976
RP11-110I1.13,0.008633426206761595
AC012442.5,0.008633261763342562
UBBP2,0.008633002395135923
BLM,0.008632801362590911
LRRC37A3,0.008632762053234965
RPSAP9,0.008632385373995737
TRIM60P18,0.008632140151817819
ACTL10,0.008631371627312753
MRPL15,0.00863123293411094
TBCAP1,0.008630789192829771
RP11-587D21.1,0.008630777065530356
CDCA8,0.008630723556243782
ACTG1P16,0.008630622912738624
IFT57,0.008630270524149074
RP11-296A18.5,0.008630146253847226
SUMO4,0.008629995639681677
SLC18B1,0.008629926609697467
RP11-266J6.2,0.008629686489561904
MTMR4,0.008629628720734773
AP000662.9,0.008629108502640878
RNA5SP283,0.008628956672218788
HIGD2A,0.008628915458231015
HSPD1P12,0.008627856910283766
AC005255.3,0.008627784899118921
IFI27L1,0.008627678486025187
HEPACAM,0.008627291649368471
NPM1P5,0.008627172835959726
AC016716.1,0.008626898302443802
RP1-203P18.1,0.008626740952030195
ATP6V0E1,0.008626512412875263
RP1-197B17.5,0.00862618685162618
GS1-279B7.2,0.008626049367121734
SEC11B,0.008625742377831851
RP11-438L19.1,0.008625660147040495
RPL15P2,0.00862538008554526
ATP1B3P1,0.008625362623916574
TTC30A,0.00862512228548017
HNRNPCP6,0.008624797917708267
TIMM17A,0.008624231834900074
NINJ1,0.008624093909495844
RP11-281J9.1,0.008623922521159112
AC245100.1,0.00862333561953974
LINC00623,0.008623269939689943
DSTNP2,0.008623188078581642
MIR568,0.008622906495038584
SUMO2P3,0.008622492966871478
ZNF358,0.008622491297884614
SLC25A5P5,0.008622482004614563
SNHG10,0.008622376595469263
GNB4,0.008621562414703184
HNRNPA3P1,0.008621452310932202
RP11-175B9.2,0.008621263177060351
LINC01011,0.008621242398897742
CD99P1,0.008620546366443342
RPSAP12,0.008619736198606866
RP11-543P15.1,0.008619414734009928
AC021016.7,0.008618672736619709
LINC01159,0.00861834294336155
DDX10,0.008618165483918154
RPL23AP74,0.008617228925917653
RP3-486I3.4,0.008616674233491292
HNRNPRP1,0.008616597418309412
RPL12P19,0.008616460085129993
LEAP2,0.008615979670486582
RP11-231G3.1,0.008615835105407539
MRPL23,0.008615730393361937
EEF1A1P14,0.008615627878166719
SYCE2,0.00861511499451671
RP11-330M2.4,0.008615047041137972
RP5-967N21.11,0.008615023553415981
ZNF157,0.008614915334083687
RP11-92K2.2,0.008614131971526216
ZNF321P,0.008613795734173639
HSPA8P7,0.008612783978925584
PLPP6,0.008612701315690854
RP11-274E7.2,0.008612673694696836
RP11-609L3.1,0.008612598778616695
ERCC6L,0.008612519574608873
SPOPL,0.008612332479065971
GNRHR2P1,0.008612096399829116
TMEM14DP,0.008611546879634311
CHCHD1,0.008611361547928612
RPS15,0.008611307500203958
FAUP1,0.008611223113173626
LRP6,0.00861117551928256
DNAJA1P3,0.008610862519146488
GOLGA2P10,0.008610724891931038
RPS20P14,0.008610431600004315
SF3A3P2,0.00861035406275748
ST13P19,0.008610343119348586
RP11-712B9.2,0.00861026344750713
RPL3P3,0.008610015165212596
TMEM99,0.00860977353272242
SCGB2B2,0.008609164917527726
RP1-261D10.1,0.008608692811818808
RP11-727F15.9,0.008608594356907138
RPS2P35,0.008608513522218772
RP11-3D23.1,0.008607653751328161
AC097359.2,0.008606557990335597
CTA-228A9.4,0.008605992725596518
PEBP1P2,0.008605481607317587
CTD-2555O16.4,0.008605210920126536
FHP1,0.008605183971294878
SMARCE1P6,0.00860486688605508
HMGB1P24,0.00860456787414801
HES1,0.008604535489826436
RPS11P5,0.008603520776299039
RP11-166B2.8,0.00860297738899739
HNRNPA1P20,0.0086027968070505
TPI1P2,0.00860108162392404
PPCS,0.008599826391849322
RP11-124N14.3,0.008599615729282351
RP11-182L21.6,0.008599343919672936
FKBP3,0.008599240028128683
RP11-405A12.1,0.0085982762383601
RP5-827C21.4,0.008598153683806297
CTD-2514C3.1,0.008597894267543862
TMEM261,0.008597043968577528
RPS4XP11,0.008596925504944165
UBA52P5,0.008596517683696148
RP11-215P8.1,0.008596063711270197
RPL10P2,0.008595999301023153
RPL37P2,0.008595956416348853
SPIN4,0.008595928110285176
IL10RB-AS1,0.008595751536512675
ZSCAN16-AS1,0.00859552081701551
TCP1P1,0.008595300490521329
CTD-2623N2.3,0.008594875641596412
PAXIP1-AS2,0.008594718211173757
RP11-705C15.3,0.008594488871614602
LINC01415,0.008593386103876884
CDKN2C,0.008593204522838608
UBBP4,0.00859305691058855
RP11-351I24.3,0.00859266766608003
NAP1L1P3,0.008592375016211748
C16orf95,0.008592252261151043
EEF1A1P16,0.008592197968668771
CTC-444N24.8,0.008591643761860255
FTH1P7,0.008591624142377387
TOMM70,0.008591358482424734
RP11-421N8.1,0.008590689110811517
AC006942.4,0.00859062721098841
PRADC1P1,0.008590467739051975
MKRN3,0.008590192573144926
CTD-2161E19.1,0.008590088566273187
CXorf40A,0.008590049175726006
TIGD4,0.008589850142142683
ETF1P2,0.008589030771121093
RP11-449J21.5,0.008589024603080364
ACTG1P19,0.008588507739424604
GAL3ST4,0.008587820436386923
SRRM5,0.008587556563662448
RPL37A,0.008587338387035435
RPL5P34,0.00858725543834273
RP11-557J10.3,0.008587231496949845
MSNP1,0.00858714461062085
RPL29,0.008586568707946744
HSBP1,0.008586225605730129
AC064850.4,0.00858580975008228
EEPD1,0.008585611328749182
RP5-890E16.2,0.008585030603274762
RP11-111F16.2,0.00858472300942733
ZSWIM8,0.008584695128805409
AC002075.4,0.008584472714882406
LNX2,0.00858440374676097
METRN,0.008584134509673177
HESX1,0.008583965828780599
LACTB2,0.008583956399007234
GMDS,0.008583440607966732
B4GALT5,0.008583409809382889
RP11-700P18.1,0.008583205913746408
MRPL40,0.008583087508020566
NEU1,0.008582859069443427
TRIM45,0.008582567301927517
LINC01410,0.008582305118189394
PCGF7P,0.008581798092744935
ZNF667-AS1,0.008581725482555954
MAPRE1P1,0.008581570472220953
MORF4,0.008581300068974075
RPL7AP31,0.00858129140558354
ALG1L15P,0.00858125589907778
RP11-665C16.8,0.008581152435454363
SLC25A5P2,0.008581094117732224
RPS19BP1,0.008580740823608012
RP11-534C12.1,0.00858039215424744
TXNP6,0.00858023102366113
RP1-317E23.3,0.008579893830264732
FZD2,0.008579647128515893
HMGB1P40,0.008577909242021812
FAM160A2,0.008577371932165876
XRCC6P1,0.008577228893661686
ZNF468,0.008576834749678736
RP11-83J16.1,0.00857622761769097
LAGE3,0.008576223973462485
CTC-250P20.2,0.008576098775352366
TMPO-AS1,0.008576086739421741
ZNF197-AS1,0.008575687378283717
RP11-385F5.5,0.008575687268174075
CTC-534B23.1,0.008575544026084505
WBP11P1,0.008574762244476007
RP11-315I20.1,0.008572816308169771
RP11-536C10.12,0.00857273081437161
CTD-2083E4.4,0.008571802718274766
AC022007.5,0.008571608121930469
RPL7P6,0.008571585552171013
RP11-331N16.1,0.008571095508363038
AC000123.2,0.008570991349509992
POMGNT2,0.008570899681314668
RP3-468K18.6,0.008570587533967137
PRCP,0.00857029742480202
GAPDHP60,0.00856984114399294
GNG10,0.008569669841306807
GON7,0.008569629934871382
RP11-37C7.3,0.008569176015451383
C8orf88,0.00856899613991494
RRN3P1,0.008568709777736246
SDHAF1,0.008568428117803607
TAF3,0.008568393922549607
RPL5P1,0.0085679586326196
EEF1A1P3,0.008567715998517675
FAM45BP,0.008567681567492127
EMC6,0.00856690078008271
AFG3L1P,0.008566652963771522
PECAM1,0.008565229431389971
RP3-469D22.1,0.00856511827142477
RP4-800M22.1,0.008563580399058496
GAPDHP72,0.008563448024880509
HMGB1P31,0.008563246489014402
SDCBPP3,0.008562953933175731
RPS2P48,0.008562922459632964
EIF4A1P9,0.008562458330572988
COTL1,0.008562159030313033
RP11-412D9.4,0.008561544791668428
PRH1-PRR4,0.008561393185113939
RP11-627K11.1,0.008561253350062317
LHFP,0.00856112275208927
PSMA6,0.008560870479065834
PSMC1P9,0.008560594691411258
PSPN,0.00856019582983926
RP11-372E1.1,0.008560191861866647
CTD-2547L16.1,0.008560146125270512
ATP5G2P4,0.008560107509693533
DDX50P1,0.008559786432841665
AF129075.5,0.008559684438703682
RP11-314A20.2,0.00855951527296404
AC006445.7,0.00855901044534614
HAUS6P1,0.008558997341667447
RPL23AP57,0.008558942987041377
AC079780.3,0.00855846073557382
PSME2P2,0.008558257746011558
FNDC8,0.008558251133343268
ZBTB3,0.008558214448063766
EEF1A1P10,0.00855800656729311
PPIAP16,0.008557724526323418
GLIPR1L1,0.008557710948377959
MAFG-AS1,0.008557670105084349
ENPEP,0.008557630697667124
RP6-159A1.2,0.008556466157878414
RP11-442N24__B.1,0.008556436387242204
RP11-752G15.4,0.008556273036988074
CHSY1,0.00855577399316303
CH17-189H20.1,0.008555590944041808
RP11-727A23.5,0.008555535386063833
RPL29P33,0.008554290494221945
GAPDHP61,0.008553910530033017
NME2P1,0.00855371261432617
PGAM4,0.008553216325988034
RP13-941N14.1,0.008553140717917617
RP13-582O9.7,0.008553091075508883
RP11-680F8.3,0.008552929855322152
GAPDHP38,0.008552695852944305
CTD-2256P15.4,0.008552200614958174
CCNB2,0.008551833906780836
RSL24D1,0.008551725225207711
RP11-723O4.2,0.008551194325081212
RP5-997D16.2,0.008551059558390724
AC079922.3,0.008551056532902562
CEP57L1P1,0.008550907625504393
ZBED3,0.008550894866257588
NDUFA5P11,0.008550740753518242
RPL23P2,0.008550484023655618
GEMIN7,0.008550043919763948
RPL13AP6,0.008549910936288353
RP11-533E19.5,0.008549674525735289
POLR3K,0.008549611148311076
AP000442.1,0.008548974621222638
MYL5,0.008548774293691481
RPS13,0.008548258577700493
CORO7,0.0085478785590855
RP11-242D8.1,0.008547853236526173
UQCC3,0.008547733335742411
LINC01024,0.008547336207815216
MRPL17,0.008546699675523234
FAM69C,0.008546685665764437
SKA1,0.008546457241383927
USP13,0.008545549012529817
PHBP21,0.008545448982432173
H1FX-AS1,0.00854542731152528
UQCRBP1,0.008545155275300812
PPIAP2,0.00854436594225879
ENDOG,0.00854422432974501
RP11-348P10.2,0.008544212181108091
PBX2P1,0.008543840031564444
CEP164P1,0.008542943801395702
RAB39A,0.008542891953022935
RPLP0P6,0.008542556350736806
PHBP2,0.008540881833816792
IL12A,0.008540811249932759
KIF9-AS1,0.008540750087624937
AC073465.3,0.008540372592318912
RP11-165H4.2,0.008540348317298805
DNAJC3-AS1,0.008539573527417401
EIF5AP2,0.008539059144091967
ATP2A1-AS1,0.008538906695464654
CHAC2,0.008538873154604585
YARS,0.008538708499157463
PSAT1P3,0.00853866866849346
TMEM126A,0.008538504614368843
RPL13AP25,0.008538103929039538
LINC01535,0.008537932275848412
RP11-126K1.6,0.008536589684206355
GSG2,0.008536549699943823
HNRNPA1P54,0.008536248213020863
RP11-1020A11.2,0.008536148395965882
TRIM21,0.008535798095289853
COX7CP1,0.008535597348031828
PPDPF,0.00853512641807713
HNRNPA1P25,0.00853511246688858
RP11-766H1.1,0.00853456685705517
PRDX1P1,0.008534407049294064
RPL36A,0.008534306346470498
ACTG1P21,0.008534305124404127
PTTG3P,0.008533988561729539
RP11-76H14.2,0.008533984619137711
DARS-AS1,0.008533072387950074
CTD-3065J16.9,0.008532887006133423
ZNF724,0.008532217733794123
ACTBP1,0.008532010397456932
AC068831.10,0.008531593558111334
RPL23AP75,0.00853126803825935
RP11-334C17.6,0.008531109118818889
RP11-634H22.1,0.008530392171864852
AC097533.1,0.008530359978913401
RPS2P5,0.008529850903013076
RP11-16P6.1,0.008529737289768143
RP13-383K5.4,0.008529516230617816
NPM1P35,0.008528823678533992
RP11-680H20.1,0.008528812424392393
WDR82P1,0.00852863565124553
SUSD6,0.008528541948782511
RPL13AP7,0.008527459851707343
AC004069.2,0.008527305290538084
RP4-545L17.12,0.008527230113625954
RPL10AP2,0.008527123604472567
MRPL33,0.008526933563473577
RP11-308D16.2,0.008526526761297068
SMIM4,0.008526052286953304
GOLIM4,0.00852556158544693
RP11-1018J11.1,0.008525021337903074
IKBKGP1,0.008524943380311753
RP11-195C7.1,0.008524510140111956
RP4-816N1.6,0.008524220447981224
RPSAP61,0.008524177428906425
EIF4EBP1,0.008524045712948694
GABARAPL2,0.008523851686849875
RP11-398K22.12,0.008523498630395901
RP11-511H23.2,0.008522969939235086
RPL5P4,0.008522784983589273
KIF11,0.008522349125166131
GLRX3P2,0.00852214256677974
ZNF471,0.008521759700034952
RPL3P6,0.008521706971072913
RPSAP54,0.008521692662947278
PPP1R14B,0.008521510178799282
GAPDHP65,0.008521238251190581
ASF1B,0.008521164786141974
BCHE,0.008520899190151405
ZNF497,0.008520876926248004
ARL6IP1P3,0.008520835774438002
RP11-288E14.2,0.008520717918835682
RP11-78J21.7,0.00852065941137009
BBIP1,0.008520566148493749
RPL7AP11,0.008520282679756498
RPSAP47,0.008520255643040823
RP11-553N16.1,0.008519453449514965
GAPDHP63,0.008518951562890906
RP13-585F24.1,0.008518415607741235
MESDC1,0.00851786103697666
EEF1A1P36,0.008517762245435144
RP4-739H11.3,0.00851770810581479
PLEKHM1P1,0.00851763664035242
C7orf61,0.008517338872182314
AP006621.5,0.00851709102442427
AC097523.1,0.008517024343222226
CCT5P1,0.008516872432163715
CTC-398G3.1,0.00851674488822837
OSGIN2,0.008516478999520618
ANKRD28,0.008516466653016135
RRN3P2,0.008515613681168637
PLEKHO2,0.008515429248762689
RP11-6B6.3,0.008515354622069097
VTI1BP1,0.008514912938510873
RP11-334L9.1,0.008514790349136478
AC112497.1,0.008514247232902436
RNY4P10,0.008514133754758626
UBE2Q2P2,0.008513887475869512
NPM1P12,0.008513865379564235
RP11-1094M14.11,0.008512915554519081
EXOSC5,0.008512483946811356
NPM1P19,0.008511057128364245
SUB1P1,0.008510938787924659
BTF3P8,0.00851085077357749
AC012354.8,0.008510054784043314
ZNF285B,0.008510047255261437
THRAP3P1,0.008509911312512162
HMGB1P4,0.008509445459882069
FTH1P16,0.008509376448627502
PAM16,0.008509347629661908
WNK3,0.00850932309865936
EIF4A1P6,0.008509057940636913
LRPAP1,0.008508895908051444
ID3,0.008508728241358402
RP11-162A12.4,0.008508323593617282
CTD-2325A15.3,0.008507690595387418
RP11-500M8.6,0.00850767119471153
SOX9-AS1,0.0085074628603489
CCR10,0.008507381766370427
EDEM1,0.008507342599500246
FAM151B,0.008507312030572908
EEF1A1P12,0.008506735204838417
RP11-973D8.5,0.008506223880182684
CTD-3222D19.12,0.008505552167647099
MTHFS,0.008505286717925229
PPP1R14BP2,0.008503911412676516
RP1-102E24.9,0.00850355465522605
TUFMP1,0.008503174339714432
RPL12P6,0.008502963436637036
ZNF454,0.008502915089685677
CTD-2015B23.2,0.00850278314107283
SNHG1,0.008502348978877639
ELK3,0.008502282133768415
RP5-994D16.9,0.008502226616961265
CTC-308K20.3,0.008501873720825595
ZMAT3,0.008501860894086624
RPSAP29,0.008501769800352254
JOSD1,0.008501676885232144
SEPT7P7,0.008501328626618438
ERHP1,0.008501190689303724
FSTL1,0.008500887457016588
RP11-745A24.2,0.008500590438747851
LINC01158,0.00850044159937472
RPS4XP14,0.0085000945520532
FOXO1,0.00850003843612513
RP11-448G4.2,0.008499296049791891
HAS2-AS1,0.008499027251369938
RP3-375P9.2,0.00849889670921527
RP11-1000B6.8,0.00849857124118235
TNFRSF1A,0.008498378907609915
NDUFS3,0.008498126963750668
EEF1GP8,0.00849798383795978
CTB-58E17.3,0.008497898130160862
RP11-629B11.5,0.008497464466387017
RP11-649E7.8,0.00849721896287093
CTB-179K24.3,0.008495929368608723
CTD-2561J22.2,0.008495527033786454
RP11-360F5.1,0.008494897155876584
ATP5D,0.008494852134541316
PTPN9,0.00849371142352106
FRMD8P1,0.008493499237805428
XXbac-BPG32J3.22,0.008493478648197382
AF127936.7,0.008492842721054336
EEF1A1P5,0.008492237283079095
PTS,0.008491746226833845
RP11-694I15.7,0.008491689657452754
BCL2L12,0.008491649892125941
OIP5,0.008491541408032299
IMMP2L,0.008491262286618995
RP1-89D4.1,0.008490147195747451
RPL13AP5,0.00848963189756682
RP11-12M9.3,0.00848926605458158
AC017083.2,0.008489003786086297
RPS15AP1,0.008488898943130613
RP11-679C8.2,0.008488496798429586
EEF1B2P3,0.008488323426686418
FTH1P3,0.00848809155374853
SAMHD1,0.00848807375454989
MELK,0.008487234895317518
RP11-1148O4.1,0.008487215013071798
MED4-AS1,0.008487024191147458
RP11-6N17.3,0.008486895810360481
RPSAP58,0.008486836425201533
C2orf72,0.008486522759292441
CTC-487M23.8,0.008486367392459037
RP11-228B15.4,0.00848634336234634
RP11-140L24.3,0.008485821562967791
POLD2P1,0.008485731536807612
AC011290.5,0.00848467910477143
WASH7P,0.008484606237741575
RP11-382J24.2,0.008484400178711132
ID2,0.008484396555080615
FAM66C,0.008484379235788366
EEF1A1P4,0.008484330936808927
POTEKP,0.008483978690579033
RP11-490G8.1,0.008483655694467787
MAP2K1P1,0.008483284442644932
SLC25A6P2,0.008481802355761282
PCYT2,0.00848170762118768
ZFP36L2,0.008481438211369884
AC114271.2,0.008481311129682834
EIF1P5,0.008480813549303658
RP11-119F7.5,0.008480351809766237
HSPE1P4,0.00847991167674011
RPL24P8,0.008479601176705893
ENTPD3-AS1,0.008479194953363352
IGFLR1,0.008478897219306395
RPS4X,0.00847862369983541
PCDHB9,0.008478337743112938
FTH1P23,0.00847820189862525
SEMA3F-AS1,0.008477772542542387
RP11-613D13.4,0.00847683294300135
EIF4BP7,0.008476826601985328
RAG1,0.00847671975271123
CTD-2555O16.2,0.008476455474144206
IPO7P1,0.008476258579635448
POLRMTP1,0.00847604330541754
RP11-186B7.7,0.008475569308758037
RP3-417G15.1,0.008475376908477359
CBX1P1,0.008474697388738161
HMGB1P8,0.008474134168970778
RP11-359E3.4,0.008473737572118691
LDHAP4,0.008473466844756396
RP11-564A8.4,0.008473441984499282
PXMP2,0.008473319582579655
CTD-2516F10.2,0.008473060825637865
RP11-196G11.4,0.0084727556178125
FAM3C,0.008472710709745531
IFI27L2,0.008472656545915254
PBK,0.008472369008122876
CIC,0.00847188746308735
AC004895.4,0.00847163417828824
RP11-30P6.1,0.008471337160236068
EEF1A1P24,0.008470563832626014
AC002116.7,0.008470517657218868
CTD-2201E18.5,0.008469552559181085
CDH2,0.008469524779814485
AC092610.12,0.008469321366268228
TXNDC17,0.008469280065203661
CTD-2583A14.11,0.00846886221233309
HCG27,0.008468644279752633
LINC00115,0.008468360507596322
AC018755.16,0.008468353257296944
RPL7P44,0.00846828544894851
ARMCX7P,0.008468127003997452
RPS15AP12,0.008467698440827953
Y_RNA,0.008467506983232884
COX4I1,0.008467470838047917
RP11-1055B8.1,0.008467299015680833
CRTC3-AS1,0.008467286803622466
RP11-552F3.10,0.008467214711670407
AC005618.6,0.008467152490759269
CTC-366B18.4,0.008466710712437495
HOXC4,0.00846656318181888
COMMD10,0.008466314739415823
MIR4737,0.008465772727384814
RP11-342K6.4,0.008465535665936762
LINC01465,0.008465455260370807
HSPE1P6,0.008464764454359308
LAMTOR4,0.008464730508070025
PET100,0.008464493022032662
PCYOX1L,0.008464162140800504
MRPS28,0.008463983743163582
ZBED5-AS1,0.008463954570201599
SMURF2P1,0.008463938713344159
RP11-488L18.1,0.00846386913097984
RP11-393N4.2,0.00846386238182972
AC110615.1,0.008463804716736422
RP11-480I12.2,0.008463793979479568
EEF1A1P1,0.008462159262063668
EEF1A1P30,0.008461800493569349
NOP10,0.008461395631363937
GEMIN8P4,0.00846110146054636
LINC00921,0.008461037447060756
TPI1P3,0.0084602106176361
RPS24P8,0.008459956613058905
RPS10P3,0.008459942774802639
FBXO45,0.008459715362074108
RPL41P2,0.008459586075509262
RP11-554E23.4,0.008459261495984843
ARPC3P1,0.00845881274872795
AC087650.1,0.008458573267727023
RPSAP45,0.008458369881202275
SPC25,0.008458333061597822
AC092106.1,0.008458175957690032
RP11-468E2.10,0.00845694833342416
RPS4XP13,0.008456727672774193
C15orf38-AP3S2,0.008456455751620798
RP11-168A11.4,0.008456234033465815
SC22CB-1E7.1,0.008455643726900556
MYCBP2-AS1,0.008455615952146518
SESN2,0.008455556313104452
EI24P2,0.008455135181034641
COX6B1,0.008454175989399161
ARHGEF38,0.008454047971985684
GAPDHP40,0.0084539747804122
RP11-325E14.2,0.008453506256639993
CTC-534A2.2,0.008453436348658938
RP11-641A6.5,0.008452686839520294
UHRF1,0.00845247585233071
COX8A,0.008452391667215857
CENPH,0.008452380339691293
RP5-1024G6.5,0.008452314876109984
NDUFA9P1,0.008451701525836401
TTK,0.008451359016389314
TMEM189,0.008451302258251378
RP11-613H2.2,0.008450872266614947
AC024560.3,0.008450612612235325
RPL7P32,0.008450529767022203
ITGB1P1,0.008450469393641897
RPS4XP3,0.008449437132010173
FDX2,0.008449137266300246
NRIP1,0.008448774998602263
RPL26P19,0.008448246681332932
CISD3,0.008447966353934298
C19orf53,0.008447898097622055
C8orf82,0.008447800839624235
TOPORS-AS1,0.008447217036871638
TOMM20P4,0.008447179177897555
TGFB3,0.008446717972412518
HSPBP1,0.008446639796644218
OST4,0.00844658996858162
THAP12P1,0.008446525069646552
VPS37B,0.008446139114444693
AC068490.1,0.008445727208281259
SLC25A5-AS1,0.008445308843771156
TTC14,0.00844488052652674
BTBD6P1,0.008444702859252922
C14orf28,0.008444631589900692
ALDOAP1,0.008444478479224794
GLRX2,0.008444265449867035
RPL5P3,0.008444263907093085
PFN4,0.008444062612849745
HM13-AS1,0.00844396388098821
RP11-384K6.6,0.008443914915432584
RP11-112J1.3,0.008443408327946647
RP1-95L4.4,0.008443067232955112
RPL4P2,0.008442758763511103
CTD-2272G21.2,0.008441714511921281
SDF2L1,0.008441522564278842
PSMA6P1,0.00844140753606162
RAB28P5,0.008440959485971808
DENND6A-AS1,0.008440953302049902
HNRNPA1P41,0.008440659430615265
LINC01132,0.008440623709346904
TMEM136,0.008440344725180488
ACKR3,0.00844031669758445
GPS2P1,0.008439918116236324
RP11-727F15.12,0.008439549377584689
AC006026.9,0.008439233710314971
RP11-1060G2.1,0.008439129975592593
RP11-423F24.3,0.00843903129993771
OLA1P1,0.00843848762554676
RP1-152L7.5,0.008438455994370318
EEF1A1P29,0.008438452969003751
NEIL3,0.008438052211988454
C9orf50,0.008438014246936932
HNRNPA1P6,0.008438006836173623
DHFR2,0.008437945901084598
RP11-50I19.2,0.00843783965274493
AC144449.1,0.008437643653878883
AC093818.1,0.008437634423439663
SETP3,0.008437535478573708
RP11-347C18.1,0.00843744478722875
PANO1,0.008437436906253456
RP11-96K19.5,0.008437293186833344
RP11-36C20.1,0.008437010653500113
TMEM35B,0.008436987954417765
VEZF1P1,0.008436591612201158
RP4-657D16.3,0.008436187233931768
FAM199X,0.008435794141129428
DCTPP1,0.008435728224507251
AC067945.3,0.008435304154681595
RP11-34P1.2,0.008435304006826015
RRP7A,0.00843471442895688
TRBV20OR9-2,0.008434681664752138
ZNF252P-AS1,0.008434107306547993
PGAM1,0.008433968490839957
AC139143.2,0.00843364099224862
RP5-867C24.1,0.008433543127910816
RCN1P2,0.008432710023188671
CTB-33O18.3,0.00843266108697066
RP11-378G13.2,0.008432643032218867
RP11-38L15.8,0.00843243515054832
EEF1A1P8,0.008432322521948338
RPS7P1,0.008432221171271188
BCAS2P2,0.008432187300891913
PEAK1,0.008432110346977384
SLC27A5,0.008432047528182423
FAM89B,0.008431762959738472
RP11-215D10.1,0.00843137307580905
EEF1A1P25,0.008430769248040955
ZNF165,0.008430587465521753
RPS7P10,0.008430402811021509
CTD-2201G3.1,0.008430335777333783
RPL21P11,0.008430282427498314
RPL5P12,0.008430028710824954
RP11-74J13.9,0.008430007107093879
RP11-347C18.3,0.008429911424415548
IL3RA,0.008429618398389353
RPS15AP38,0.008429401483965128
FUNDC2P1,0.008428919778816091
RP1-159A19.3,0.00842779059996503
OSER1-AS1,0.008426982534421175
RP11-475C16.1,0.008426932371545006
ATP6V1E2,0.00842683549604053
ALDOAP2,0.008426832757412706
ZBED3-AS1,0.008426399393951347
CYP51A1P2,0.008426355112901917
PMS2P4,0.008426093912503412
RP4-730K3.3,0.008425884894572981
RGP1,0.008425440290853589
RP5-882O7.4,0.00842509445096376
CTD-2213F21.2,0.008425070211023518
XXbac-BPG252P9.9,0.008425004822693224
RPL21P10,0.008424315750815448
UBA52P6,0.008423699620217622
SPR,0.008423490906031195
HMGN2P18,0.008423304670423272
RP11-410E4.1,0.008422894894281066
TMEM143,0.008422528292169006
SDCCAG3P2,0.00842201744309823
RABAC1,0.00842190983493704
RP11-170N16.3,0.00842179983484913
RPS10P5,0.008421733796154903
ATP6V0E2-AS1,0.008421688622835568
RP5-1057J7.1,0.008420596481251244
ATP5E,0.008420491983765752
RPS4XP2,0.008420139998756343
STK17B,0.008419825467410028
RP11-4C20.4,0.00841971954740579
GIPC3,0.00841924401865683
RP11-534L20.4,0.00841908573033696
AASDHPPT,0.008419076356097671
HNRNPA1P37,0.008418594710337199
KCNG3,0.008417431604095704
KMT2E-AS1,0.008417392920614306
CDT1,0.008417283739164049
AC008155.1,0.008416926883544078
RP11-778D9.4,0.008416558162010182
RPSAP4,0.008415644577432357
UBE2NL,0.008415581537948745
RPL7P56,0.008415554114091096
CTD-2541J13.1,0.00841548710386088
RP11-413H22.2,0.00841515932846542
STAC3,0.00841487299190636
PABPC1P1,0.008414868961991125
PDCD5P1,0.00841471143497976
VDAC1P6,0.008414397914367558
WDR45BP1,0.008414365466804645
LINC00959,0.008414030939783221
CCDC102A,0.008413761846048603
POTEJ,0.008413310460935965
PIGFP1,0.0084132171819542
NOXRED1,0.008413122790083908
RP11-219G10.1,0.008413026070282246
RP11-387M24.5,0.008412719778649411
STK4-AS1,0.008412245799230627
YWHAQP6,0.00841207532526806
CDC45,0.008411839248391869
HNRNPA1P51,0.008411241789467857
AKR1B1P1,0.008410761760589143
TAGLN2P1,0.00841072311508259
MRPS7,0.008410146620324731
RPS4XP17,0.00840956505833926
HMGN2P31,0.00840954176096633
AC006116.24,0.008409483286592336
COA3,0.0084093107597626
RP11-872J21.3,0.008409006729298417
PFKFB1,0.008408948844375649
DYNLL1,0.008408934351871745
SLC25A3P2,0.008408913103798115
RP11-1114A5.4,0.008408822036413627
RPL23AP58,0.008408645994520812
HNRNPA1P55,0.00840850281590744
CALM2P3,0.008408496185552557
BMS1P20,0.00840771407944314
RWDD4P1,0.008407520525183718
RP13-942N8.1,0.008407002714031301
RAC1P4,0.008406969937652343
AC018463.5,0.008406964109745474
CTD-2349P21.1,0.008406702290909436
LINC01376,0.00840633127457002
PTGFRN,0.00840626812486715
PGK1P2,0.008406062369314866
SPARC,0.008405671493363952
CTC-428G20.6,0.008405263807327203
PARD6B,0.008405184074887818
RPL21,0.008404810080533778
RP11-278A23.1,0.008404530584777078
RP11-3J10.7,0.00840437450458911
NDUFB6,0.00840415659713719
LDHAP2,0.00840408280219782
RP11-304L19.11,0.008404057682751865
C22orf23,0.008403722710809683
RP11-435F13.2,0.008403619813166955
JRK,0.008403456306195753
ANP32D,0.008403412302793525
CTD-2666L21.3,0.008403094075315223
RPS15AP24,0.008402274922855798
MSTO2P,0.00840147884276643
THAP12P7,0.008401065705003728
RP11-458F8.3,0.008400705104296108
FTH1P8,0.008400042128290097
AP001469.9,0.008399949020841957
RANBP20P,0.008399829831421013
RP11-16F15.2,0.008399815636562502
ETFRF1,0.008399556370376326
RPSAP8,0.008399172641929865
ZFP28,0.008398994298961399
XRCC2,0.008398879331433951
RPL5P18,0.008397080725725092
RP11-39C10.1,0.008397021372699794
RP11-317N8.4,0.008396827430259223
SPCS2P1,0.008396689257386099
RP11-115L11.1,0.008396334761369646
NAP1L4P1,0.008395969339052834
AC009005.2,0.008395950008876557
ABCA11P,0.008395298020145216
RP11-69L16.5,0.008395227772655488
ATP5EP2,0.008395151483759807
CTD-2620I22.2,0.008395091179647495
RP11-230B22.1,0.00839504594662404
RP11-452L6.5,0.008394511791255447
TIMM23B,0.008394318680796093
C1orf226,0.008394294508432404
AFG3L2,0.008394208953046153
DUSP14,0.00839402684266079
RPS15AP11,0.008393097787066657
RP11-641C17.2,0.008392938210665161
FADS3,0.008391884934310636
EXOSC3P1,0.00839176935542383
PRDX2P1,0.00839164194041851
RPSAP31,0.008391378596784939
MED13L,0.008391362209488457
COX17P1,0.00839085794088508
KLHL23,0.00839062983735572
RP11-555K12.1,0.00839053509267499
CTD-3220F14.3,0.008390110871176014
ZRSR1,0.008390053315239206
PCBD1,0.008389614224972615
HNRNPA1P16,0.0083891136918112
GPR4,0.008388562846842494
AC010761.8,0.008387917731833701
LINC00997,0.00838788879115245
PSMG3-AS1,0.008387621903445962
ARL16,0.008387492671671591
EEF1A1P38,0.008387385686412077
RP11-142A22.3,0.008387098465549777
RP3-333A15.2,0.00838669383878395
ARIH2P1,0.008386238729408638
SNRPCP2,0.008386203355732685
CTC-232H10.1,0.008386181677583444
PKMP4,0.008385860594817636
C11orf1,0.008385332472612892
FTH1P2,0.008385295293579087
GAPDHP44,0.008385270139999113
RPL24P2,0.00838524271413321
RP11-129B9.1,0.00838513069119722
RP11-424C20.2,0.008384972154755265
MIR302B,0.008384964355703163
INTS6-AS1,0.008384807423224006
RPL10P1,0.008384476825217802
CLIC4P3,0.008383916391604523
RPL7AP50,0.008383497746644436
RP11-930P14.2,0.00838348069953293
RPL36AP43,0.008383377877175465
DGCR6L,0.00838332203373682
HNRNPA1P60,0.00838272776331642
AC013470.6,0.008382681174678157
RP11-613C6.4,0.008382278237774467
LDHAP5,0.008382183294805477
RNA5SP460,0.008382055670477511
AK3P3,0.008381572980283272
YY2,0.00838140956827193
BORCS8,0.008381157475211579
TERF1P4,0.008381136877982583
NDUFA9,0.008380874682244788
NDUFA8,0.008380732644942775
C22orf39,0.008380285023975472
RP11-439L8.2,0.008379826791550618
VCPIP1,0.008379719547763908
RPS7P11,0.008379368974401932
LIFR,0.008379254331283423
RP11-817I4.1,0.00837862885514834
ANKRD40,0.008378470900230445
OTUD4P1,0.008378171479315391
AC010240.2,0.008377480224729145
RP11-791G16.4,0.008377383696981816
AC009166.5,0.008377279320929418
RP11-392O18.2,0.00837706800428958
RP11-384B12.3,0.008376607589228527
RP11-824M15.3,0.008376579916401122
ARRDC3-AS1,0.008376299219557385
RPL21P119,0.008376245113098313
DNAJC8P1,0.008376094520297764
ZFAND1,0.008376056351583054
LINC00539,0.0083760011155338
RP11-727F15.11,0.008375987420379576
SPRY2,0.008375837072445757
NCK1-AS1,0.008374823073945799
RP11-644F5.10,0.008374480268997068
PRKX,0.008374158472044965
RPL21P1,0.008374080161919328
ZNF487,0.008373612526079151
SRP14-AS1,0.008373289614907369
RPS19P1,0.008372535605012337
XX-FW83563B9.5,0.008372152599772793
CDC42P1,0.008371855645188877
RP11-672L10.6,0.008371799118351685
RP11-42I10.1,0.00837152495581477
TCN2,0.008371353625721034
ARL10,0.008370785176405797
LRRFIP1P1,0.008370645635546643
AC007041.2,0.00836986466831202
RAD23BP1,0.008369808690466067
BACE1-AS,0.008369312472458541
RPL21P18,0.008369297939514355
RP11-318C24.2,0.008368914044273989
DDX18P5,0.00836813149947277
SNORA66,0.008368047140098063
FIRRE,0.0083680027003567
RP11-74C1.2,0.008367926276129698
ACTG1P17,0.008367783265814159
GAPDHP68,0.008367216292879733
GCA,0.008366482158544292
HNRNPA1P30,0.008366352295633497
RP11-154J22.1,0.008366301711253077
RPL3P9,0.00836608539877064
H3F3AP3,0.008366035307522984
RP11-447H19.1,0.00836562847026344
LYRM4,0.008365457356904166
RP4-717I23.2,0.008365349248728473
AC008753.3,0.008365316244745869
NIPSNAP3A,0.00836529133294804
RP11-266O8.1,0.008365249358074839
POLR2J4,0.008364918745346612
DNAJC19P9,0.008364881191089116
RP11-467D10.2,0.00836486650859078
RP4-751H13.7,0.008364395663033111
KCNRG,0.008364306085722126
CTD-2206G10.2,0.008364271675240837
NMI,0.008364040820356524
RPL12P15,0.00836400893310785
CTC-444N24.11,0.008363445799980312
AC005624.2,0.008363110567287748
SRD5A3,0.008362950222231595
RP11-598P20.3,0.008362911607608447
BTF3P13,0.008362889803976628
SETP20,0.008362677224884117
AC007387.2,0.008362368655065558
RP11-613M5.2,0.008362176580966161
UBE2M,0.008361218899280784
RP11-120B7.1,0.008360778193674544
AC115617.2,0.008360337972035338
RP11-632C17__A.1,0.008360026538147075
FZD5,0.008359850580883543
CENPCP1,0.00835982046915432
EEF1GP1,0.008359771892624409
KAT2A,0.008359745501407678
HMGN2P27,0.008359578855256435
RPS29P16,0.008359209461999497
HNRNPA1P47,0.008359183676297113
CTD-2265O21.7,0.008358736303662519
RP11-40C6.2,0.008358537867848395
RPS27AP11,0.008358343223151165
AC015849.14,0.008358064940827392
RBM17P4,0.008357526727516993
LENG9,0.008357319907062667
RPS17,0.00835692143131403
PALD1,0.008356881008948151
GPR156,0.008356507416743028
TAS2R14,0.008356393409571306
HEBP2,0.008356342376742687
PMPCAP1,0.008356261303563126
RP11-872D17.4,0.008355980533880994
MRPL13,0.008355804283442087
CTA-351J1.1,0.008355202380027633
RP11-154D3.1,0.008355163101445533
MCTS2P,0.008354603524860307
GAPDHP70,0.008354582974201571
PCDHB10,0.008354472645864414
RP11-307L3.2,0.008354220173957212
SPRED2,0.008353835757419366
ANKMY2,0.00835270603388054
RPL35P2,0.008352278867180781
TAX1BP3,0.00835212227750077
TCEB1P2,0.008351894416414712
RPL7AP34,0.008351714193256666
RPL7AP60,0.008351159570366914
TGIF2,0.008350517500563124
RPL41,0.00835038749893848
RP11-9E17.1,0.008350343387481383
ALG1L9P,0.008350185049281334
U47924.31,0.008350079288850813
AF230666.2,0.008350048719776362
VTI1B,0.00834914621611167
MOB1B,0.008348956461023222
RANBP6,0.00834876674728698
RP11-321A17.3,0.008348372403055594
CTD-3105H18.14,0.00834812807300763
CLK2P1,0.008347773820047626
LIFR-AS1,0.008347531764460875
CTD-2035E11.3,0.008347438582004263
SUCLG2-AS1,0.008347372951995951
RP11-20O24.4,0.008347271161375047
RPS11,0.008347229894477988
FTH1P11,0.00834710635474287
RALY-AS1,0.008347041117456074
EMC2,0.008346854574946685
NPIPB5,0.008346540370053654
RPL12P13,0.008346342849280963
NFIL3,0.008346126035156859
AC097721.2,0.008346073088773972
RP11-941H19.1,0.008345693600898754
HHEX,0.008345513704449532
RP11-348H3.2,0.008345303434028726
KRT18P4,0.008345239605702184
ESRRAP2,0.00834389812385829
SNRPGP10,0.008343886963823427
LRFN4,0.008343653737987752
WEE2-AS1,0.008343430588941204
RP11-464D20.2,0.00834332930040534
RP11-1217F2.1,0.008343213943635207
LINC01372,0.008343146293843475
CHDH,0.00834303292124211
ZFP82,0.008342976095948723
RP11-452L6.6,0.008342695553832838
RP11-296P7.4,0.008342495732904727
HSPB9,0.008342348505361667
RP3-340B19.2,0.00834219368712439
HINT1P1,0.008342146129838201
RP11-198M15.1,0.008341735285870717
RP11-249L21.4,0.008341545697547841
AC104651.2,0.008341275099602922
MRPL12,0.008341025488836093
RP11-632K20.7,0.008340790710428822
MZF1-AS1,0.00833950168167175
RPSAP49,0.008339437978532578
ANXA2P1,0.008338493629400156
RP11-95M15.2,0.00833841454905661
AC010226.4,0.008338105251752619
NDUFS5,0.008337956419694178
RP5-890O3.9,0.008337948523794755
BAP1,0.008337921641934108
SPEN,0.008337301962156613
RP5-884G6.2,0.008337181555165076
KCNJ8,0.008336973379660363
CCT7P1,0.008336949752942755
KATNBL1P6,0.00833676208694926
Metazoa_SRP,0.008336238421425494
LRRC69,0.00833539009235417
SMG7-AS1,0.008335288174223725
AC090286.2,0.008335237834531843
ALG1L6P,0.008334929231881328
EEF1B2P6,0.008334787559068734
RP11-989E6.13,0.008334518052265207
ZNF749,0.008334502424494137
RP3-426I6.6,0.00833450114960615
RPL7AP8,0.008334268131037433
RP11-3P17.5,0.008334153383679125
RAB21,0.008334117754248204
LSM2,0.008333857376785055
PRPF38AP2,0.008333517073898235
RP11-82H13.2,0.008333446130902807
CTC-470C15.1,0.008333032235612669
MYLK-AS1,0.008333026673673444
RP3-423B22.5,0.008332378340566864
CLIC1,0.008332051219800938
RPL30P4,0.008331958898315266
RP3-486D24.1,0.008331875061252969
FAM63B,0.008331661520849078
CTD-3199J23.6,0.008331352783398806
AC093495.4,0.008331081137123138
HCG15,0.008330979983532471
RP5-1042I8.7,0.008330722716191861
CLIC1P1,0.00832956850567694
LYPLA2P2,0.008329327862464552
MRPS36P1,0.008329142339924033
KDR,0.00832892140358606
PPIHP1,0.008328348785656074
RP11-323F24.3,0.00832821059836987
HMGN2P10,0.008328042554051975
RP11-4M23.4,0.008327868187251671
CTC-236F12.4,0.008327606332576943
ARHGAP11B,0.008327392881831817
COX7C,0.008327045029215413
RP11-403P17.6,0.008326989364673923
CTD-2643K12.1,0.008326978452178464
SNORA2,0.00832694742153783
AC000068.10,0.008326175966840104
RBMXP4,0.00832596571251578
MXD1,0.008325887283933417
ATP5G3,0.008325560079528936
ECHS1,0.008325394011503074
F2R,0.008325383181008478
RXRA,0.008325095515007307
RPSAP5,0.008325094861113122
MAPK14,0.008324266148118546
AP000432.1,0.008323844540736453
RHEBP1,0.008323731457135369
FNTAL1,0.008323471756742267
RPL21P75,0.008323454939228238
FAM167B,0.008323423762680995
VDAC3P1,0.008323412239417568
AB019441.29,0.0083232505942939
RP11-386G11.10,0.00832300374097694
RP11-212P7.1,0.008322941336153779
RPL35P5,0.008322271882140119
LIPE-AS1,0.008321899140501684
SPG20-AS1,0.008321682421052846
DYNLT1,0.008321608533153203
GTF2IP9,0.008321580760654123
ARHGAP45,0.008321417415429168
RP11-139H15.5,0.0083212518087005
RP11-84H6.1,0.008321192973588425
AC105399.2,0.008321043161739561
TPT1P4,0.00832094985975434
PCDHGC3,0.008320803832842606
SNRPD2,0.00832046211948926
RP13-33H18.1,0.008320054977785768
RPL37P23,0.008319633928473983
BLOC1S1,0.008319554169438036
PRPS1P2,0.008319548805109957
LPP-AS2,0.008319529442546944
RPF2P1,0.0083192118001316
CYC1,0.008319201070945166
RP11-192C21.1,0.008318994760187918
RP11-264F23.1,0.00831894973917719
VDAC1P3,0.008318772134822678
JUND,0.008317867353829646
AC009961.3,0.008317859957921211
ARF4P1,0.008316638403800224
SELENOH,0.008316521700894888
RP11-365F18.6,0.008316404208990047
RP11-482D24.3,0.008316367279023937
BMPR1APS2,0.008316289596879292
RPL13AP3,0.008315752084718936
RPL24P4,0.008315717871379129
RP11-108F13.2,0.008315681073023582
ATP5A1P2,0.00831560046406595
LL0XNC01-7P3.1,0.008315486510699762
RPSAP3,0.00831471990440645
BHLHA9,0.008314662406022383
RP11-771K4.3,0.008314644345398923
RPL7AP53,0.008314600740861612
RP11-364P2.2,0.008314546716141413
RP4-798A10.2,0.008314503738474562
BTF3P12,0.008314407116153562
RP11-147L13.13,0.008313873880894777
RP11-968A15.2,0.00831348767445734
PRCAT47,0.008313299337455947
GDF9,0.008313090221916236
RP11-351A11.1,0.008312895661692845
SNURF,0.008312708969932888
SDAD1P1,0.00831210949512922
DLGAP1-AS1,0.008312108012731214
FKBP1C,0.008312065205321835
RPS29P5,0.008311814726542558
EEF1GP2,0.008311295602218443
RPS2P6,0.008310943282962377
RP11-61N20.3,0.008310425759407415
ZNF213-AS1,0.008310357832101207
UBE2V1P1,0.008310314402943733
ETV5,0.008309725364071959
SLC6A7,0.008308964607162555
POU5F1B,0.008308906185718275
CTC-490E21.10,0.008308897289764375
ZSWIM7,0.008308318074238681
RP11-337N6.3,0.008308315552141402
NBPF10,0.008308073957218628
RP5-855D21.2,0.008307969483174431
CITF22-92A6.1,0.008307868854468674
RPL27AP5,0.008307829271640754
ZNF807,0.008307784841641018
CTC-523E23.3,0.008307773107279542
NAPA,0.008307639112349047
RP11-347C18.5,0.008307457656601468
NAT14,0.008307274315320296
JSRP1,0.00830713647070335
RP11-802D6.1,0.00830594950606541
RP11-53I6.1,0.008305773821752948
LINC01378,0.008305471655215346
BTF3L4P1,0.008305418207938566
RPS3P6,0.008305111261603488
TSC22D4,0.008304899962752667
RP1-122P22.4,0.008304017416953071
RP11-467I20.3,0.008303881743858536
HMGB3P6,0.008303807401905488
DDN,0.008302582604428446
AC009302.2,0.008302173600843451
TMX4,0.008302085046381805
HNRNPA1P56,0.008301870998551309
RP11-156L14.1,0.008301824209859195
ZDHHC1,0.008301790232146016
RPL7P8,0.00830174407231493
RP11-603K19.1,0.008301183603471658
RPSAP17,0.008300441615548073
HNRNPA1P36,0.00830041898072427
LINC01289,0.008299955086472457
RP11-1348G14.8,0.00829989855858878
CATSPER2P1,0.008299514579110653
AC009961.2,0.008299423279101048
CTD-3099C6.9,0.008299313926249424
RPSAP76,0.00829913552272568
RP4-614O4.11,0.008298534147348489
RP11-696N14.1,0.00829840992157178
PANX1,0.00829801387331463
HIGD1AP1,0.00829740356738278
RPL21P16,0.008297401059207295
LSM10,0.008297234614573861
HSPD1P7,0.008297034070093426
SLC30A3,0.008296785700443794
RP13-270P17.1,0.008296639559332812
SLC25A33,0.0082960631499358
RP11-388M20.6,0.008296042450550085
RP11-638I2.10,0.008295601773805894
EFNA4,0.00829527122276165
RPL7P50,0.00829514321922922
RP5-1120P11.4,0.008294960847509962
RPS4XP7,0.008294948410963784
SLC43A1,0.008294716534883248
NUDT8,0.008294404119972914
RP11-481K9.4,0.008294241990424571
FTH1P12,0.008294182315778989
ANAPC15,0.008294152247733744
RP11-452L6.1,0.008293161239704968
AP003068.18,0.00829274984058031
AP000936.1,0.00829274902781044
RP11-64K12.1,0.008292712523410288
ABHD17AP3,0.008292494142429132
ATP5LP2,0.008292320254485744
RP11-1212A22.4,0.008292272262465976
RPL18P13,0.008292200297747155
SUB1P3,0.008292096159298377
GAPDHP21,0.008291828930028064
BBS12,0.008291801913451084
NDUFA6,0.008291600331647279
AC006116.17,0.008290841285388246
RPL5P11,0.008290295772476286
RP1-273G13.1,0.00829019875700862
RP1-228P16.7,0.008289864858541026
RP11-425L10.1,0.00828975037334681
TMPOP2,0.008288940028226065
RPSAP63,0.00828893788693455
DUSP16,0.008288847086389082
RP11-53O19.1,0.008287898137502398
RP4-605O3.4,0.008287728013559176
OVOL3,0.008287594339837686
GAS2L3,0.008287389531054868
AC018799.1,0.008287314948428904
AC068580.6,0.008287298419033796
RP11-410L14.1,0.008287282028165232
SRF,0.008287231632171209
DDX10P2,0.00828721546529712
ATP5HP2,0.008287188003431823
RP11-168K9.2,0.008287154332644348
ISPD,0.008287049440062628
RP4-761J14.10,0.00828696119286181
TFB1M,0.008286786163261789
ACRBP,0.008285608021013625
SOWAHB,0.008285250638058902
RP11-97O12.5,0.008285147394771883
RPL7P22,0.008285049142421605
ZNF663P,0.008284714326231731
CTD-2325M2.1,0.008283814666293547
RP11-70D24.2,0.008283390538348905
RP11-4C20.3,0.00828316398346128
RPL37P6,0.008282908871345964
RP11-10O17.1,0.008282536038535807
PPIAP26,0.00828155318993547
FEM1A,0.008281316033820221
RPL21P93,0.008281270836323748
RPSAP11,0.008281049094420314
PPIAP14,0.008280992387228766
RP11-335F8.2,0.008280806135348602
SYNJ2BP-COX16,0.008280703320065893
RP11-499A10.3,0.00828066250465325
PDGFC,0.008280625773229616
RP11-389G6.3,0.008280390347709315
PNKDP1,0.008280387580117291
RPL12P17,0.00828026243536471
MYL6P5,0.008279256338991946
GAPDHP73,0.008278892801043219
RP11-244H3.1,0.00827877887170662
HCG18,0.008278761693680527
RP11-177H13.2,0.008278692741609596
RPL34P18,0.00827854943398622
RPL3P1,0.008278479912605592
ZNF542P,0.008278306753741796
RP11-631N16.4,0.008277807592711114
ASB16,0.008277649481303228
NDUFB9P2,0.00827734380361813
RBMS1P1,0.008277316213203684
RPL21P134,0.00827677603850095
FAM3C2,0.008276420249106249
AC006077.3,0.008276248087428592
MELTF-AS1,0.008276051275434277
RP11-113C12.2,0.008275128732641676
AC005786.3,0.008274297974295864
RP11-1252D15.1,0.008274172808776242
RP11-98J23.2,0.008273949011315602
RPL21P28,0.008273732096940004
CTF1,0.00827359356197762
RP11-10G12.1,0.00827341156171745
HNRNPA1P44,0.008272773887067536
RP5-1159O4.1,0.008272772044846475
RP11-271F18.4,0.008272694133972133
ADH5P2,0.008272380597487293
ITGA1,0.008272323870522777
RAB39B,0.008271450382004542
DNAJB1P1,0.008271359837182314
CCDC192,0.008271334209168936
AF131215.2,0.008271265787913507
IL13RA1,0.008271054108922994
CTC-451P13.1,0.008270904349401862
LRTM2,0.008270844055428146
SMIM11A,0.008270275455939419
HNRNPA1P64,0.008269809740678756
NDUFB4P12,0.008269380362712317
RP11-219I21.1,0.008269274336711641
UNC93B1,0.008269004504134352
RAC1P5,0.00826864022799897
RPL12P33,0.008267488994357787
TNRC18P3,0.00826630889349698
RP11-325P15.2,0.008265807573090905
XRCC6P3,0.008265729623435735
HNRNPA3P7,0.00826558065554852
SMG1P7,0.00826533657259128
LY86-AS1,0.008264397707112982
MIR25,0.008264122399576265
RPS20P35,0.008263866737157002
ARHGAP18,0.008262864968613991
KANK2,0.00826268111402297
STK17A,0.008262521733411307
CADM4,0.008262151392425462
FAM134A,0.008261998547570738
CH507-9B2.5,0.008261778338396109
ATP5O,0.008260582345238746
BTBD2,0.00826053823779602
CTB-113I20.2,0.008259758446345255
CTBP2P4,0.008259636902578076
RP11-516A11.1,0.008259566925873294
MAN1A2P1,0.00825954906068285
LINC01569,0.008259257795386877
RPS19,0.008259009185574692
FDPSP5,0.008258943721520877
C3orf70,0.008258931860717834
FAM84B,0.008258464736513291
CD302,0.00825830320935786
RPS3AP26,0.008258242163761094
RP3-525L6.2,0.008258086715932375
AC037459.4,0.008257904336859223
LINC00471,0.008257239183109987
ATP5L,0.008257015247403712
RPL26P6,0.008256839174159099
RP5-1068E13.7,0.008256102729162816
RP11-415J8.3,0.008256082138160365
ZSCAN12P1,0.00825590071057949
HNRNPA1P21,0.00825541920152829
ID4,0.008255267963908037
RP11-849H4.4,0.008255257552267385
PPIAL4A,0.008254973163083703
ZNF793-AS1,0.008254946313497493
SOX21,0.008254916856845085
RP11-796G6.1,0.008254898529949541
ANKRD34C,0.008254724101432277
CTD-2501B8.5,0.008254030983854008
RP11-85G20.1,0.008253755094277011
CTD-3074O7.5,0.008253279560176187
RPL21P8,0.008253142500456574
BTBD10P1,0.008253073817577436
SLC29A3,0.00825306943293444
RPL5P17,0.008252918269765147
SDHCP4,0.00825248066844248
RPL37AP8,0.008252462733780573
RP11-421M1.8,0.008252376695351721
RP11-630I5.1,0.008251740784944395
PSMD8P1,0.008251672669190609
RP11-360K13.1,0.008251607951975184
RPL10P3,0.008250749895203802
EEF1A1P2,0.008250643542625854
ZNF883,0.00824991644565459
RP11-244J10.1,0.008249553394594919
CYCS,0.008249515040451178
RP11-392P7.1,0.008249502828731126
HIST2H2BF,0.00824944829723104
HNRNPA1P33,0.008249231120595854
NDUFA1,0.008249127437319556
RPL39P3,0.008248938728933996
PRADC1,0.008248916679817536
RPSAP6,0.008248877815190734
RP11-458D21.1,0.008248726734279958
GALNT12,0.008248582817110337
RP11-389O22.5,0.008248525986303627
ZNF705E,0.008248047476020929
RP11-269M20.1,0.008247430984442007
MDP1,0.00824730212874076
BDH2P1,0.008247235074287497
NDUFB3,0.008246585086481937
RP11-313P13.5,0.008246286463380485
RP11-761N21.2,0.008246274582913342
GVQW2,0.00824597235323928
SLC25A38P1,0.008245771361580162
LINC00511,0.00824500322106833
RP11-372B4.3,0.008244595084651174
RP11-259G18.2,0.008244562004347656
ZBTB43,0.008244287082359874
RP13-228J13.8,0.008244105454900232
RP11-436H11.1,0.008244040703025634
CCDC18-AS1,0.008244022221987684
RHOG,0.008243720181338851
SLC41A1,0.008243277323935467
CTD-2031P19.4,0.008242734485772639
ZNF737,0.008242429739476021
AC079250.1,0.008242201746943466
RP11-377K22.2,0.00824177738734632
BTF3P7,0.008241682713196299
RP5-1056L3.3,0.008241659033260707
FKBP4,0.008241267707737922
CASKIN2,0.008241164866671
CABP1,0.008241154077923139
RHOQP3,0.008240848616991092
GCLC,0.008239987379193377
RP11-336K24.12,0.008239877327218549
RP11-342K6.2,0.008239663965172664
SDHDP2,0.008239536502003045
NUFIP1P,0.008239007136509418
RP11-188D8.1,0.008238975283854222
RP11-254A24.2,0.008238881376938916
RP11-364P22.1,0.008238018139070331
RP11-527J8.1,0.00823775841304783
RP11-333B11.1,0.00823760197976758
PPIAP9,0.008237384960283837
RP11-507E23.1,0.008237383190755905
RDH16,0.008237375229895583
RPL11P3,0.008237202588226368
RP11-722G7.1,0.008237009282219035
STK38,0.008236748053561949
RP11-38G5.4,0.008236379535117215
RP11-77I22.4,0.00823634615878044
RPS27AP12,0.008236288385872996
CTC-484M2.1,0.008235414367740838
RP11-390P2.4,0.00823508820727247
MCPH1-AS1,0.008235009836984459
AC008686.1,0.008234555780673686
RP11-499E18.1,0.008234229028613952
RP11-759L5.2,0.008233979615426903
CTB-88F18.3,0.008233871803568398
UCN,0.008233735201961488
SMC5-AS1,0.00823351437092316
RP11-373E16.1,0.008233310874433335
LINC00926,0.008233245997950887
FGD1,0.008233170715361211
RP11-1112J20.2,0.00823253607859971
TBC1D17,0.008231879281237225
CTD-2231E14.2,0.008231858910385751
RP11-629B11.4,0.008231603312298165
AFG3L2P1,0.008231360687270196
YOD1,0.008231095109564237
CTC-543D15.8,0.008231035164231144
RP3-514P16.1,0.008231022702801237
RP11-220D10.1,0.008231022049421525
CTD-2017D11.1,0.008230387514369499
RP11-214N15.5,0.008230164612123243
DNAJB9,0.008230111157778424
COX6C,0.008229446516503477
RPS3AP6,0.008228926052098767
RP11-84G21.1,0.008228761744061213
RP11-488L18.6,0.008228707680895456
HTR3B,0.00822812127890655
RP11-259N19.1,0.008227236759998695
RP11-417L14.1,0.00822716019166145
FABP5P3,0.008226849281810384
HSPB1P2,0.008226844380059285
ABALON,0.008226792451530195
RP11-316N24.2,0.008226698232107543
RP11-554J4.1,0.008226314241472988
AC005262.4,0.008225821593667179
RP11-435F17.1,0.008225513584699548
BMPR1APS1,0.008225313167704694
CSPG4,0.008225289072603467
LINC01023,0.008225040590285565
RP11-344L21.1,0.00822496483993342
ARHGAP31-AS1,0.008224857921551833
FAM86DP,0.008223844061033938
TATDN1P1,0.008223841602017131
SNAPC4,0.008223595044256432
MMP25-AS1,0.008223591650058622
RP11-1275H24.2,0.008223409256184476
COX6A1P2,0.008222991016641376
WIF1,0.008222872331826787
GLCE,0.008222776849075266
GAS1RR,0.008222664535289968
RP3-446N13.1,0.00822265128796725
CTD-2210P15.3,0.008222526408138963
CKS2,0.008222133448155197
RP11-290F5.2,0.008222031047563761
RP11-321C24.4,0.008221960817035261
RP11-12M5.4,0.008221938034275855
TCEB2P2,0.00822105006619285
RP11-49C9.2,0.008221018083409004
RP11-373N22.3,0.008220804009172827
NDUFAB1,0.008220734030237853
FAM117A,0.008220393597266026
RP11-592N21.1,0.008220365060824988
FBXL14,0.00822030488260288
CTD-2256P15.2,0.008220298631768985
RAB41,0.008220272674581303
RP11-112J1.1,0.008219970500298362
AC092798.2,0.008219968901153066
RAMP2,0.008219751323235925
RP11-159H22.1,0.008219665888603319
UBL5P2,0.008219035356805255
NAGS,0.008218697938174967
UBALD2,0.008218114490261656
SETP4,0.008218001039690413
CTD-2313D3.1,0.008217359251572538
DTX3L,0.00821717257485031
RNF39,0.00821712794924032
RP11-1084I9.1,0.008216897496706267
LRP4-AS1,0.008216617075549656
SERGEF,0.008216559284041731
RP5-882O7.1,0.00821482089032444
RPL39P36,0.00821449024367565
HSCB,0.00821434904612325
WARS2-IT1,0.008214068205140592
LINC01232,0.008213992250322877
RAB42,0.008213189138234196
KLHL30-AS1,0.008213165198766574
HIPK4,0.008213100546937363
CRISPLD1,0.008213067408857543
RMI2,0.008212853373726047
ZNF512B,0.008211011138165922
RP11-169K16.8,0.008210809019229838
CTD-2245F17.6,0.00821034550202402
SPATA25,0.008210227507802379
RHPN2,0.00821011807207843
FAM35DP,0.00820996832743019
CTD-2027I19.2,0.008209714506623826
ZNF192P1,0.00820964243140617
RP1-240B8.3,0.008209625984368129
BCL9,0.008209232104725073
AL356585.1,0.008208740635328012
FKRP,0.008208687560772691
KCNV1,0.008208504835456763
RP6-109B7.2,0.008208367312593301
CTA-215D11.4,0.00820807836975553
AC004980.10,0.008208011194854885
RP11-66B24.9,0.008207524929015345
RP11-176H8.1,0.008207145032729332
AP000354.2,0.008206497151397228
WBP1LP2,0.008206488262045142
RPL7P10,0.008206329835186953
ZNF593,0.008205953690190807
RPS3AP36,0.00820554689345892
RP13-122B23.8,0.008205284489568646
RP11-80A15.1,0.008205125979731895
RP3-393E18.1,0.008205024511188451
PPIC,0.00820499483462488
DPM3,0.008203991221279492
EEF1A1P17,0.00820345771515546
RP11-91J19.3,0.008203324255741558
RPL7P19,0.008202820005880884
SNHG3,0.008202654073787842
CRNDE,0.0082026445648701
RPL12P14,0.008202563745812965
NPM1P33,0.008202438541413885
ATP5C1P1,0.008201985212918976
AFAP1,0.00820151738009552
RP13-444K19.1,0.008201303761492394
GAPDHP59,0.008200647013690414
RP11-579E24.2,0.008200126816721895
FAM72D,0.008199725260098727
RP11-3K16.1,0.008199620190263475
AC099535.4,0.008199219921045555
CTD-2376I4.2,0.008198336325722276
MIR4263,0.008198324931366158
ULK4,0.008198022457956086
LINC00343,0.00819774157885267
SSTR4,0.008197731258401158
ACTG1P11,0.008197465968918823
RP11-184A2.3,0.008197115839450524
AL022341.3,0.008195851053343625
RP11-420L9.5,0.008195425526177327
RP11-756P10.6,0.008195330717512373
TXNDC5,0.008195040477396236
AC114730.2,0.008195021727896042
GSTA4,0.008194209992648211
TNFSF12,0.008193591125721092
RP3-425P12.4,0.008193203570373286
CTC-543D15.1,0.008193114345378436
CACNG3,0.008192798461562059
RP11-29H23.5,0.00819252327416993
RP11-1000B6.5,0.00819237331534172
GAPDHP64,0.008192149823115027
AC135048.13,0.008192018408285678
AC002069.5,0.008191367937485119
AC068533.7,0.008191245532395999
HSPA8P16,0.008190824197890833
UBE2F-SCLY,0.008190761887128915
CTD-2649C14.2,0.008190649855548099
COPRS,0.008190102206215398
RP11-197N18.2,0.008189977156353926
RPL31P61,0.008189427248314549
GS1-124K5.10,0.008189039021148524
CTC-204F22.1,0.008188883289416212
E2F2,0.008188823840678514
RP3-437C15.1,0.008188605341800029
MGST2,0.00818850521376152
ITGB8,0.00818849561795441
RP11-1105G2.3,0.008188404060113333
USP8P1,0.008187748142730739
NPM1P32,0.008187263136164679
RFPL1S,0.008187008839744523
RP11-544O24.2,0.0081866933869349
SEC14L1P1,0.008186383747683363
MYO1E,0.008186368977956745
AC009120.8,0.00818603141180616
CTC-360G5.9,0.008185897200008575
RP3-368A4.5,0.008185625728089965
TTC32,0.008184373701176723
RPL12P8,0.008183536937035647
RP11-863K10.7,0.00818340703165096
SPDYE6,0.008183217192515201
BNIP3P5,0.008183101565081842
AC091654.7,0.00818266884259821
PPIAP13,0.008182651655922657
TSTD3,0.008182623399549479
TMEM45A,0.00818188617058873
RP11-227D13.1,0.008181686284756799
UBTD1,0.00818138542497588
HTR1E,0.008180895775510974
LA16c-3G11.7,0.008180328301195278
ORAI1,0.008180263013016713
LDOC1L,0.008180147721351743
BCLAF1P1,0.008180027976429222
RP11-33A14.3,0.00817954177070499
INE1,0.008179326536689496
RP11-1348G14.1,0.008178691289229587
RNU1-23P,0.00817842268723939
RP11-121A14.2,0.008177592911274695
TCEB2P1,0.008177479044860648
RPS16,0.008177210413412477
LINC01550,0.008176716625828825
RP11-2B6.3,0.008176640401076934
AC002310.10,0.008176478680056488
LINC00945,0.00817641120675719
AC007229.3,0.008176322359664185
TRIM34,0.008176005649072117
CTD-2184D3.1,0.00817593201847147
CTD-2555K7.2,0.008175837044929496
RP11-5C23.1,0.008175781842491073
GAPDHP1,0.008175149280248999
MCRIP2P1,0.008175128843440795
NPBWR1,0.008175114860329678
MAN2B2,0.008173995179349674
DUSP6,0.008173944953010331
ARL4AP2,0.008173525421499123
RP11-422P24.9,0.008173352186115717
HSPA8P18,0.008173044452880335
RP11-977G19.11,0.0081727582625147
RPL13AP2,0.008172191788936882
ABHD17AP5,0.00817216264767877
CTC-205M6.1,0.008172097233905858
RP11-96K19.2,0.00817169204655084
RPS17P2,0.008171302000250413
RP11-31H5.3,0.008170686486418307
NEU3,0.008170630785894055
SRGAP2D,0.008170417387028802
RP11-210M15.2,0.008170327226416273
PACSIN1,0.008170110040355467
EEF1A1P33,0.00816969434284711
FTH1P5,0.00816968155111812
CTC-428G20.1,0.008169355855336395
PPP1R2P3,0.008169259159874275
EIF4EP5,0.008169141074759006
PCDH12,0.008169077573426378
SNHG9,0.008168994191654325
RP11-286B14.1,0.008168668905423377
DLL4,0.00816768404312926
HNRNPA1P43,0.008167536029526195
TUBB4B,0.008167482747732033
ITPRIPL2,0.008167081003312888
RP11-20E24.1,0.008167016744774417
RP11-461O7.1,0.008166400715631407
RP11-651P23.4,0.008166383411383338
CBX3P2,0.008166383309267305
CTB-129P6.4,0.008166346281010378
LINC01057,0.008165845296487534
AC010878.3,0.008165774210963673
CKS1BP3,0.008165752384367599
NDUFB1,0.008165580371371441
GMNN,0.008165459354288687
RP11-585P4.6,0.008165298644319198
RP11-641C17.1,0.008164986051904865
UBE2E1-AS1,0.008164963608707557
HSPB1P1,0.008164913357821912
PINLYP,0.008164335838634724
AC092155.1,0.008164318657724459
RP11-711K1.7,0.008164287216708022
TOMM22,0.008163962666253995
ZNF726,0.008163680099116458
CTD-2192J16.22,0.008163601870422152
CA13,0.008163571797199861
RNASE4,0.00816342243091047
AC006160.5,0.008163138448257017
AC068137.13,0.008162571215536037
RP11-46C24.7,0.008162508709053115
RP11-546K22.3,0.008161758472703357
RP11-278L15.6,0.008161630358715612
RP11-320A16.1,0.0081610710343599
RPL15P14,0.00816070250448958
CDR2,0.008160483644745264
RP11-728G15.1,0.008160220846241588
ANG,0.008159929034086272
RP11-193E15.4,0.008159878295342387
EID2,0.008159837778409486
CYCSP55,0.008159522229506104
SPATA3-AS1,0.008159382833986643
ATF5,0.00815856627794259
CTB-63M22.1,0.008158362198525953
RP11-874G11.1,0.008158169099876001
AC010468.1,0.00815767153026773
RP11-1191J2.5,0.008156955137450182
RP13-465B17.4,0.008155322614952028
MRPL14,0.008155321391849709
RP11-41O4.1,0.008154669238937625
RPL21P116,0.008154412421184802
RPL15P13,0.008154369580796465
RP5-864K19.4,0.008154337671865174
RPL17P36,0.008154319379530805
RP1-146I3.1,0.008154122548198
RP11-834C11.4,0.008154088581323686
RPS10P28,0.008153835961749387
CTA-242H14.1,0.008153771680189928
MYL8P,0.008153486957648852
RPP25L,0.008153444196804477
RPL7AP14,0.008153442046850246
CACNA1C-AS2,0.008151802238860539
HEXIM1,0.008151300126889449
RNF7P1,0.008151221567659482
RP11-92F20.1,0.008150549473120817
GPR180,0.008150206826877626
RP11-514O12.4,0.00815013386072255
HSPE1P7,0.008150103489923146
RP11-365O16.6,0.008149147683332752
INAFM2,0.008148949078170643
RP11-1029M24.1,0.008148884232538104
XYLB,0.008148299432871686
TMX2-CTNND1,0.008147814425411315
PSMB8-AS1,0.008147750752973961
CDC42P5,0.008147275561935908
DLGAP1-AS4,0.00814724866717736
FBXL8,0.008147006306147475
TMSB4XP2,0.008146863893722987
RP11-302I18.1,0.008146789669797587
RPS4XP21,0.008146633945295138
RPS12P26,0.008146505454591429
C9orf170,0.00814554721573498
RPL7AP26,0.008145419512843415
TPT1P9,0.00814495768792548
CTC-308K20.1,0.0081447968665921
RPS2P32,0.008144361556173802
RP11-863K10.4,0.008144246689932867
DLGAP1-AS2,0.008144216253214388
AC000123.3,0.00814415507588782
RP13-258O15.1,0.008144131087979456
AC093673.5,0.008143868267090938
PKMP5,0.008143813300564753
RAB40A,0.008143706551046159
NOTCH3,0.008143595081868139
CTD-2203K17.1,0.008142754825548807
CHRNA2,0.008142580957912631
RP11-225B17.2,0.00814219291552417
RPL9P21,0.008141061260331178
CDK7P1,0.0081408767094627
RP11-1012A1.4,0.008140762608124479
MYL6P1,0.00814052772127266
NUPR1,0.008140443235258579
OR14I1,0.008140307297943955
RP11-259K5.2,0.008140206315956595
RP11-734J24.1,0.008139827505574527
ZNF516,0.008139772171839857
AC009362.2,0.008139688339578179
C11orf87,0.008138790601781715
RP11-729L2.2,0.008138665049819409
AC018738.2,0.00813833694673987
AP000704.5,0.008138174230008044
CTA-384D8.36,0.008137862494567267
INTS6P1,0.008137619464793524
LINC00271,0.00813727219458568
PPIAP7,0.008136951302094117
UBL5,0.00813632915955381
ANXA2R,0.008136243083487203
HELLPAR,0.008135677873851391
RP5-908M14.9,0.008135637428915397
KB-1517D11.4,0.008135542362457185
RP11-386I14.3,0.008135502796278367
FAM181A,0.008135428886066
SLC35G2,0.00813540821552956
TPM3P6,0.00813497505568526
PMF1-BGLAP,0.008134840533224396
NMUR1,0.008134362855686856
ZBTB46,0.008133967876778645
RPL18AP16,0.008133929002728883
FAM109B,0.008133389406706309
RP11-635N19.1,0.008132682143214456
PPIAP23,0.008132591924218856
RPSAP21,0.008132543972159796
MT-TL1,0.008132353145375157
RP1-257A7.4,0.008132313080531231
AC002550.6,0.008132302207789129
NPM3,0.008132223696647673
RP11-571F15.3,0.008132053693882762
TMEM256-PLSCR3,0.008132043492191538
NECAB2,0.008131959888970086
ZNF649-AS1,0.008131610841452806
RP11-713C19.2,0.008131497784592727
TYRO3P,0.008131478408777853
RPSAP39,0.008131079625660108
FDPSP1,0.008131072152364856
DYX1C1,0.008130718051235252
RP11-873E20.1,0.008130596800113483
RAB43P1,0.008130475901788357
RASSF1-AS1,0.008130455034653502
RP11-298E9.6,0.008129917325918652
AC022154.7,0.008129127768518374
RP3-359N14.2,0.008128923570284574
RP11-468E2.11,0.008128612928713913
PSMA2P3,0.008128488685467488
RPS7P3,0.008128255992037542
RP5-968P14.2,0.00812784415622181
AKR1B1P2,0.008127533854008388
KLRA1P,0.008127259455043287
GABRD,0.008127082203673117
EMC3-AS1,0.008127071208635145
ADH5P3,0.008126765170309207
RP11-72M17.1,0.008126503267863162
RBX1,0.008126238780642949
CTC-471C19.1,0.008126178793168216
RBPMS2,0.008126152445343236
EAF1-AS1,0.008125737145027236
GIMAP2,0.008125541141620623
FOXD1,0.00812531837292423
SDAD1P2,0.008125146561201689
TBX2-AS1,0.00812503434137693
SSTR1,0.008124776616218028
RP11-84C10.4,0.008124497147557818
GS1-124K5.4,0.00812395512282989
AC096664.1,0.008123893096662374
WDR82P2,0.008123590035343622
PDLIM1,0.008123544461465355
LINC01123,0.008123506883823454
PARD6G-AS1,0.008122823649348535
CTD-3035K23.7,0.008122684154910603
HNRNPA1P26,0.008121917806515336
RP11-209M4.1,0.008121567014294687
LRRC37A4P,0.008121302566965262
RP11-684N3.1,0.008120515004140714
RP11-342M1.3,0.008120143001688162
SHMT2,0.00812013760625735
RPL7P48,0.008119699999753451
RP11-848P1.7,0.00811962706675345
RP11-295H24.3,0.008119626721213663
AP003068.23,0.008119422016060756
POC1A,0.008118949012786923
NEUROD6,0.008118606515988476
RPL24P7,0.008118108016711928
AC087499.5,0.008118014323285322
RP11-180K7.1,0.008117889700931882
EPB41L4A-AS1,0.008117683348462138
DNAJB1,0.008117412957825115
DLGAP4-AS1,0.008117127255865495
RP11-25I15.1,0.00811651308951392
NME1,0.008116487021290876
LA16c-380F5.3,0.008116421892143158
RP11-347C12.12,0.00811616062102849
RP11-550I24.2,0.008115731603103107
SLFN5,0.008115551879733094
AC008746.3,0.008115527872083271
MAS1,0.00811548110875005
HERC2P9,0.008115476392135421
MZF1,0.008115451981481605
RP11-44M6.7,0.008114939174401028
TUBBP10,0.008114891676146034
PGBD4,0.008114497269456082
RPL29P2,0.008114419133675612
ARHGAP31,0.008114181405573438
IQGAP3,0.008114127209911315
RP4-612B15.2,0.008113964345352439
RPL31P63,0.008113695296747797
SNORA13,0.008113457620295984
FAM156A,0.008112875580244478
SLC25A5P8,0.008112801406391713
RP11-430G17.3,0.008112730834312501
RP11-430H10.4,0.008112476481858491
ZNF888,0.008112448042484283
RP11-251G23.2,0.008112021699474295
EPHB4,0.008112013392906839
TMCC1-AS1,0.008111793431156523
SBF2-AS1,0.008111665024476175
CTC-260E6.6,0.008111445448877014
RPLP1P6,0.008111427473982184
RP11-478C6.4,0.008111233787562962
WWP1P1,0.00811092033281464
VN1R42P,0.008110288481686543
TEX22,0.008110234545953878
STUB1,0.008110109425464614
BLVRB,0.008109825098932396
CPXM1,0.00810969634246533
HMGN2P17,0.00810962097054796
RP11-372K14.2,0.00810943341078318
FTH1P10,0.00810922939533998
RP11-366M4.1,0.008109089653709043
RPL35P1,0.00810889882494854
CMBL,0.008108385725387126
RP11-252I13.1,0.008108360714348608
RP11-667K14.3,0.008108126858092292
HDHD3,0.008107455215352347
SUMO2P17,0.008106845802776102
TMSB4XP1,0.008106821718371545
ANKRD61,0.00810652283737048
BRI3P1,0.00810625382205753
FAM19A2,0.008106158371228626
RP11-416I2.1,0.008106137616544006
TIMM8BP2,0.008106003419521024
EIF3EP1,0.008105788016423702
LINC01476,0.008105518124987936
C12orf75,0.008105374998916294
ANKFN1,0.008105086399977016
SNORD75,0.00810446958153546
IPPK,0.008104383078638842
RPS10P2,0.008104332364622652
CCDC106,0.008103537154308135
HNRNPA1P61,0.008103273993488546
CTD-2017C7.2,0.008101349177464447
ZNF503-AS2,0.008100837895119435
MT-ND1,0.008100799402286245
RP11-723O4.9,0.008100654016451643
KRT18P59,0.0081005825732871
RP4-604A21.1,0.008100542297270098
PGBD4P3,0.008099952976566972
FTH1P4,0.008099596548619616
ANKRD10-IT1,0.008099490015726064
HMGN1P37,0.008098812378598549
U40455.1,0.008098766975173217
NSUN5P1,0.00809865422189506
RP11-97C16.1,0.008098464881475273
RP11-480N24.4,0.008098402681328899
RP11-638I2.4,0.008095909875482919
GPX7,0.008095565381925145
RPS12,0.008094224743103628
RP11-501C14.9,0.008094107358317311
RP11-428P16.2,0.008093831296687492
RP11-697N18.2,0.00809379460926204
SCGB1B2P,0.008093422432835643
RP11-685B14.1,0.008093342487467726
UNC5CL,0.00809212947058175
F8A3,0.00809186136426544
RP5-1112D6.8,0.008091758467744074
RPL21P39,0.008091711866530923
SUMO2P20,0.008091351278804176
SVIL-AS1,0.008090998371991516
AMER1,0.008090992722307186
CTC-546K23.2,0.008090938409509037
PRKCG,0.008090599723546013
CTD-2619J13.3,0.008090463868826236
AC006116.15,0.008090063768830294
RP11-280O24.3,0.008089197251482631
IPO9-AS1,0.008088753413949476
RP11-552F3.4,0.00808818507608555
RP11-326I19.2,0.008087838199999023
PAFAH1B3,0.008087766077363128
LINC01616,0.008086932187299308
RP11-130L8.3,0.00808662652084125
PRSS36,0.00808631687359956
TNPO1P3,0.008085771836503336
RP3-388M5.9,0.008085682779007166
LRRN1,0.008085607900878542
SRRM1P3,0.00808525177144298
TMEM87B,0.008085182778316678
UBE2SP1,0.008084703805720161
ST8SIA1,0.008084448074170685
RPS27P29,0.008084190754865737
KLHL42,0.008084134832658933
PRICKLE4,0.008083121289981536
HMGN2P40,0.008082893028475499
TGFB1,0.008082457590154147
RP11-332H14.1,0.008082367958671979
PABPC1L2A,0.008081915082814792
FTH1P1,0.008081910667026815
RP11-91G21.1,0.008081507024253209
LINC00324,0.008081411410194842
LINC01515,0.008081346280366298
RP11-805F19.3,0.008081159359328644
AC017104.6,0.008081020938220752
TLR1,0.008080625085959485
CYSTM1,0.008080412926550023
RPL17,0.008080053754542885
RP11-715F3.2,0.008079982257835669
UPF3AP1,0.008079620659521112
THAP7-AS1,0.008079387624727484
CTD-2373J6.2,0.008079000171018076
SNCB,0.008078996677375879
AF131215.9,0.008078942645330156
C4orf47,0.008078865355303744
RPS3AP25,0.008078580801267407
RPL9P9,0.008078474940450286
ENTPD7,0.008078467493497726
B9D2,0.008078011551582673
SNRPGP2,0.008077724396578634
RP11-79E3.3,0.008077691194451012
CCNT2-AS1,0.008077263364116268
RP11-303E16.8,0.00807701982331945
RP11-227D13.2,0.008076184016287518
CDC42EP4,0.008075516080459904
RP11-855A2.2,0.00807497042751335
RP11-510M2.2,0.008074537862124507
SMDT1,0.00807383461918416
SPRY4,0.008073772598307122
LYPD8,0.008073052175428483
CTB-47B8.5,0.008073008184294203
ALKBH7,0.00807274470147811
NDUFB1P1,0.008072644253694047
RP11-360L9.4,0.00807260392349888
PIM3,0.008072595295931474
RP4-635E18.8,0.008072402485953967
DCAF13P1,0.00807203127606413
BNIP3P11,0.008072000852455009
RPL9P2,0.008071673873936246
RPL34P33,0.008071526666147761
CCDC160,0.008071197418591402
FAM86B3P,0.00807052650307632
SKOR1,0.008070516516699733
SERTM1,0.008070355146872538
CHRM1,0.008069739982099654
CTD-2302E22.6,0.008069702014839138
CTD-2297D10.2,0.008069470739548829
RP11-793H13.8,0.00806909838197442
FIG4,0.008068790974721431
MNS1,0.008068722580860454
RPS10P14,0.008068400906046531
RNF139-AS1,0.008068373006201408
CTD-2560E9.3,0.008068251978252759
RPL21P120,0.008068166856802818
RP11-791G15.2,0.008067928317706674
VPS35P1,0.008067923165870024
AP000240.9,0.008067908721808086
RP11-113A11.1,0.00806763865865006
UBE2NP1,0.008067417629120515
LINC01007,0.008067367820076056
UGCG,0.008067214011064344
SLC9A3P2,0.008066803956282032
AC019097.7,0.0080668031448106
GS1-124K5.3,0.00806662805868563
TPMT,0.008066562989543523
RP4-756H11.3,0.008066515312923097
SIPA1L2,0.008066307396981687
RP11-397P13.7,0.008066255985189289
LA16c-358B7.3,0.008065927698512188
MROH6,0.008065243701323919
MYL6P2,0.008065224626511205
PSME2P6,0.008065215407178297
RP11-360D2.2,0.008064248364171795
PP12613,0.008064083393730218
CTB-66B24.1,0.008063961092774869
ZNF32-AS1,0.008063721524922665
RP11-229M1.2,0.008063718958816076
MAPK6PS4,0.008063660405102887
RP11-204K16.1,0.008063505182739706
RP11-817I4.2,0.008063473206531493
GADD45GIP1,0.008063343358606952
KCNA4,0.008063154820110822
SNRPGP9,0.008062923983969432
RPL10AP1,0.008062441751082955
TXNP4,0.008061336886081565
LYRM1,0.008061170205499105
CTC-499B15.5,0.008060838236445636
NPM1P18,0.008060687407522778
SEC11C,0.008060435837062742
RP11-259P15.1,0.008060377972188181
MCHR2,0.008060146931609504
PRDX2P4,0.00805980153499015
RP11-18C24.8,0.008059376787788581
SAXO2,0.008059357003515911
HIGD1C,0.008059039801767717
CDH9,0.008058893222664145
CALY,0.008058633903365848
RP11-31F15.2,0.008058549251716039
EEF1B2P2,0.008058478243009223
LINC01166,0.008057520398812846
AC068831.6,0.008057265891427983
PKN2-AS1,0.008056931109358827
RP11-83N9.6,0.008056652938715304
DENND4B,0.008056528959254242
ZNF652,0.00805644259778328
AC019050.1,0.008056212097060424
RPS3AP44,0.008056071194370075
GRAMD3,0.008055918370087848
RP11-504G3.4,0.008055906241844928
MRPL34,0.00805585433508534
UBE2FP1,0.008055519648145893
RTN4RL1,0.008055398112039694
AC005480.1,0.008055291689438639
FLVCR2,0.00805524669242231
RPS3AP49,0.008055239848391663
ZNF831,0.008055167197825943
RP11-214N16.2,0.008055147634153449
CALHM2,0.008054959321032357
RP11-187C18.3,0.008054517158928569
RPS4XP8,0.008054227446138956
AC079145.4,0.008054157063227398
SRSF9P1,0.008053424533156151
UBE2SP2,0.008053244998575794
CALML3-AS1,0.00805285344039608
EEF1B2P1,0.008052710130706095
RP11-329B9.3,0.00805236268124527
GLDCP1,0.008052182600556073
HCG4P3,0.00805200844335883
ZNF703,0.008051933811192333
RP11-57C19.2,0.008051615979041688
TMSB4X,0.008051516508648974
AC091180.1,0.008051053025588041
TMEM141,0.008050531144754795
KCNJ4,0.00805017697021742
RPL31P49,0.0080501431988968
RP11-458I7.1,0.00804995888442398
TECPR1,0.008049558545003457
HNRNPA1P40,0.008049172762034129
RPL22P19,0.008049142329580369
LINC01152,0.008048729270795576
CTC-398G3.2,0.008048657814743832
AC010883.5,0.008048603702405533
CCDC85C,0.008048325165452022
MINOS1P2,0.008048280111553178
FKBP9,0.008048236471110255
ARPC3P2,0.008047928691705624
MPZL3,0.008047874349155265
RP11-700J17.1,0.008047699455157311
GPR83,0.008047681217435487
FBXO40,0.008047415201833408
RP11-26J3.4,0.008047365431182592
RPL5P6,0.008047321556933027
B3GLCT,0.008047280688971755
HMGB1P11,0.008047211936025006
RP11-737O24.3,0.00804714850397992
RPL7P4,0.008047060459709779
BTNL10,0.008046700055377531
RP11-552M11.4,0.008046699119659086
PET117,0.008046430783785946
RP4-814D15.1,0.008046024930522248
AC007279.2,0.008046007307041558
C1orf115,0.008045695151307434
CREG1,0.008045248434081017
RP11-257P3.3,0.008045182824965474
NWD2,0.008045107946241472
RP11-3L10.3,0.008044924003854597
TRIM47,0.008044424409293718
ZNF781,0.00804410953245483
ILF2P1,0.00804398142631478
SPATA13,0.008043974907657214
RP11-214O14.1,0.008043578441914868
UQCC2,0.00804267954823692
KCTD12,0.008042544667825738
EVI2B,0.008042387666354001
RP11-256L11.3,0.008042325461255878
RP4-635E18.7,0.008042193401808524
RP11-731C17.2,0.008042089952626844
RP11-19O2.2,0.008042081188580096
AC092171.2,0.00804184456735676
RP11-298I3.3,0.00804181610770613
RP11-429E11.2,0.008041366045743546
MYL6B,0.00804087104079898
RP1-228H13.1,0.008040547631357796
RP11-353N4.6,0.008040109732593032
RP1-199J3.7,0.008040075353125944
ZNF815P,0.008039838479861373
CSDAP1,0.008039646919183817
RP5-878I13.1,0.008039624953097454
BCL6B,0.008039453129966102
SLC22A9,0.008038539423757401
RP11-74E22.3,0.008038524421702163
RPL7P24,0.008038188839355337
RP4-758J18.10,0.00803732805800938
GHRLOS,0.008037222622162186
CTD-2035E11.5,0.008037199015060094
RP11-536K7.3,0.008037016487006407
MXD3,0.008036973610169624
LYN,0.008036500081757535
RP11-718B12.1,0.008036469669660781
RP11-480D4.6,0.008036322595504445
CERS1,0.00803611432949448
RP11-159F24.6,0.008036034455564686
RP11-415F23.3,0.008035602815678746
FIBIN,0.00803547057256005
SLC26A4-AS1,0.008035210973658941
APOBR,0.008035056718452716
RPL18AP3,0.008034955201858861
RP11-65N13.6,0.008034744325740762
LINC00441,0.008034572962173216
SNRNP25,0.008034281768336439
KCNJ12,0.00803395603751652
RP11-621H8.2,0.008033882794021112
RP1-52D1.1,0.008033871061681
SIX5,0.008033816876172443
ICAM3,0.008033794118723698
C17orf82,0.008033741142139806
XXbac-B135H6.18,0.008033716242067732
RP11-314A20.5,0.008033618289263732
EIF2S3L,0.008032705658262047
LMCD1-AS1,0.008032630730286336
AC110926.4,0.008032082580944394
CTC-351M12.1,0.008032039867874124
SPRY1,0.008031910023327609
ISCA1P1,0.008031611994070792
GAPDHP28,0.008031543251401877
CTD-2260A17.1,0.008031091470445013
AC006277.2,0.008031048953071707
PGRMC1,0.008030627183096977
CTB-31N19.3,0.008030334736350331
RP11-46J23.1,0.008030266276599847
DNAJC30,0.008029794564728007
PSMB3P2,0.00802967157424969
RP11-234N17.1,0.008029437040728475
MT-TM,0.008029366385283067
ARHGDIB,0.008029093051424114
PPIAP25,0.008028636457651565
ERICD,0.008027876172545453
GATS,0.008027491881273342
RP11-312B8.1,0.008027491740669891
CTA-315H11.2,0.008027463503110885
CRIP2,0.008027427755771279
RPL23AP61,0.00802739597256638
NPM1P8,0.008027147511431956
CYSLTR2,0.008027009404825229
CALHM1,0.008026847489420843
RP11-329B9.5,0.00802664991485355
ZNF391,0.008026545038134702
SETP21,0.00802639864647022
CYCSP8,0.008026355249591091
RPS29P17,0.008025930006727265
NRAV,0.008025883661995846
RPS27AP1,0.008025368155430167
GRIN2B,0.00802518273740487
RP11-723J4.3,0.00802504938622715
RPL27AP,0.00802386069978633
RP11-20O24.1,0.008023801055155646
AGAP6,0.008023762076169148
RP11-295D4.1,0.0080235353584303
SETP22,0.008023255838365637
PARP4P2,0.008022634135072756
RP11-247I13.3,0.008022565233234281
RP11-33A14.1,0.008022544075880723
NUDT3,0.008022201817886411
ABI3,0.008022090962964351
RP5-1053E7.3,0.008021596069503218
AC067969.2,0.008021394423452347
RP1-309F20.3,0.00802109356237167
CTC-429P9.2,0.008020682622187202
RP11-497E19.1,0.008020387223368265
EEF1A1P11,0.00802036468712122
RP11-437B10.1,0.008020220873709308
HIST1H2BN,0.008020145592301943
UBA7,0.008019838915678998
KRT222,0.008019815186715844
LINC00390,0.008019532828357564
AC004112.4,0.008019378987574387
PRR22,0.008019303385061346
MYCT1,0.008019279538250945
FAM181A-AS1,0.008019234624007351
VPS37D,0.00801903947188254
DYNLL1P2,0.008018564540427769
RPL5P9,0.008018487764366124
GPR52,0.008018462291401062
RPL5P29,0.008018337702221375
RP3-461P17.10,0.008018129291048481
RP11-421L21.2,0.008017808210099394
RNF122,0.00801755500910419
CTD-2086L14.1,0.008017378447315805
RPL8P2,0.008017037660306755
RP11-15A1.9,0.008016339993515134
TRHDE,0.008016279378951363
EIF4BP8,0.008016151320538656
VDAC1P7,0.008015935304513345
RP11-374M1.2,0.008015827096468154
HCG16,0.00801562491295929
RP11-503E24.2,0.008015343728904922
BX842568.1,0.008015323855139669
RP11-163E9.2,0.008015238202885057
HMGN2P28,0.00801509999739723
CTD-3035K23.3,0.008014966512614378
KLF15,0.008014745289587706
AC098614.2,0.008014508313418964
MEX3A,0.008014245924338427
RP11-364M6.1,0.008013538601927647
NPM1P40,0.008013096308027752
AC241377.1,0.008012846695637635
AC004951.6,0.008012110475814996
RP11-932O9.10,0.008012048826473174
IMPDH1P6,0.008011710117734171
TICAM1,0.008011639736723232
RPS3AP47,0.00801146754668366
RP11-21C4.1,0.008010933368109527
RP11-187A9.3,0.008010924493530724
HMGN2P47,0.00801039825477125
AKR1B1P3,0.008010380649414423
RP11-146N23.1,0.008009897990259914
HTR2A,0.008009823951556694
NDP,0.00800976026963213
RP11-123M21.2,0.008009500532293247
RPL21P17,0.008008852345975854
SNX6P1,0.008008841822475434
CTC-325H20.7,0.008008746941467177
FSCN3,0.008008666411275966
ANO8,0.008008540390958321
PABPC1L2B,0.008008082189044653
RPL9P32,0.008007809567526598
LINC01511,0.00800734690007288
LYL1,0.00800699827526225
RPL13P6,0.008006806550872339
RP11-440K22.1,0.008006585545179025
SUGT1P2,0.008006125310682465
RPL17P34,0.008005969457207097
NCF1C,0.008005116625511526
CTD-3162L10.5,0.008004607093763867
HMGN2P8,0.0080038352209782
RP1-101G11.2,0.008003765000026452
CTD-2562J15.4,0.00800363454873694
TSHZ1,0.008003548899635612
HCN1,0.008003220729384504
RP3-337H4.8,0.008002847952070763
MT-TT,0.00800188661659136
RP1-228P16.1,0.008001647421137568
RP11-134K1.2,0.008001646895118335
RP11-560J1.2,0.00800144978719496
NPM1P26,0.008001374192784226
CTD-2132N18.2,0.008000664110068311
PRDX3P1,0.008000496037162642
STYK1,0.007999630239825934
MC1R,0.007999446934473634
RP11-430H10.3,0.007999345876030132
EXTL3,0.007999260024800288
PHEX,0.007999014312745144
HS6ST3,0.007999009824225087
LSM3P3,0.007998334020822524
RP11-522B15.6,0.007997545269446375
RP11-27I1.6,0.007997369940205418
RPL10P4,0.007997260919338237
RPL4P6,0.007996879856694087
SPRR2G,0.007996723954799966
RCSD1,0.007996600825317925
MYL6P3,0.007996010338795134
RP11-848P1.5,0.007995937872784522
FLVCR1-AS1,0.007995745931075231
SIRT4,0.007995620997290514
HSPA8P14,0.007995609634865073
NUTM2A-AS1,0.007995382530799141
CTD-2158P22.4,0.007995052423642183
HTR5A-AS1,0.007994855380469373
CTD-2006C1.13,0.007994563868212349
RP11-312J18.5,0.007994417513583036
TM4SF18,0.007994348580670437
RP1-269M15.3,0.007994280484289617
CYP51A1P1,0.00799416081621326
RAB3A,0.007994001552600745
CTD-3035D6.1,0.007993930547368152
RP11-173G21.1,0.007993212082926996
CTD-2026D20.3,0.00799291007363075
RPS4XP22,0.007992688361927878
LINC01202,0.007991999934007909
RP5-1159O4.2,0.007991601673190353
KIRREL3-AS3,0.007991304460125546
ANXA2P2,0.007990882036897233
RBBP4P3,0.007990806993124095
SCRG1,0.007989894296382923
RPL5P24,0.00798984129635952
LAMC1,0.007989675169992978
AC138647.1,0.007989466443617041
RP11-326C3.7,0.007989393292451352
CTD-3195I5.3,0.007989279599506646
RP11-864N7.2,0.007989225237846037
RPS7P4,0.007989044358403925
RPL36AP21,0.007988585594375076
RP11-73K9.2,0.00798848138138909
ANGPTL2,0.007988287539174865
CTB-113P19.1,0.007987644665532305
CYSLTR1,0.007987097145940949
GNL3LP1,0.007986755956137195
RP11-558O12.1,0.007986563022008383
FAM87B,0.007986325821557238
RPS2P28,0.00798627697552966
RPS18P13,0.007985889832074485
FAM91A3P,0.007985536253440693
SVOP,0.00798540137833305
C3orf67-AS1,0.007985371660829904
GAPDHP58,0.007985252424678107
RP11-110I1.12,0.007985062231484737
RP11-843B15.4,0.007985031297759121
BOLA3-AS1,0.007984888567797126
RP11-365D23.4,0.007984701683038335
HNRNPA1P53,0.007984601997758406
RP11-429J17.7,0.007984341117588917
PTBP1P,0.007984144179901325
MED14OS,0.00798359386740665
TMSB10P1,0.007983101026100918
RPL23AP3,0.007982752681461187
CTD-2574D22.3,0.007982442574316769
AC074019.2,0.007982183920815991
GOLGA6L9,0.007981566791222723
RP11-301G7.1,0.007981485272924577
RP11-482M8.3,0.007981321780487704
GVINP2,0.00798094246629814
HMGN1P4,0.007980038908776127
RP3-522D1.2,0.007979113157338258
RP11-184J23.2,0.007979052210395719
AP002381.2,0.00797865937154566
RP11-452F19.3,0.007978282503081566
KCNJ14,0.007978015636812255
C19orf70,0.007977860781065629
RP11-778J16.2,0.00797720529395166
S1PR2,0.007977081620741903
TRAM2,0.007977018210078388
PRR34-AS1,0.007976828311628015
RPL9P18,0.007976435821549504
ANKRD34C-AS1,0.007976249634263346
RP11-5C23.2,0.007975813244803995
RPL9P7,0.007975339590954018
RP11-669B18.1,0.007974825399499858
S1PR3,0.007974699353741394
CH17-140K24.6,0.007974402254858518
RP4-597J3.1,0.00797391465588307
RP11-867G23.8,0.007973825571840622
SNORD115-20,0.00797355822107021
TMEM159,0.007973543394699948
AC005037.3,0.007973516992291724
RP11-366L5.1,0.007973494392555652
RP11-146F11.5,0.007973323338357567
RPL29P30,0.007973181202974404
RND2,0.007973132024662457
HMGN3-AS1,0.007972256562077033
RP11-234A1.1,0.007972198104543604
SSTR3,0.00797194373613425
TPMTP1,0.007970480049339158
LINC00630,0.007969608371707498
CH17-53B9.2,0.007969309633462995
CTC-304I17.5,0.007969140689329822
RP4-593H12.1,0.007968966711554481
SLC25A53,0.007968945141345576
LL09NC01-251B2.3,0.00796889235146926
PAN3-AS1,0.007968672940996454
NACAP3,0.007968490023413387
ZNRF2P2,0.0079679054649473
LL0XNC01-131B10.2,0.007967591720500204
RP11-307I14.2,0.007967504308558231
RP4-753D10.3,0.007967213743746586
PMS2P7,0.007966960115301791
AC073325.2,0.007966817237151794
CTD-2165H16.4,0.007966661758896204
AC004067.5,0.007966501284159894
RP11-259P15.3,0.007966424267789908
LINC01332,0.007966361367721551
SDHAF3,0.007966356531639504
GTF2H2B,0.007966236033624547
RP11-206L10.9,0.00796596640330931
UQCRQ,0.007965673085089756
RP11-371E8.4,0.007965178116097862
TMEM27,0.00796514227550408
RPS18P12,0.007965126063258625
RP11-523H20.3,0.007964461052027118
ZADH2,0.007964280156641822
CHAF1B,0.007964078275249833
MIR4801,0.007963760987227984
RPS3AP43,0.007963708882143912
AC006378.2,0.007963663782866531
S100A16,0.007963618196856377
SLC20A2,0.00796339907765757
AC009487.5,0.007963287182715906
RP11-647K16.1,0.007962027748347995
AC018685.2,0.007961780520257113
RUSC1-AS1,0.007961691157925384
SEPT4-AS1,0.007961599073393853
AC005104.3,0.007961518521964762
SSC4D,0.00796151643760371
RAP1AP,0.00796134940376908
RP11-134K13.2,0.007960934395831978
C1QTNF2,0.007960463358928856
OLIG2,0.007960173710155128
RPSAP55,0.007960068738545892
AC011516.2,0.007959966558359049
HEYL,0.007959928103992877
NEURL1B,0.007959156441981438
RNU1-106P,0.007958558717180328
H1F0,0.007958480636701994
GPR6,0.007958436178626271
GAPDHP69,0.007958224746453354
RPL10L,0.007958140748256428
XRCC6P5,0.007958122494548258
CTD-2228A4.1,0.00795799668000767
RP11-390F4.2,0.007957844411896372
ASAP2,0.007957235005943756
RP11-405M12.2,0.007957184268228683
FOXJ2,0.007957038965144526
ZNF790-AS1,0.007956716908567385
GABPB1-AS1,0.007956260464622925
RP11-646D13.1,0.007955734671009598
RP1-145M24.1,0.007955698685915053
FAM218A,0.007955267995606327
RPS3AP22,0.007955259006663622
RPL3P12,0.007955032901562343
RP11-333E1.1,0.007954950868588351
RP11-103J17.1,0.007954942740777187
RP11-346C4.3,0.007954641453052701
KCNK12,0.007954208157580267
RP11-175D17.3,0.007953636897119807
RP11-264J4.8,0.007953611740713257
RP11-79L9.2,0.00795352543436918
RP11-158K1.3,0.007953486211434015
RP11-819M15.2,0.007953484387382019
NTN1,0.007952334258464352
RP11-163E9.1,0.007951960959613877
AC104297.1,0.007951886045223823
TMEM56-RWDD3,0.007951792261102878
RP11-119H12.1,0.007951769068405244
GABRA6,0.007951616179879913
RPL23AP96,0.007951568778683357
RP4-778K6.1,0.007951237123484996
AP000281.1,0.007950976030685418
NDUFV2P1,0.007950955528472187
RP11-299L17.1,0.007950918786673476
RP1-315G1.3,0.007950502609119609
LINC00638,0.007950451448087118
RP11-760D2.7,0.007949129866615326
PSAT1P4,0.007949055223494409
RP4-761J14.8,0.007948689111142208
RP11-707M3.3,0.007948640956391431
KDM7A,0.007948272197446232
RP4-575N6.2,0.007948034269867881
GNG13,0.007948010737676188
RPS29,0.007947722812908276
NPM1P22,0.007947300442796833
RP11-793H13.10,0.007947290097585718
RPL10P8,0.00794712160518562
FOXL2,0.007946706549880701
PYDC1,0.00794669078711115
RP11-434C1.4,0.00794648444152356
RP11-543B16.1,0.007946257230691069
RP3-500L14.2,0.007946182455180488
RPS29P3,0.007946170999877867
GGACT,0.007945752216842359
TPT1P6,0.007945692021179408
PLEK2,0.007944869126453544
RP11-324I22.4,0.007944601446813717
RP11-477H21.2,0.007943891447972145
RPL34P34,0.007943628239453744
RP11-33N14.5,0.007943192794090498
RP11-218E20.3,0.007942850665457217
RP3-481A17.1,0.007942818151095793
SPATA42,0.00794249111684908
KCNJ3,0.007942270665407163
LINC00472,0.007942170102620277
RP4-798A17.5,0.00794195733882506
AC016700.5,0.007941892150873004
RPL39P5,0.007941614304466268
PHBP1,0.007941047394566868
CTD-2574D22.2,0.007940596903750378
RP11-3K24.1,0.007940534331488521
CCDC85A,0.007940400365320873
NRARP,0.007940238435913592
AD000671.6,0.007939130055441791
EIF4EBP3,0.007939026275298649
AC009542.2,0.007938984055858758
RP11-677N16.1,0.007938806620530224
KIF4B,0.0079383301521009
CTC-546K23.1,0.007938166919326643
RP11-114F3.2,0.00793776468063707
RP11-467L13.7,0.00793764741290802
ALG1L8P,0.007937614017964124
MIR99AHG,0.007937358768708958
AC093724.2,0.007937071068343012
RP11-166P13.3,0.00793681589141599
U3,0.007935886035850614
TCEAL3,0.007935643962398773
RP1-182O16.1,0.007935617984245084
RP13-516M14.8,0.007935359917110613
GYG1P1,0.007934860610897487
CTD-2290P7.1,0.007934199224147644
RP11-399H11.2,0.007933881484814144
RP4-545L17.11,0.007933674295830037
ARF4-AS1,0.007933501613657603
ATP5LP3,0.007932947573476363
RP11-30K9.1,0.007932308015192166
TCTEX1D2,0.007932220420293424
MYL12BP2,0.007932131902606642
RP11-941H19.2,0.007932106525565846
AC090602.2,0.007931556359578049
RP11-972P1.11,0.007931260867927135
TMEM216,0.007930949263014889
RP11-283C24.1,0.007930636590438347
CTD-2530N21.4,0.007930571563249913
SIAH3,0.007930560493874039
TMEM220-AS1,0.007930250131391056
RP11-653B10.1,0.007929570830801022
RP4-796I17.5,0.007929062908649103
RPL5P22,0.007928566361733572
AC093627.10,0.007928458836977926
RPL7P16,0.007928439632888097
RP11-366M4.17,0.00792819969631376
GLUD1,0.00792806841082602
FAM19A1,0.007927504379937424
CARD8-AS1,0.007927469363473048
LINC01333,0.00792737874502428
CH507-154B10.2,0.007927021398604996
HIST2H2BE,0.007926387252145225
RPS10P27,0.007925431693213168
SH3GL2,0.00792533784523647
LINC-PINT,0.007925255103118369
RP11-739L10.1,0.007925073708221056
GLDC,0.007924374962222393
AC019181.3,0.007924326075340944
RP11-700P18.2,0.007924304238218556
RP11-253E3.1,0.007924299930028798
TEN1-CDK3,0.007924205907581151
GNRH1,0.00792403562658516
EPHB3,0.00792388268873481
CAMK1G,0.007923716392308745
CYCSP45,0.007923470215893352
AC141586.5,0.007923445002760028
RP11-826N14.2,0.007923169732040353
RP11-439A17.4,0.00792314485854178
SNHG5,0.007923132129699847
ADO,0.007923089318603613
CLEC14A,0.00792298072273451
AC027601.1,0.007922452776321117
LYG1,0.007921551614612473
NEURL1,0.007921394861976903
MYSM1,0.007921055327226208
AC104532.2,0.007920920950791213
THOC3,0.00792082985094398
RP11-447D11.3,0.007920648992338625
NDUFB9,0.00792059394967793
NEFL,0.007920301257723951
RP11-343N15.2,0.007919689379490396
STON1,0.0079194215406732
CH507-24F1.2,0.007919400231203313
RP11-182J1.18,0.007919086450283188
RP11-274B21.13,0.00791843462509478
RP11-715J22.1,0.007918253611489475
RP11-53B2.6,0.007917848283093358
CTC-552D5.1,0.007917610760791357
RP11-473J6.1,0.007917260862903454
AC142528.1,0.007915993855874015
CIRBP-AS1,0.00791585543596495
AC009120.6,0.007915808108721771
RP11-2K6.1,0.007915742757213653
RP13-753N3.1,0.00791524287453383
SNORA33,0.007915139105844274
PSAT1P1,0.007914924081813816
EEF1A1P15,0.007913504252151787
KCNS2,0.007913500994436792
RP11-461L13.5,0.007913147324567486
PRRG2,0.007913117642544145
LIN28B-AS1,0.007913015985123695
RP4-669K10.8,0.007912677655186526
CTB-187L3.1,0.007912585166119548
ATP5L2,0.007912251595687567
RPS19P7,0.007911731733721871
RP11-552O4.2,0.007911615981621673
VWA7,0.00791156725658258
CTD-2196E14.3,0.007911484309249569
RP11-709P2.1,0.007911320057003686
LINC00507,0.007910999543187358
CDK6,0.007910016586696702
AGT,0.00790995779472846
CTD-2012J19.2,0.00790978146170325
PPIAL4G,0.00790919155567095
MT-TW,0.00790912062758444
RP11-131M11.2,0.007908946370685562
RP11-333E13.4,0.007908135209586942
RP11-173A6.2,0.007908107945709657
RP11-389O22.4,0.007907853951944882
RP11-353H3.1,0.007907654230905729
FTCDNL1,0.007907543858815704
ACTBP14,0.00790743373869571
RP11-384M20.1,0.007907420318205597
IGFBP4,0.007907252555346795
SYT13,0.007907232352096784
C1QBPP2,0.007907132193403008
CTD-2060C23.1,0.007907117980655982
IKBKE,0.007907013948260882
PCDHGB8P,0.007906988407437721
RPL9P3,0.007906877954565716
TLCD2,0.007906615561093958
TMEM86A,0.007905917538871378
RP11-108K14.12,0.007905438720163116
PRDX3P2,0.007905431947222397
ADAP2,0.00790526710326902
AK4P3,0.007904968596295815
DTX2P1,0.007904817333683072
RN7SL832P,0.007903742807117907
HMGA1P3,0.00790374164809464
AC114776.1,0.007903740959877744
AC026202.3,0.007903335645222088
NDUFA2,0.007903057706597078
RP11-218E20.5,0.007902992180495012
EIF4A1P8,0.007902737623320723
AC008746.5,0.007902483155862264
NPM1P25,0.007902121944413844
RP11-864J10.4,0.007901831815733285
CTD-2061E19.1,0.007901773402840965
SAYSD1,0.00790171627545811
RP11-814P5.1,0.00790166789256188
RP11-123C21.1,0.00790120350759463
HSPB1,0.007901116644926319
RP11-274B21.2,0.007900997385194432
PPIAL4C,0.00790042775580088
CRYM,0.00789994976839049
RP11-568J23.1,0.007899867777739237
CTD-3222D19.9,0.007899717194291386
KLF9,0.007899708747867405
RAB20,0.007899635223840335
CTC-543D15.3,0.007899320505652806
FOXG1-AS1,0.00789896283059743
RP11-75A9.3,0.007898203773024014
RP11-631N16.2,0.007897516641062254
RP11-734E19.1,0.007897392664913556
SPTLC1P1,0.00789696390794989
SMIM10L2B,0.007896834514543405
RPL31P11,0.00789672267606047
RPL34-AS1,0.007895921379883656
BCL2L2-PABPN1,0.007895787682750196
CTB-47B8.1,0.007895745882707703
AC016712.2,0.007895726456256556
SENP3-EIF4A1,0.007895725760865634
LINC01431,0.007895621322737176
TNFRSF21,0.007895219250304125
RP11-1084A12.1,0.00789518832082311
CPNE6,0.007895172278396922
RP11-589C21.6,0.007894531219477566
RP11-405L18.4,0.007894345286605419
GSDMD,0.007894067498219314
RP11-771F20.1,0.007894006583226478
OSBPL11,0.007893935213866408
AC007204.2,0.007893900388210948
SEPT7P8,0.007893815503949594
ATP5G2P1,0.007893400140854791
TMEM253,0.007893350541063807
GOLGA8N,0.007893160272308564
RP11-471B22.3,0.00789287693763551
RPL7P13,0.007892792307843054
RP11-21L23.3,0.007892779175511587
AC002310.14,0.00789246767720478
RP11-140K17.3,0.00789226255501482
RP11-545E17.3,0.007892156940623108
RP11-90B9.3,0.007892062498520492
RPS4XP20,0.007892056605095026
CREG2,0.007891470040593008
RP11-12G12.7,0.007890943235365036
P2RX5-TAX1BP3,0.007890895208480533
GLULP4,0.007890512179596123
FAM71F2,0.007890187509677486
RP11-270C12.3,0.007890044588256762
SLC17A7,0.007889123612158242
LCAT,0.007888950318544169
RPL23AP12,0.007888719216080958
ITPKA,0.00788868443613565
ADAMTS5,0.007888580209606672
CTB-129P6.11,0.007888054596977239
VIM-AS1,0.007887570494097763
CTB-32O4.2,0.007886990913867182
RP11-624C23.1,0.007886957786305875
RP11-29P20.1,0.007886565696005595
MIRLET7DHG,0.007886424798469582
CHST3,0.007886046031474027
RP11-486G15.1,0.00788599579099824
RP11-76C10.2,0.007885415816739454
AC002310.17,0.007884376405881641
GJA4,0.007883793609992024
RP11-295K3.1,0.007883494201016349
RP11-396C23.4,0.00788315154251929
ALG1L10P,0.00788301178468917
FDX1P1,0.007882478660452212
LINGO2,0.007882100836407127
AC092597.3,0.007881740347715889
LL0XNC01-16G2.1,0.00788148314233267
CTD-2313J17.5,0.007881225237889956
RP11-448G15.3,0.00788112244782219
GAL3ST3,0.00788090442895307
IQCJ,0.007880851968892478
RP11-320H14.1,0.007880198925246223
RP11-215G15.4,0.007879982898749058
RP11-2C24.4,0.007879809625568788
TMEM110-MUSTN1,0.007879720685545656
RAET1K,0.007879542654852906
SMIM10,0.00787922685374873
CKMT1B,0.007879129492510805
RP11-757H14.2,0.007878999420523407
RP11-504G3.2,0.007878902227993265
SLC8A1-AS1,0.007878703915909111
RP13-514E23.1,0.00787865012331691
P2RY1,0.007878628091781326
RP11-148K1.12,0.007878611610537932
RPL7P15,0.007878606402887206
RPL36AP26,0.007878406187426605
ARL4AP5,0.007877796162690938
RP4-800G7.1,0.007877587079407545
CYP4F26P,0.007877282904270711
RP11-342F17.1,0.007876800042492825
RP11-185E8.2,0.007876691562038301
MIR331,0.007876344838657982
CTD-2349P21.9,0.00787631306594444
QRFP,0.00787628482853835
RP11-466F5.9,0.007876036494274844
GAPDHP27,0.007875725339380071
PARG,0.007874896198830776
RPL12P32,0.007874728468279104
ATXN2-AS,0.007874636042080043
RP11-79P5.3,0.007874623333743381
LINC01347,0.007874578279830164
SLC26A2,0.007874380647791081
ABCG4,0.007874181148475634
RNU6-510P,0.007873985216566222
CTD-3001H11.2,0.007872854044844238
CYP46A1,0.007872819744381362
HNRNPCP8,0.007872687230233637
TMEM31,0.007872124110957083
AC005775.2,0.007872054271099455
RIMS3,0.007872015732136922
GPSM3,0.007872015691318157
FAM111B,0.007871232457107403
CTD-2587H24.14,0.00787068760347431
AMER3,0.007870306986324732
RP13-15M17.1,0.007870271698331127
RP11-711D18.2,0.00786984618283373
RP11-112N23.1,0.007869841352275534
VTI1BP2,0.007869588845905967
CTD-2024P10.2,0.007869436837615042
TSPAN12,0.00786803778908612
LINC00899,0.007867686964147295
RP11-436K8.1,0.007867598252612573
AC009413.2,0.007867188037039344
RPL34P6,0.00786717890419477
RP11-178L8.7,0.00786710511274099
ICAM5,0.007867012164542874
DBIP1,0.00786680735936259
HMGN5,0.007866778309056204
RP1-102E24.10,0.007866557931489849
HNRNPA1P67,0.007866459434691357
RP3-406P24.5,0.007866203593236445
RP11-835E18.5,0.00786618616197491
RP11-298I3.4,0.007865982906672795
RPSAP46,0.007865063677655324
CD81-AS1,0.00786503425546083
ARL5B,0.007864969602548979
PIGUP1,0.007864761109566935
AC133785.1,0.007864687752329494
GPR75,0.007864567596322019
RP11-769O8.1,0.007864517323799036
RP5-1061H20.4,0.007864236318207405
RP11-126L15.4,0.007863976531821007
PROB1,0.007863673467561302
RP11-434H6.6,0.007863656447668933
CTA-292E10.6,0.007862496855749282
LINC01311,0.00786245812505843
CTD-2299N12.1,0.007862154718723301
RP11-81A1.6,0.00786090634939059
AC096669.2,0.007860887020550331
RAB3C,0.007860819660819569
RP11-262D11.2,0.00786075103559596
ZNF878,0.007860712055683929
AC004129.9,0.007860661244988151
CTC-512J14.5,0.007859734969685488
RP11-903H12.5,0.007859731210873666
RP11-158M2.4,0.007859522129893494
EIF4BP9,0.007858754493564176
RP5-991G20.2,0.007858551666523992
CEP19,0.00785848100659405
AC017079.4,0.007858176118993074
CTD-2142D14.1,0.007857687481842972
CTC-453G23.7,0.007857308396275763
TMEM231,0.007856136725147483
BRD7P5,0.007855517768730674
RP11-51L5.2,0.007855481508105002
COX11P1,0.007855303059670204
ADRB3,0.00785525468293787
RP5-902P8.12,0.00785467851082233
RASAL2-AS1,0.007854620279941616
ZIM2-AS1,0.007854230980824354
THSD4-AS1,0.007854219378269968
AC068282.3,0.007854186231190727
CA2,0.007853921938200044
MED31,0.007853573682373717
RAD51-AS1,0.007853445965583713
WDFY3-AS2,0.007853094482057866
ATP5J2,0.00785191555285633
RP11-552F3.9,0.007851829396249182
CTD-2537I9.18,0.007851817324194868
ZNF503-AS1,0.007851541038019227
RP11-178F10.3,0.007851376692277728
RP1-308E4.1,0.007851270189706664
UBE2T,0.007851149020559063
ABRACL,0.007850745645010204
TMEM92,0.007850649021937791
RP11-48B3.3,0.007850546955239889
GNG3,0.007850526803755597
GAPDHP55,0.007850458731953804
HIF1A-AS1,0.007850278737263856
RP11-346M5.1,0.00785024699655059
PTMAP1,0.007850196337191983
UBE3AP2,0.00784984700848189
DIO1,0.007849688532572698
LINC00969,0.007848981323945124
RP11-76C10.4,0.007848920373220703
RP11-766N7.3,0.007848846276100543
AL590762.6,0.007848534398238122
FRMPD4-AS1,0.007847867094181366
RP11-849I19.1,0.007847700574815857
CD93,0.007847585907236157
MEIS3P1,0.007847093117292578
RP11-87E22.2,0.007846955947200872
AC104306.1,0.007846884794384227
CTD-2331H12.5,0.007846866309799562
IPO5P1,0.007846701904441129
CRYBG3,0.007845123878607018
PDCL3P4,0.007845000008716456
FTH1P21,0.007844596801483817
PSMB8,0.007844584054865253
PTRHD1,0.007844394411478524
KCNE3,0.007844313684074927
RP11-126F18.2,0.007844059192123097
GPR149,0.00784387440721237
RPL23AP38,0.007843158028184324
RP11-163O19.3,0.007843156159510539
FHDC1,0.007843080482951504
STX11,0.007842088688931265
RP11-967K21.1,0.007842087319165799
RP5-1028L10.1,0.007841668950499536
CKS1BP7,0.007841255521073452
EMP3,0.00784092220128808
RP1-288L1.5,0.007840824474184292
MYL12AP1,0.007840802573510766
RP11-481J2.3,0.007840436433250738
CDKN2AIPNL,0.007840191035379614
HES6,0.007840103283842994
RP11-184A2.2,0.007839604228924386
RPS2P1,0.007839512427841021
AC005740.6,0.007839473094632591
HLA-E,0.00783895152366365
GS1-72M22.1,0.007838416304675388
LINC00654,0.007838345802114864
RP11-554F20.1,0.00783640256558803
GAPDHP25,0.007836362819442796
HNRNPA3P11,0.007836350139272955
AC000068.5,0.007835619724665585
ZNF296,0.007835443828882516
KLHL7-AS1,0.007834289843676184
FUNDC2P2,0.007834224695142973
CTD-2267D19.1,0.007833179758589081
HTR5A,0.007832722831817738
TSKU,0.00783272241022792
TMEM198,0.007831778787354212
RP11-325E14.5,0.007831725560908366
CTA-963H5.5,0.00783115100294495
COX14,0.007830952087222709
FAM72C,0.007830602317167302
RPL21P4,0.007830592105232924
INHBB,0.007830517632895634
GZMM,0.007830469062827805
EHD4,0.007830312135039484
LINC01563,0.00783022443482517
ACTR3P2,0.007829994843779742
RP11-478B9.3,0.007829158431954142
RP11-272G22.3,0.007828884384535986
RP11-325K4.3,0.007828787871356596
OSTCP2,0.00782844069116901
RP11-447M12.2,0.007828318299615765
RP11-125H8.1,0.007828292042947767
AC016700.6,0.00782823634761879
RP11-419L20.2,0.007828164010660705
CTC-490E21.11,0.00782802057213373
COX6A1,0.007827939062508399
RP11-479O9.3,0.00782782487254235
SERPINH1P1,0.007827526179956374
CTD-2547G23.4,0.007827485554572002
RP11-318E3.9,0.007827350340762746
LINC01114,0.007827036454094854
AC093620.5,0.007826946535882642
CTD-2248H3.1,0.007826821223021262
RP3-326L13.2,0.007826766258420517
TMSB4XP4,0.0078264417504985
RPL30P14,0.007826130194380936
RP11-109N23.4,0.00782578151088868
RP11-51J9.5,0.007825549648310675
RPL7P52,0.007825453192360875
RP11-131L23.1,0.007825417380950696
SYNPR,0.007824954495095193
RP11-490D19.8,0.007824553027861145
RPL9P28,0.007824307706943397
AC016691.2,0.007823841554990954
POLR2L,0.007822689286292742
AKAIN1,0.0078221050515733
RPL12P42,0.007822037635708195
RP11-10O17.3,0.007822008510154185
GPR146,0.007821120763945937
LOR,0.007820870535164458
C8orf48,0.007820475739117108
PALMD,0.007820361754042849
Metazoa_SRP,0.007820342186801768
HAUS1P1,0.007820179281927478
ZNF594,0.007820069055898793
RPS7P15,0.007819298310359954
KCTD16,0.007818357427108161
NALT1,0.007818178564967295
EHHADH,0.007817731160890719
RP11-114H7.1,0.007817665326834282
RP11-717F1.2,0.007817653634213228
RP11-350E12.5,0.007817510205211353
AC007016.3,0.007817430139430702
RP11-256I23.2,0.007817379602841809
RP11-274H2.5,0.007817228744790962
ITGB1BP2,0.007816845975198853
AC061961.2,0.007816631777104555
MARCH11,0.007816404766107388
RP11-565P22.6,0.00781586582277758
RN7SKP269,0.007815819389200887
NDUFB7,0.00781538342221673
PSMB1,0.00781434991391438
RP11-244H3.4,0.007814300060654809
DHRS3,0.007813324095730444
CTB-92J24.2,0.007812446150671137
RP11-32K4.1,0.00781238175301445
SPRY3,0.007811891230303157
VN1R81P,0.007811666058211235
HNRNPA3P4,0.007811237882320624
AC004453.8,0.007810597496949817
HNRNPA1P1,0.007810320421082503
RP11-255C15.3,0.007809946718559944
ZNF770,0.007809657055994223
RP11-33B1.4,0.00780960397312575
SCN2B,0.007809279704706586
CTA-29F11.1,0.007808977283287776
TCIRG1,0.007808970234705683
AL358852.1,0.007808909539968628
RPS7P8,0.007808866472481417
RP11-318A15.2,0.007808807013056536
SLC32A1,0.00780860565790902
SNORD99,0.0078082086426255635
LINC01516,0.007808127178852175
NBPF2P,0.007808053433680206
AC098826.5,0.00780771162066755
STBD1,0.007807125613897029
RPARP-AS1,0.007806567984198713
UCP2,0.007806465978325248
RP11-302F12.2,0.0078058612844753685
RP1-313I6.12,0.00780493366221379
AP000487.6,0.007804630275003545
RP11-513D4.1,0.007804573245869116
AC145343.2,0.007804507092726282
LINC01355,0.0078040927245759985
RP11-26H16.1,0.007804037881465065
C17orf107,0.007802970725223385
AKAP5,0.007802955886602874
RP1-130G2.1,0.007802750922800516
RP11-864G5.1,0.0078026784791516675
PRSS3P4,0.007802610567318527
TCP11L2,0.007801918647927757
AC018804.6,0.007801819182351802
RP5-855D21.1,0.00780128473382615
RP11-455F5.3,0.007801204032122168
SENCR,0.0078007980756797
CCDC157,0.0078002933447448245
IRAK2,0.0078000387657587945
CYCSP10,0.007800021761866396
FAM86HP,0.007799749678810653
FNDC4,0.007799218000877458
RP11-435J9.2,0.007799205799777184
HIGD1AP14,0.0077990050040969965
AC109333.10,0.007798832332095126
C4orf48,0.007798795741153333
RPL31,0.007798745034449501
RP1-12G14.7,0.007798343833421585
ARHGEF15,0.007798151532097714
RP11-438B23.2,0.007797586239407524
RBP1,0.007797425225337984
C2orf16,0.007797348604983045
CTC-498J12.1,0.0077967961577259555
NCAPD2P1,0.007796795653150769
CTC-529I10.2,0.007796783894783683
RP11-803B1.8,0.00779671142367341
CTD-2368P22.1,0.007796671253733408
CBLN2,0.007796651968453112
LINC01160,0.007796428579091568
RP5-1125A11.7,0.0077956730412412556
RP11-143J12.3,0.007795255927531757
RP11-727A23.7,0.007795162119249521
RP11-93B14.9,0.007794681598060986
RP11-428L21.2,0.007794604818952758
THAP5P1,0.007794581609449458
RP4-595K12.1,0.0077945266685577625
CTB-50L17.16,0.007794184149033658
RP11-814H16.2,0.007794023691655795
SMG1P1,0.007793723741902051
RP11-463C14.1,0.007793074189542896
HIST1H4I,0.007793013527697587
SPSB4,0.007792470790443352
TTC25,0.0077924661591708645
RP11-562L8.1,0.0077923150287902716
RPL3L,0.007792230470964584
HSPE1P5,0.007791782970595047
RP11-83N9.5,0.007791752515183928
IFI44,0.007791690085777568
LL0XNC01-250H12.3,0.007791575159319418
RTCA-AS1,0.0077913934375535635
FAM105A,0.007790928241042965
LDHAP7,0.007790233664482921
AC009950.2,0.007790028893152047
AC027612.1,0.007789959463399704
RP5-1180C18.1,0.007789952904970438
AC010729.1,0.007789948322392289
RP11-715J22.6,0.007789583320170876
ATOH7,0.007789572829039608
CTD-2267D19.4,0.007789449636963486
LINC00592,0.0077893875224234275
RP13-36G14.3,0.00778912683973331
RP11-108L7.15,0.007789094525425695
RPL12P12,0.007788895373446417
FAM198A,0.007788767387195326
RPS27P15,0.0077883297481529
TMEM86B,0.007788091982118455
RP11-7G12.1,0.007787939529285753
COX6B1P1,0.007787866206402054
INTS4P2,0.007787463237575087
SALL3,0.007787290104943326
RNU6-925P,0.007787158064511772
RP11-13K12.5,0.007786856224082434
CTC-548K16.2,0.007786772180451965
CDC42P4,0.007786479213541652
CD248,0.007786283580740311
MT-TV,0.007785839281601513
FKBP1AP1,0.007785788182278955
RP11-467K18.2,0.007785786674683286
BNIP3P17,0.007785669805480237
COQ3,0.007785431450950642
SH2B3,0.007785344529733987
RP11-612B6.2,0.007785185099919973
HSD17B8,0.007784779269823075
RP11-17E3.1,0.007784562726933772
RP4-809F18.1,0.0077845579991393824
RP11-383G10.3,0.007784515235245752
PNMA3,0.007784442390360113
LINC00961,0.007784118490767828
NPIPB9,0.007783765086296498
HMGB2P1,0.007783351257420121
AC007405.6,0.0077830399470867635
KCNB2,0.00778302444441771
TEX21P,0.007782783572470853
RP11-876N24.1,0.007782240068522195
GJA1P1,0.00778210215191132
CTD-2023N9.3,0.007781591876812948
TEN1,0.007781575254683727
RPL34P27,0.007781558675989391
HSP90AA6P,0.007780917051018847
RP11-680A11.5,0.00778088303214848
RP11-15E18.1,0.007780739241207849
MPC2,0.007780708926487155
STRADBP1,0.0077806136120717115
RP11-158M2.3,0.007780203244091391
RP11-640N20.4,0.007780005763854939
SYNGR2,0.007779737175615779
FLJ31104,0.007779574189899986
PHLDA3,0.007779078897244577
CYSRT1,0.0077790152782240265
RP11-755B10.3,0.007778985107531501
ADSS,0.00777867477845058
GOLGA2P7,0.007778343967081144
CTD-2527I21.4,0.007778244139016217
HNRNPA1P63,0.007777603764812736
ARPC3P5,0.007777556160348414
RP5-1119A7.17,0.007777551816911755
CTD-3222D19.8,0.007777491039950117
FOXO1B,0.007777453871907328
RP11-46A10.5,0.007777245758258784
RP11-481J2.4,0.007777195971374585
RPL13P12,0.007776973199260825
ALG1L12P,0.007776797265648069
RP11-50D9.1,0.007776449116433537
ATP5J2P5,0.007776411985850172
RP1-286D6.5,0.007775886337962694
SNORD7,0.007775493517040069
CTD-2290C23.1,0.007775479895585462
LRFN3,0.007775228739491835
GRIN3A,0.007775180359662618
PMP2,0.007774979410861151
RP11-88E10.5,0.007774747246673201
RP11-400K9.1,0.007774602604008922
STARD10,0.007774500986830198
RP11-284F21.10,0.007774452099328375
AC010492.2,0.007774297842734426
CHRNB3,0.007774177742578152
RP1-267L14.6,0.007773947119281409
RP11-1379J22.2,0.007773898594300825
DPY19L1P1,0.0077738571732862615
ATP6V1E1P1,0.0077730453929916255
RP11-531F16.4,0.007772204233865593
RP11-563J2.2,0.007772144297132455
RP11-505K9.1,0.007771940087347969
AC021188.4,0.007771694110479141
RP11-45P15.4,0.007771630651977284
AC005534.8,0.00777154717253148
CTD-2650P22.2,0.00777154664407243
NHP2P2,0.007770728013079692
RP11-2E11.6,0.007770536067201787
CH17-437K3.1,0.007770468562676293
HRH4,0.007770201752294982
RPS20P2,0.007770144296908728
RP11-228M15.1,0.007770080392549469
ISL2,0.007769962857007715
CENPW,0.0077697215978194635
RP4-612B18.1,0.00776951639730766
RP1-140J1.4,0.007769399666213691
RPL5P5,0.007769298066659385
APOBEC3G,0.007768029915032105
ZNF705A,0.007767900487621986
N4BP2L2-IT2,0.007767888938400599
GNGT2,0.007767621671581791
CECR5-AS1,0.007767221552000588
RP11-293A21.1,0.007765777936693719
RDH5,0.007765604003574812
ZNF229,0.007765395383047506
RP11-264B17.3,0.007765169434249017
FLJ21408,0.007765093068024615
HPCA,0.00776492878812158
FAM103A2P,0.007764449407491049
RP11-24M17.3,0.0077641547598473
AC123886.2,0.007764099332140904
RP11-15B17.1,0.007763927247799592
TMEM256,0.007763568852816454
RPL35AP21,0.007763549664525525
RTEL1,0.007763300149662314
RRAS,0.007763145338149661
RP1-181J22.1,0.007762347421390996
RP11-677M14.2,0.007761998721235598
SYP,0.007761790214306726
NAP1L2,0.007761549903860606
RP11-226L15.1,0.007761528149579927
AC004076.9,0.007761199879949865
WSCD2,0.007760657019897077
RN7SL585P,0.0077605297042127605
CSPG4P10,0.007760310063857477
PDCD4-AS1,0.007760184507633535
SOX15,0.007759835915304282
SHFM1P1,0.007759834763798622
RPS3A,0.007759806644929342
MTFP1,0.007758791927784462
FAM168A,0.007758696397313858
ZFP69,0.007758534971105777
LINC00888,0.00775833159574952
LIMD2,0.007757398356364595
RP11-1072A3.3,0.0077573458455782295
FAM173A,0.007756546096955
RP11-474I16.8,0.007756469406800032
FGFBP3,0.00775631187251422
CDC20P1,0.007756170648420429
RP11-363E6.4,0.007755715726948911
AC008074.1,0.0077552898362109116
LA16c-306E5.2,0.007754932057002529
PSMA6P2,0.0077541789719356114
LINC00664,0.007753973136075316
CSTF2T,0.007753783187093613
STARD6,0.007753485232689764
AP000692.9,0.007753447638113027
EP300-AS1,0.007752747615581407
CUL7,0.007752234433400898
XXbac-BPG248L24.12,0.007751517170472869
DHX40P1,0.007751405746754543
CITED2,0.0077509864372973195
CTD-2063L20.1,0.007750391852648145
CCDC167,0.007750173240670034
CYP4X1,0.007749754781348157
RNU6-516P,0.007749540668088532
BACH1-IT1,0.007749030090797452
FSHB,0.007748663517146604
RP11-958J22.1,0.007748229720695625
RP11-304F15.3,0.007747976557373226
RABIF,0.00774772239731029
MICB,0.007747646597147218
RP3-394A18.1,0.007747569625323425
NGB,0.0077471440922728734
RSL24D1P11,0.007746270684869249
AC002398.9,0.007746164854141113
RP4-564O4.1,0.007746149348901674
GAPDHP46,0.007746029961300296
CTD-2017D11.2,0.007745726001839329
RP11-379B18.5,0.007745279063141396
GMCL1P1,0.00774524415163486
RP11-521B24.3,0.00774511211032241
RP11-326G21.1,0.00774468425321935
FNTAP2,0.007744589363050238
HNRNPA1P62,0.007744438318039223
PIP5K1P1,0.007744381029179269
PAUPAR,0.007743056641289164
SPDYE21P,0.007742632049259736
RFX3-AS1,0.007742229540590839
CDC37L1-AS1,0.007741839520164626
RNU6-722P,0.007741665809640756
NEFH,0.007741549803697653
TCF7L1,0.007741394770570541
ASS1P2,0.007741188446657362
CREBL2,0.0077409203493334555
MTX1P1,0.0077407409406633175
MORF4L2-AS1,0.007740424747402484
AC098820.3,0.007740389246741359
RP11-544I20.2,0.007740293822781557
RP11-713M15.2,0.007739316629861339
C1orf106,0.007739272018355551
PTPN2P1,0.007739228553450733
HMGN2P25,0.00773815778047323
RP5-1024N4.5,0.007738155275023753
SETP12,0.007737645956980487
GIMAP4,0.007737520488602853
RP11-380N8.7,0.007737342423549887
RP13-131K19.6,0.007737310935833096
RP11-79E3.2,0.00773728140547731
SOWAHA,0.007737086552497036
RP11-562A8.4,0.007736441561193581
RP11-416N13.1,0.00773580350932682
RP11-157F20.1,0.00773528216052943
RP11-533F5.2,0.007734251106757844
RP11-481J2.2,0.007734249055035528
LINC00116,0.0077326952209830525
RPL15P20,0.007732548706544553
PPIAP30,0.007732367928170551
DYNLL1P7,0.007731333619908764
RP11-264B17.4,0.007731323848624218
RP11-277B15.3,0.007731217293404564
GNG12-AS1,0.007730974237385709
RP11-327P2.7,0.007730513392459463
RP11-7F17.1,0.007730442819395559
CXCR4,0.00773025367699213
MIR770,0.007730137531560812
RPL21P132,0.0077298665992998
RP11-578C11.2,0.007729725368814538
RP11-621K7.1,0.007729437907621111
RPL10P7,0.007729301002026435
RP11-50C13.1,0.007729155857268402
SHC2,0.007728726485873559
CALM2P4,0.0077282834891731315
RP1-151F17.2,0.0077278879230939235
AF240627.2,0.0077278593476614605
TMPRSS5,0.007727776430660587
HSD17B14,0.0077275428458929134
RP11-274B21.3,0.00772744749742295
RP11-505K9.5,0.007727085377019965
AC091878.1,0.007726600731274616
C16orf54,0.007726139131109127
COX5AP2,0.00772607698352564
FRRS1L,0.007725818646126034
U2AF1L5,0.007725550761167907
CTD-2616J11.9,0.0077253492231530154
BMPR1B,0.00772526492212678
RP11-111A22.1,0.00772478524379862
AC073410.1,0.007724727796481198
VDAC1P4,0.007724603217730651
KCNH3,0.007724216280979412
RP11-147I3.1,0.0077240660331138605
RP11-464F9.20,0.007723705010493811
RP5-906C1.1,0.007723602862179407
ZNF681,0.007723588105573671
GPR19,0.007723341333265015
RP11-458F8.1,0.007723043048495336
FAM149B1P1,0.007722756785542228
UBAC2-AS1,0.007722544954625468
CTA-989H11.1,0.007722503456295566
BRCC3P1,0.007722272625300942
RP11-762I7.4,0.007722005193330465
RP11-401F2.3,0.007721097140325018
HNRNPA1P42,0.007720584768432289
RP11-819M15.1,0.007720262810281148
AC093698.1,0.007720061741083752
RP11-231P20.6,0.007720058682182218
RPS20P4,0.007719987683857925
RP11-540B6.2,0.007719814681522284
APOOP5,0.007719663391490206
CHPT1,0.007719546119205185
RP11-1096G20.5,0.0077194714592270595
HIST1H3E,0.007718815121806835
KLF11,0.007718788357645529
RP11-271K11.5,0.007718726189193648
CH17-431G21.1,0.0077176325807210315
NPC2,0.007717611928773244
ENO1-AS1,0.00771736563900522
POM121B,0.007717331591531066
ST8SIA3,0.007717106273769196
CH17-258A22.4,0.007717007135796901
RP11-539L10.3,0.00771673821930893
RP11-621L6.2,0.007716645913802193
SCDP1,0.0077165727526192825
RP11-46H11.11,0.007716464164774351
DRD1,0.007716278923008517
RAB30,0.007715956282816366
RNASE10,0.007715943385384253
RPS3AP34,0.007715912307432309
PKD1P6-NPIPP1,0.007715201418845275
RP11-1334A24.6,0.00771435570090048
RP11-791G16.2,0.007713733390374289
RP11-489E7.4,0.00771358684359535
AC138517.4,0.00771357843309252
CRIPAK,0.00771347300440175
RP5-828K20.1,0.007713465944387581
RP11-151F5.2,0.007713120102169073
CTB-5E10.3,0.007713062483310433
RP11-307C12.11,0.0077126298150927185
SRPK2P,0.00771248939611845
BCAM,0.007711458658565087
RPL35P9,0.007710870020380743
RP11-857B24.3,0.0077108043247398304
RP4-622L5.7,0.00771069639334375
PFN1P2,0.007710480255253524
PHBP10,0.007710232267576566
OSTCP4,0.0077099949496767595
INHBA-AS1,0.007709961392656282
TTC22,0.0077096551372624385
RP11-876N24.5,0.007709363569230534
SNORA3B,0.007708956561497607
RP3-329A5.8,0.007708908936648124
RP11-697E2.6,0.007708792731539108
WI2-2118C23.2,0.0077087687000894686
AC068057.1,0.007708439828891805
HMGN2P15,0.00770818557823217
RP11-1258F18.1,0.0077081282107277285
AC016722.4,0.007708046505091572
WNT5A-AS1,0.007707511039326608
AC008427.2,0.007707296664981196
LINC01001,0.007707128616748644
NMNAT2,0.007706030198185392
RP11-666O2.2,0.007705916900738644
AC007405.4,0.007705367072778386
PLA2G4A,0.007705238287038616
CHTF8P1,0.0077052375676686284
PSMC1P4,0.007704668428841589
RP11-334E15.1,0.007704344501369061
AC079154.1,0.007704300235882869
RP11-465N4.5,0.007703818119068807
RPL23AP67,0.007703744687735395
LINC01351,0.007703404754782284
LINC01176,0.007703104419541262
AC073283.4,0.007703062285551669
RP11-555H23.1,0.007702984165475185
PPP1R3B,0.007702608294763833
RP11-214N9.1,0.007702544244748704
CTD-2619J13.13,0.007702396948114475
RP11-347H15.5,0.00770203151239861
RPL7L1P8,0.007701379431266311
CKMT1A,0.007700831266868385
RP3-522P13.1,0.007699624302435192
EXOSC6,0.007699265668679573
AC137934.1,0.007699018096401937
HTR1A,0.007698927596895619
RPL29P7,0.00769850443060007
CTC-251D13.1,0.0076973169648789
RP5-1097F14.1,0.007697260592356144
SLC15A3,0.007697253514155225
EXTL1,0.007696957075769827
ST13P13,0.007696258844760007
MPZL2,0.0076961664147366556
RP5-1074L1.4,0.007696006956096086
RP4-620E11.8,0.0076959519998363105
RP11-708J19.3,0.007695764449942907
RP11-136C24.3,0.007695684864160483
AC241585.1,0.007695443846575285
ATP5BP1,0.007695157506247554
PAWRP1,0.0076950757475236775
GPX1,0.007693870747593258
MIR570,0.007693803991351828
RP11-288I21.1,0.007693722128609374
RP11-462L8.1,0.007693074255472933
RHOA-IT1,0.0076930196979737905
LOH12CR2,0.007692969512647136
EIF3FP1,0.007692709406357393
PRPS1L1,0.007692692221638706
STRCP1,0.0076922756284238105
CLEC1A,0.0076922719217089874
GRID2IP,0.007691776081493702
SLC31A1P1,0.007691627132557791
CTD-2366F13.1,0.007691606398281005
IGFBP2,0.007691090470160119
SAMD9,0.007691018896964585
CSRP2,0.007690911748596813
CSTF3-AS1,0.007690775770020674
MYLK2,0.007690541325901422
AC068490.2,0.007690228849247835
FAM229B,0.007690149270763121
RP11-1007O24.2,0.007689962864653979
RAB32,0.007689470935642997
HNRNPA1P32,0.007689342553533578
HTR2C,0.007689169738271902
CTD-2290C23.2,0.0076890721030915135
ZNF404,0.00768897830505126
DOK6,0.007688531905849373
SMCO4,0.007688416683895464
ARRDC4,0.007688359764921976
TOB2P1,0.007687032775268206
RP11-351D16.3,0.007686642550363768
DCLK3,0.00768644059084796
RP11-135F9.4,0.007686142036310837
RPL12P41,0.007685113931058643
AKAP3,0.007684283791726245
AC018685.1,0.007683081902019602
ST13P10,0.007682988794761282
CAHM,0.007682967376301156
RNF138P1,0.007682623245447327
OGDHL,0.007682513822974853
RPL7P33,0.007682419727281556
TCAP,0.007681783355704529
PSMC1P3,0.007680839434434328
CTC-255N20.1,0.007680837713118585
COX20P2,0.007680438618306803
TOMM20,0.007680311623797197
RPL12P37,0.007679604212917225
MAGEE1,0.007679397226925546
RWDD2A,0.007679294011627187
CAMK4,0.007679096178370136
RP11-355F16.1,0.007678222648647325
RP11-177C12.1,0.007677370903624174
LA16c-313D11.12,0.007677222851759135
SPDYE18,0.007676833512451148
AD000864.6,0.007676709808609883
FOXC1,0.007676373499058568
JUN,0.007676065324755976
HAR1A,0.007675880961570405
RP4-728D4.2,0.007675592789054156
LRFN2,0.007675369884839277
RP11-96D1.10,0.0076749519555547995
RP11-537H15.3,0.007673812254448002
RPS3AP37,0.007673451536573721
RP1-104O17.3,0.007673429896672427
FAM163B,0.007673283718971516
RP13-650J16.1,0.007673222752073567
AC110602.1,0.007673125076284689
RPSAP1,0.007672817380150023
YTHDF3-AS1,0.007672773965040463
RP11-342M3.2,0.007671831588907486
RPL21P7,0.007671644558038924
CCKBR,0.007671396321431339
CCND2,0.007671316831056207
KCNB1,0.007670831812496606
CTD-2325P2.3,0.007670761827417126
CYBA,0.007670458268022718
SNORD46,0.007670254048145755
PTP4A2P2,0.007670036738719979
RP11-488C13.5,0.007669945232625688
HES4,0.007669856020353715
GABRA4,0.007669264316036092
AC007383.6,0.00766920219900739
CTD-2240E14.4,0.007669184151310565
RPL7P26,0.007669046635655363
TUSC8,0.007668911402294531
RP11-471L13.3,0.007668621401292933
RP11-454H13.1,0.007668615899619604
HNRNPA1P13,0.007667970217199997
CTD-2234N14.2,0.007667944462067632
RP11-95O2.1,0.007667933264676997
LINC01389,0.007667625974354799
RP11-799M12.2,0.0076675789454852625
AC097713.5,0.007667399164854167
DDX18P1,0.007667136201771198
DESI1,0.00766626546462448
LGMNP1,0.007665780365865174
BEST2,0.007665720967741268
C3orf80,0.0076656581970798885
AC009505.2,0.007665455900774578
TPT1P10,0.007665238413691051
BACH1-IT2,0.007665128037902637
ITFG1-AS1,0.007664488886070606
EBLN2,0.007664240863527159
ZFHX4-AS1,0.00766420002712877
RP11-959I15.4,0.007663768423266194
RNU6-353P,0.0076636458790607905
CTD-2006C1.12,0.0076635572938392816
LXN,0.007663319842279575
RP11-435I10.4,0.007662154148187753
RP11-15E18.5,0.007662024406491845
DENND1C,0.007661970496673118
IRS2,0.007661374558023411
DCAF4L1,0.007661299867206461
JHDM1D-AS1,0.007661113128989377
RPL39,0.007661004246904157
RP11-314N13.3,0.007658450960362922
RNF2P1,0.007658380679285622
AC006116.12,0.007658087623018798
PPP1R32,0.0076579250311388765
RPL6P30,0.007657679828757105
CTC-297N7.9,0.007657451973821732
MAB21L1,0.0076567669597067045
RP11-110I1.14,0.0076563010073133755
CTD-2550O8.7,0.00765627808033959
AC111155.1,0.0076555207720439885
RP3-400B16.1,0.00765536526579557
MAGEB17,0.007655346826823497
CTD-2319I12.10,0.007655263803855153
RNU6-945P,0.0076536735741948685
KIAA1644,0.007653558689779447
CCDC152,0.007653232823596385
GTF2IP20,0.007653202651590497
SASH3,0.007652981250421642
LA16c-429E7.1,0.00765267729062964
KLHL34,0.007651984592834402
CTD-2007L18.5,0.00765175655998533
TUBB3P1,0.007651709885984153
RPL23AP52,0.007651114600687704
AC064875.2,0.007650934279688144
RP11-96H19.1,0.007650621366193294
SLC25A5P7,0.007650573291946561
AC068657.2,0.007650011925778877
RP11-572O17.1,0.007649885551407746
TOMM34,0.007648550941362475
BTF3L4P3,0.0076482640261348045
INA,0.007648192157037761
RP11-161H23.9,0.007647919370357441
HADHAP1,0.007647862622008064
CDK3,0.007647431907831156
TBC1D22B,0.007647264415839232
SYT10,0.0076471052561205375
DNAJC19P5,0.00764687713337866
RP11-120J4.1,0.007646814342525811
SMIM3,0.0076465658338731686
RP4-764D2.1,0.0076454584927297215
RPL34P31,0.007644827855673397
HMGB1P20,0.007644781542778959
HK2P1,0.007644729169432774
RP5-1041C10.3,0.007644444775284837
RP11-55L4.1,0.007644289125044982
SGK223,0.007644231889848267
TAF9BP1,0.007643863240405124
RP11-219B4.5,0.007643833511208874
RP11-483I24.1,0.007643780988292327
HYI-AS1,0.007643551578330318
WAS,0.00764347644650638
RP11-217B1.2,0.007643412191192816
IL23A,0.007642887453189582
RP5-1125A11.6,0.007642553004385372
CTB-31O20.2,0.007642527960400911
RP11-325K4.2,0.007642412651721107
HMGB1P1,0.007642363998555445
ERICH2,0.007642274454961741
RP11-9D8.1,0.0076421959555026155
RPS12P23,0.00764205424991769
RPL17P22,0.007641848793667736
GRIK3,0.007641734022210491
HPYR1,0.007641550938588927
RP11-578O24.2,0.007641053758727454
RPS2P24,0.007640767734603004
RP11-544A12.4,0.007640742687276599
RP11-463O9.1,0.007640578893680504
RP11-815N9.2,0.007640507248324932
RP11-701I24.3,0.007640433851921579
AF196972.9,0.007640418834992347
XXbac-BPG299F13.14,0.00764030264084833
CBR3,0.007639957489517037
ZGLP1,0.007639853403274365
RPL6P25,0.007639643850097798
CLEC2L,0.007639629459550138
OR2T6,0.007639607682616249
NPM1P29,0.007639262925276399
BSN,0.007638298161238332
AC008937.3,0.007638280283914645
GPR26,0.007638113992800306
RP5-1021I20.4,0.007637963569828015
TRHDE-AS1,0.007637466474184151
TUBAP,0.007636796410797003
CBWD7,0.007636715002627928
CTD-2383M3.1,0.0076366016106954385
SCN3B,0.007636477659713778
HAUS6P3,0.007636476023272451
RP4-621N11.2,0.007636009655234493
RPL29P25,0.0076359834849269795
RP11-707M1.9,0.007635725773292223
RP11-363J20.1,0.007635535397349816
SLC25A1P5,0.007635388168599178
RP11-465N4.4,0.007635151566088772
RPS4XP19,0.0076348940016619255
RP11-707G18.1,0.0076348669189135855
PAGR1,0.007634576676722038
HNRNPA1P69,0.0076344783708901486
SCARNA12,0.0076344558745011695
CTA-445C9.14,0.007633931318583396
C1QTNF4,0.0076338945268586925
GAS1,0.0076335064039202835
RP11-813P10.2,0.007633055415774971
RP11-112N19.2,0.0076323523754261435
AC104843.3,0.007632077845939436
GFOD1,0.007630979579955973
GJD4,0.007630826673379007
MFSD3,0.007630588706697202
LBX2-AS1,0.007629917082175105
AIRN,0.007629650393600818
CTD-2095E4.3,0.007629609360610574
IGSF5,0.007628989657656648
RP5-1065J22.8,0.007628675421394916
TMEM220,0.007628579692952436
RP11-6N17.4,0.007628374303335856
RP11-46H11.12,0.007628249571637202
RP11-5P22.1,0.007628024297929991
ZNF887P,0.007627429278760361
RP11-203F10.6,0.007627374341786126
RP11-563N4.1,0.007627229059621265
C21orf62,0.007627109881379043
RPL21P2,0.007626901008603009
RP11-744I24.2,0.007626793111204543
LINC01397,0.00762660566150108
RP1-281H8.3,0.007626579114211481
AC004386.4,0.00762621596953217
LA16c-360H6.1,0.007626084836303971
UBA52P7,0.007626038632079524
PNMAL2,0.007626007342417878
SOCS5P4,0.007625453662577694
RP11-23F23.2,0.007624939183982021
MAGEA12,0.007624047556324877
FTLP3,0.007623588009698454
RP11-579D7.4,0.007623425563017017
GPX1P2,0.007623414189718736
RP11-328L11.1,0.007623223762685117
RN7SL689P,0.007623133497361223
TCERG1L,0.0076226768177042456
PIK3CG,0.007621778635670634
C1GALT1C1L,0.007621229978563163
FGL2,0.007621041948920609
SLC5A8,0.00762091813027808
CTD-2014B16.2,0.007620477875449061
RP11-43N16.4,0.007619777410993935
AC009299.5,0.007619579358261913
RP5-944M2.3,0.007619233907727054
MPV17L,0.0076191841308456045
RP11-483G21.3,0.007619157930691698
FAR2,0.007618567220796761
TUBBP9,0.0076184939521815945
RP11-500M8.7,0.00761827237314234
CAMTA1-IT1,0.007618206439950578
RP11-156E6.1,0.007618144730701891
FBXL19-AS1,0.007618100556362562
RPL3P5,0.0076178383749309075
COX4I1P1,0.00761755571198064
RP11-529F4.1,0.0076173172063699075
HK2,0.007616924541608928
WHAMMP2,0.007616824478718663
SELENOWP1,0.007616762895118535
PIK3R6,0.007615886710282
EEF1A1P34,0.0076158755414780736
RP11-355O1.7,0.0076156669003460105
HIST2H4A,0.007615540490741686
RP3-391O22.3,0.007614928253257184
ACTG1P2,0.00761435968654594
RP11-397E7.2,0.007614346446218717
PGM5P2,0.007614298834192642
ECSCR,0.0076142850661236735
RP6-191P20.4,0.007614022034915665
MT-TL2,0.007613978304911243
RP11-10N23.2,0.007613397325451046
KB-1732A1.1,0.007613149786062463
CTD-2376I4.1,0.007612199234124314
CTC-756D1.3,0.00761215873735292
RPL31P28,0.007611837664453722
RPL23AP78,0.007611569078571
RP11-799D4.4,0.007611398708254583
RP11-157F20.3,0.007611250598032313
MIR1539,0.007611004442642484
HAVCR2,0.007610548755613398
RP11-434D12.1,0.007610541076466075
RP11-727A23.4,0.007610127491744604
SOHLH1,0.007609938621899002
RP11-568J23.5,0.007609868806341832
RPL3P10,0.00760976089187838
BOP1,0.007609758119088515
CEBPA,0.007609723519691991
MT1F,0.007609410828045486
AC132008.1,0.007609290329783321
RP11-195F19.9,0.007609065736644535
PSMD12P,0.0076088959543548695
RP11-513I15.6,0.007608697070332521
MIR210HG,0.007608541238949955
NKD1,0.007608006108289555
RP4-563E14.1,0.0076079159183164696
RP11-697N18.3,0.007607564560127925
TGIF2-C20orf24,0.007607549738862199
ATP5F1P3,0.007607087586755233
RP11-603J24.5,0.007606940111316112
FOXD3-AS1,0.00760677005117229
RPSAP74,0.007606070458640654
AP000692.10,0.007605949041013402
CTD-2073O6.1,0.007605656444138985
CTC-339F2.2,0.0076053802144636215
ZBTB42,0.007605347652813536
RP3-412A9.17,0.00760527926542166
RP11-29B2.6,0.0076052709122365215
KHDRBS2,0.0076051293472738256
RP11-708J19.1,0.007604785233420052
C14orf2,0.007604477494782096
BANF1P2,0.0076044086223747845
DPP9-AS1,0.0076042590451682116
RP11-46H11.2,0.007604175596193368
MIR124-2HG,0.0076036160595063605
AC007038.7,0.007603593799384012
AC010894.3,0.007603371475610533
AC009299.2,0.007603200653150943
KRT8P36,0.007602897242774215
RP11-305F18.1,0.007602894051796703
RPL17P33,0.007602764623896087
LINC01063,0.007602586213761361
RPL17P43,0.007602582855849344
BST1,0.007602231418619228
TERF1P5,0.00760215677576345
RBMX2P5,0.007602132337636375
RP11-472M19.2,0.007601220701763107
LINC00598,0.007600714559371819
RPS15AP40,0.007600672297597424
KRT31,0.00759971329407985
AC004540.5,0.007599662013554987
RP11-36D19.9,0.007599427150131622
NPDC1,0.0075993400756310964
RP5-1085F17.3,0.0075992684602973785
KB-431C1.5,0.007599204252038879
RP11-849F2.10,0.007599088641014419
AC053503.4,0.007599058765401229
RP3-337H4.9,0.007598968341991826
TUNAR,0.0075984944888988935
RP5-1165K10.2,0.007597457573627742
FTLP17,0.007597232704098582
CARD11,0.0075972163165210875
DBIL5P2,0.007596753279068361
RP11-563H6.1,0.007596574230391564
MMRN1,0.0075964894047055
PTP4A1P7,0.007596448147685444
ZC3HAV1L,0.007596354194076429
MIR3653,0.0075963340129165
RP11-44M6.1,0.007596232589916759
RP11-540N6.1,0.007595857494542389
RPS27P23,0.007595738634886742
KCNAB3,0.0075951573670525185
RAB3D,0.007594889901289271
RP11-458F8.4,0.007594078888036264
CBWD4P,0.007593949700907189
SPATA45,0.007593685108210752
EGFL8,0.007593610718912818
NEXN-AS1,0.007593287968594865
LINC01460,0.0075931525136883685
MS4A8,0.007592991383363306
CICP14,0.007592748232834116
RP11-513M16.7,0.007592232839152637
HLA-J,0.0075917381627405075
RP11-326C3.11,0.007591586028317182
RP11-84C13.2,0.007591380565521863
RP11-295I5.3,0.007591098045208136
METTL15P1,0.007591004513265501
RP11-274B21.4,0.007590623342941096
CTD-2116N17.1,0.007590492115348505
GS1-21A4.1,0.007590471725846947
HEY2,0.007590357043071072
RP11-747H12.5,0.007590340373912425
KRT33B,0.007590321841702919
PSORS1C1,0.007589535026179814
APOBEC3C,0.007589268362330575
FAM186B,0.007589103522444538
RANP4,0.007588570174998455
RPL31P7,0.007588521701505227
HOOK1,0.007588284006646112
AC007292.3,0.007588235749448275
AUNIP,0.007588031197086591
RPL12P10,0.007587684280770861
ARL4C,0.007587626810054539
RP11-435O5.5,0.007587541996152866
MAN1B1-AS1,0.007587525576789648
RPL10P12,0.007587500075513943
HMGB3P24,0.007587204340717048
EEF1B2P7,0.007586860632983812
TMEM158,0.007586856248201787
DRD5,0.007586795387877044
RP11-444J21.2,0.00758663174211624
RPL17P26,0.007586406135783741
SETP2,0.007584781897512082
UNC5A,0.00758460648602681
RP11-715I4.1,0.00758432093242198
RPL7P37,0.007584210583827162
RP5-906A24.2,0.0075840418132213355
PTOV1-AS2,0.007584020033168217
POU4F3,0.007583660529126045
RP11-264B17.2,0.007583539765249803
TPRG1-AS1,0.007583454631527573
RP11-602N24.3,0.007582721633635125
CSPG5,0.007582017260909286
OR2W3,0.007581748755249934
RDM1,0.007581339800834961
BNIP3P27,0.007580721315823205
OR6A2,0.007580442263237248
RP11-447H19.3,0.007580260207999346
SERF1B,0.007579974445843268
RP11-715J22.4,0.0075799582087035435
AC243756.1,0.007579900362729412
PCDHGA8,0.007579544689934653
C1orf53,0.0075789404564776015
CTD-2012J19.1,0.007578926326952048
RP3-434P1.6,0.007578393068514128
RP11-313F23.4,0.007577969347915097
AC007228.9,0.0075773376830153925
RP4-794H19.1,0.007577278043462211
CTD-3157E16.2,0.007577165398273397
PDLIM1P4,0.007577113418510776
TM4SF1,0.007576696721241332
CALM1P1,0.007576032747629639
CTD-2537I9.12,0.007575968864268126
MRPL54,0.007575768940528669
ARMCX5-GPRASP2,0.0075756102412896315
RP11-90H3.2,0.007575278827908027
P3H2,0.007575166514866913
RAB7B,0.007574652951133265
RP11-475I24.3,0.007574648441185669
NBPF14,0.007574344593194403
PPIAL4F,0.0075741220641634965
RP11-345J4.5,0.007573087763892255
RP11-434B12.1,0.007572893426656849
RPS8P4,0.007572444681842822
TRGV7,0.0075715644650144725
RPL22P22,0.007571436436009355
AC005753.1,0.007571244906740231
CEP72,0.0075709156452813476
TCAF1,0.007570886373391857
RP11-686D22.8,0.007570660525682412
GPR82,0.0075706230558301784
LINC00618,0.007570368428429184
RPL31P52,0.0075700479120738235
JMJD1C-AS1,0.007568455233080582
RP13-216E22.4,0.007568115318159747
ATP5HP1,0.007567986779587186
TRIM51FP,0.0075679300271961954
RP11-81K13.1,0.007566867559435547
NFE2L3,0.007566695506181045
CTD-2083E4.5,0.00756652817868752
MOS,0.0075664243461796695
AC092664.1,0.007566040598575777
RPL41P5,0.007566039296142538
PFDN4,0.007566016476322364
DNER,0.007565937387234582
SOX18,0.007565763198284602
EIF5AP3,0.007565663570935697
LILRA2,0.007565404234262936
ANKRD20A19P,0.007565284360098733
LAGE3P1,0.00756437066928859
RP11-950C14.7,0.007563947421101462
RP5-832C2.5,0.007563928351946492
RP1-153G14.4,0.007563273917455283
RP11-378J18.6,0.007563198889225647
RPL35P4,0.007563178669084763
CETN2,0.007562656003470814
RP11-783K16.14,0.007562595738842481
C10orf25,0.007562327100314626
AC007365.4,0.007562064125744174
DFFBP1,0.007561798487530261
AC012066.1,0.007561770019457255
HOXA1,0.007561514615177847
AS3MT,0.0075613317991264
RP11-321E2.3,0.00756071957646667
RP11-313P22.1,0.0075605218005679615
RP11-395I14.2,0.007560394653464224
RP1-178F15.4,0.007560098135473139
RIDA,0.007559797068544787
SMPX,0.007559727995088622
MTMR9LP,0.007559402788358869
EVA1B,0.007558871373514972
RP11-413M3.4,0.007558376725446736
SIRPB3P,0.007558328788625356
RP11-396M11.1,0.00755822404342612
PROCR,0.007558012417106675
AMD1P2,0.007558010820483447
ANAPC10P1,0.007557638876286839
EIF4BP5,0.007557325768034068
SEMA6A-AS1,0.007557206690652513
CEBPD,0.007556946742072561
RP11-692D12.1,0.007556502412653235
LINC00449,0.007556435190415088
NUCKS1P1,0.007556394958436907
EIF3IP1,0.007555531974105764
RP11-715J22.3,0.007555190600697968
RP11-495P10.10,0.007554372446630849
RP11-605F22.2,0.00755394506281589
RPL36AP39,0.00755387634325066
RP11-109I13.2,0.007553538695115787
HM13-IT1,0.007553449938084469
RPSAP28,0.007553121088799532
RP11-2C24.3,0.007552968567306322
AP006621.8,0.007552959718640458
RP11-996F15.2,0.007552940267821105
RPL7AP38,0.007552915985018588
WHAMMP3,0.007552374124642433
CD300C,0.007552216748388778
AC093616.4,0.007552140782185869
RP11-456P18.2,0.0075516109947227645
RPL23AP55,0.007551453488621528
RP11-267J23.1,0.007550632128117885
PRPF19,0.0075504891801425975
RP3-465N24.6,0.00755003800618957
RP3-497J21.1,0.007549896642196591
TOMM20L,0.007549817498654692
FTLP2,0.00754966614460951
XXbac-BPG157A10.21,0.007549594817900724
LSMEM1,0.007549460311062607
AP003068.9,0.0075494587592046586
GNMT,0.007549347386685535
RP13-516M14.10,0.0075489372597065995
HMGN2P38,0.0075487996724301395
AC002456.2,0.0075487669698457395
PAXBP1-AS1,0.007548711035181717
RPS5,0.00754838740771967
RNASEH2B-AS1,0.007548138268323389
FKBP4P1,0.0075480855641530415
RP11-81H14.3,0.007547489466024182
RP1-102E24.1,0.00754746876402197
TLK1P1,0.0075473103513666465
LINC01331,0.007547115252521971
RP5-1052M9.1,0.00754694175552154
RP11-65L3.4,0.007546714729283466
RP11-151H2.3,0.007546591357329592
AP000797.1,0.007546411219258372
HSPD1P2,0.007545695710497522
PWAR6,0.007545548002111314
FPGT-TNNI3K,0.007545540984132595
GSC,0.007545048538654035
ADAMTS7P1,0.007544994421941294
XX-CR54.1,0.007544419350228047
AC108448.2,0.007544010472842934
GTF2IP23,0.007543354298351317
RP11-478C19.2,0.007543236166076432
SNORA60,0.007542808325788119
SDCBPP2,0.007542511362521382
RP11-402D21.2,0.007541983404773918
ID1,0.0075413518119574925
HOGA1,0.007540611873179896
LHFPL5,0.007540202355270647
TMEM181,0.007540186902794399
RP11-211N8.2,0.007539471107578333
RP11-267M23.6,0.0075390691495621845
RFPL3S,0.007538940396357092
SMARCA5-AS1,0.007538921883444899
RP13-104F24.3,0.007538828105899482
RP13-188A5.1,0.007538775852108691
PKMP2,0.007538768976259535
RP1-232L22__B.1,0.007538745028953219
DNAJC15,0.007538673101383429
HNRNPA1P23,0.007538265319035439
CTD-3157E16.1,0.007537965370909908
BHLHE41,0.00753775736439724
RPL7P7,0.007537725875018053
SNX18P7,0.007537497785537462
SLC7A5,0.007537426427356794
CETP,0.007537413715077026
RP11-686D22.7,0.007537224280192058
CLDND2,0.007537065778956905
DICER1-AS1,0.007537045653256582
RP11-631M6.2,0.007536755021760153
RP11-334G22.1,0.0075367182765685705
CTD-2533K21.4,0.007536521072061869
RP11-1379J22.5,0.007536455312034636
RP5-901A4.1,0.007536315245748835
SNHG19,0.007535991910726549
RPL29P3,0.00753517688917995
RP11-1035H13.3,0.007535119873336625
RP11-798G7.6,0.007534967880834961
HSD3BP4,0.007534240305026761
RP11-10C24.1,0.007534162700792109
TMSB10,0.007534052747795645
RP11-298J23.8,0.007533970785404903
RP11-66B24.4,0.0075339224702616475
RP11-927P21.1,0.007533513450753681
CTD-2245F17.3,0.007532779648787105
RP11-173C1.1,0.007532695628705015
OR7E128P,0.007532559468722498
RP11-494M8.1,0.007532290959826739
RP3-466P17.1,0.0075322727720133886
RP11-10L12.1,0.007532197659111439
RP11-417L19.6,0.007531928158253504
LINC01504,0.007531838721170652
RP11-586D19.1,0.007531794184400614
RP1-121G13.3,0.007531680704728954
Y_RNA,0.007530965300561311
RP11-467L13.5,0.007530784947607373
RP11-480D4.2,0.00753075031188027
Y_RNA,0.0075301610167183945
NPAS4,0.007530048623973356
RP11-369E15.3,0.007529930603209082
CTD-2189E23.1,0.007529726756033934
MIR497HG,0.007529497318204089
RP6-91H8.5,0.007529302048445919
CCDC8,0.00752906338926728
SULT1C4,0.007528980285684864
STAG3L5P-PVRIG2P-PILRB,0.007528412464527919
RPL7AP3,0.007527926909551323
AC073415.2,0.007527875171190689
AC004076.5,0.007527837312221115
LLNLR-285B5.1,0.007527791264481418
SERPINA10,0.007527648486135704
ACTG1P15,0.007527452418094677
FAM21FP,0.007526991370203504
TGFB2-AS1,0.007526802374151659
RP11-206L10.2,0.007526516965392461
RP11-738E22.3,0.007526396404187631
RP4-753P9.3,0.0075255517075403944
AC068538.2,0.007525548386958538
AC003002.6,0.007525455224805125
GAPDHP62,0.007525353494790426
RPL30P7,0.007525125856388638
TONSL-AS1,0.007524584609627176
RP11-383J24.2,0.007524478051089375
RPS3AP12,0.007524208214705049
AC108938.5,0.0075240614798415505
RP11-426A6.5,0.007523972169909512
LAPTM5,0.007523087171095094
BMS1P4,0.007522901053816761
EGR4,0.0075226991466182365
RP11-254G11.1,0.007522314773677304
EMILIN2,0.007522310379665911
RP11-398J16.1,0.007521732987802442
SYT7,0.007521725814986858
RP11-379B8.1,0.007521614610088254
RP11-15L13.4,0.007521147868344726
SDHAF4,0.007521048716939739
RP11-34F20.7,0.007520763680324746
AC072062.1,0.007520593856383094
RPS3AP41,0.00752050736743649
RNU5B-2P,0.007520325832555032
RP11-275F13.3,0.007520277594670574
CTD-3092A11.2,0.007520260390439511
LRGUK,0.007519983421852586
C11orf45,0.007519852652245139
RPS20P10,0.00751969421246405
C4B,0.0075196869435562455
IFITM9P,0.007519131470198243
AC009963.6,0.007519047949669628
CTD-2095E4.5,0.007518166373195354
LINC00461,0.007517999905478702
RP1-197B17.3,0.007517665533155408
RP11-316M21.7,0.007516714934549785
RP11-54C4.2,0.007516405879156224
SLCO4C1,0.007516295838862546
RP11-17E13.2,0.007516289155852677
ESRRAP1,0.007515991437003463
KB-1043D8.6,0.007515667886908229
RP3-510D11.2,0.007515650604935579
RP1-40E16.12,0.007515540547463787
TPGS1,0.007515049864575901
OR52K3P,0.007513527387570684
PLPP3,0.007513197775620661
XXbac-BPG294E21.9,0.007513110002579257
CTB-161M19.4,0.007512517712712404
CKS1BP2,0.007512495279120961
CTD-2262B20.1,0.007512235476047769
IL1RAP,0.007512129098796493
TBX6,0.007510994676195056
CHRNA10,0.007510919327038646
SLC27A2,0.007510866311247951
SAP25,0.007510790997669888
RP11-686G8.5,0.007510429587291583
CTB-78F1.1,0.007510334912091611
UBE2QL1,0.007509942209315259
PCDHGB9P,0.007509728376474691
GPC4,0.007509291835858501
RPS27AP2,0.007509184833594057
CHKB-AS1,0.007509161956290979
HIST2H2BB,0.007508645677838618
RPS27AP19,0.0075082018011878235
RP11-108M9.4,0.007506709393371276
C19orf71,0.007506468099899047
ITPKC,0.007506290377266958
TMEM238,0.007506206281321768
JMY,0.0075060038292319555
RP1-178F10.1,0.007504865170135551
PTMAP3,0.007504633904424474
AC006978.6,0.0075045756787804055
LINC01451,0.007504368709105459
SLC25A2,0.007504152869265268
NPIPB10P,0.007504131472332678
RP11-1280N14.3,0.007503638581018993
RPL5P28,0.007503459088134681
RP11-490K7.4,0.007503279818703739
HIST1H2AE,0.007503068871790322
RP4-725G10.3,0.007503056512645874
RPL23AP95,0.007502949402428224
CCDC116,0.007502648972228072
C1orf54,0.00750259981403043
uc_338,0.007502316080442746
RP11-159D12.6,0.007501858334676838
RP11-394B2.1,0.007501633157793083
STX1B,0.007501432285729843
RP11-157P1.4,0.007501237130141456
RP11-253M7.1,0.007501127620439356
TAS2R19,0.007500951444533613
RP11-149P24.1,0.0075004898778652344
COLGALT2,0.007500431576154133
TNFAIP8L2,0.0074998249826426526
AMDHD1,0.0074997574385866515
RP11-594C13.1,0.007499035802274074
RNU6-312P,0.007498778191506659
RP11-428J1.2,0.007498249815506408
RP11-1O7.1,0.007497789517095654
LINC00174,0.007497600196909019
RP11-848G14.2,0.007497598856747726
DYNLT3P2,0.007497424246204152
HECA,0.0074973937599726636
RP11-134L10.1,0.0074972024251703274
SLC7A15P,0.007496792950428278
RPL7P11,0.0074964735312072475
ISCA1P6,0.007496465843933405
CXorf58,0.007496309452745087
RPL23AP8,0.0074962504245513605
FOXN3-AS1,0.007496196084510827
RP11-775B15.3,0.007495714891568063
TPRG1,0.007495324128948212
RP11-314C16.1,0.007495237569869593
AC108463.1,0.007494916753783201
SLC40A1,0.0074946045783335045
RP1-92O14.3,0.007494080853933429
AC004951.5,0.007493962754737099
CDA,0.007493438848863583
CD4,0.0074932871631090865
C18orf65,0.00749313163608388
NSRP1P1,0.007492824040849563
GS1-519E5.1,0.007491255886630791
PLEKHF1,0.007490912978970032
RNASE6,0.007490879444110517
MLLT6,0.007490849156291828
RP11-613M10.9,0.007490753846774325
RPL21P110,0.007490374484633355
ISX-AS1,0.007490242229949096
PKD1P6,0.007490233263206232
RP11-37J13.1,0.00748973099458704
CTC-453G23.8,0.007489697358810516
AP003774.4,0.007489463967916708
NPY1R,0.007489410189790529
AC001226.7,0.007489384019100603
RP11-141B14.1,0.007489323183309393
AC078883.3,0.0074890613523461505
PKD1L3,0.007488902375678265
RP11-77K12.9,0.007488889882481689
RP11-158D2.1,0.0074888215613374345
AC006116.22,0.007488296160436643
PPIAP15,0.007488210651983598
RP5-908M14.10,0.007487695278602288
MSH5-SAPCD1,0.007487688574249617
FZD7,0.007487152830858477
L3MBTL3,0.007486866410672661
RP11-493E3.1,0.00748680451439595
CDC42P3,0.007486618512342878
RPL7AP58,0.0074864113277592305
FHIT,0.007486290591110927
HLA-DPB1,0.007485900561520473
COX4I2,0.007485810842143754
GABRG1,0.007485691984543407
EEF1A1P27,0.00748556572475081
STARD4-AS1,0.007485318716864796
CTD-2647L4.4,0.007485114240223773
NPM1P50,0.007484139033513713
RP11-68I3.4,0.007483764105012122
SRRM2-AS1,0.007483438547090437
NUDT16P1,0.007483049858370782
CTD-2525I3.5,0.007483002397260347
RP5-961K14.1,0.0074820618443654
RP11-600F24.7,0.007481552964408922
AC139887.4,0.007481220011742146
EFNA2,0.007480272346695546
RPS8P10,0.0074794887443274975
TUBG1P,0.007479347462794461
RP3-507I15.1,0.00747934064660467
AF196972.4,0.007478922119400573
CTD-2035E11.4,0.007478814752586795
FZD4,0.007478597905146317
LDHAP3,0.007478550901523176
KCNS1,0.007478383098385718
RPL18AP15,0.007478358815403831
UVRAG,0.007477475605643876
ZIC1,0.007477290149173711
RP11-48G14.3,0.00747719160959774
F8A1,0.007477159730034227
GAPDHP39,0.007477112403680756
ARHGEF26-AS1,0.007476777968870811
PLCG2,0.007476760360798544
CD177P1,0.00747672524303065
CCNB2P1,0.007476600372450147
AC092675.3,0.007474799342507132
RPS3AP53,0.007474559984520717
RP11-217B7.2,0.007474491854375508
RP11-214F16.8,0.007474345849819877
AC011530.4,0.007473821124355234
CACNA1E,0.0074736921582708084
CTD-2010I16.1,0.007473467939172479
RP1-199J3.5,0.007473238094203185
RPS18,0.007473012728829875
RP11-301G21.1,0.007472974364669391
C11orf96,0.00747285337776012
AC005932.1,0.0074726617714876145
RP11-723O4.3,0.007472632586519988
RP11-163G10.2,0.0074720471365832776
TINCR,0.007471496143378583
CNTN3,0.007471313161846255
LINC01115,0.007471118748869685
IGFBP5,0.007471092464864042
BHLHE22,0.00747108138524274
RP11-126O1.5,0.007469592326611519
RP11-90E9.1,0.0074687970795806885
GAPDHP45,0.007468360614015822
RPS24P17,0.007468336927919671
LURAP1L,0.007468332730542884
RGS7BP,0.007467876034183602
TSPY26P,0.007467859402647633
RP11-158J3.2,0.007467718637848506
NACAP2,0.0074676834204750525
RP11-412B14.1,0.007467609375726038
RP11-356I18.1,0.007467553334029258
RP11-352G18.2,0.007467461946644674
RP11-163O19.1,0.007466873965210371
RP11-982M15.7,0.007466837973240138
RPSAP69,0.0074665941675591254
HS3ST1,0.00746622718270443
U52111.14,0.007466052705266557
PSMC1P11,0.007465420571088309
RP11-390G14.1,0.0074651937813727445
PCNAP3,0.007465144061251467
RP3-426I6.2,0.007464866159796781
RP3-339A18.6,0.007464249375014302
RP11-1072A3.4,0.007463812091355831
FKBP4P6,0.0074632083602927946
RP1-30M3.6,0.007462902307128471
LY6G5B,0.0074628802892313315
PCSK2,0.00746278908834384
CTB-133G6.1,0.007462488911434873
AP000350.6,0.007462439211621527
AC005534.6,0.007462243283201706
CTC-232P5.1,0.00746220027420549
RP11-18H21.2,0.007461611710186789
RP11-451H23.2,0.007461563676388226
GTF2IRD1P1,0.0074613824191512084
AC114730.11,0.007461343185609179
GUSBP4,0.007460613714995183
ATP5F1P6,0.007460394123091521
MIR3682,0.0074602934952691284
RPL12P11,0.007459305714711363
HCG17,0.007459151725367165
RP11-323J4.1,0.007459129268032337
RP11-707G14.1,0.007458823319569753
KCNE2,0.007458804188488012
RP1-232L24.2,0.007457780038175964
RP11-326C3.2,0.007457724665044864
OLFM2,0.007457530643548161
DGKE,0.007457258637292415
RP11-677M14.3,0.007456756665335908
RP3-449M8.6,0.007456330450707318
RP11-119B16.2,0.007456062867609468
MGAM,0.007455874904192858
ZNF30-AS1,0.007455301606565423
HMGN2P24,0.007454364378121707
RP4-580O19.2,0.0074540288574311015
SAPCD1,0.007453718872075832
GFRA2,0.007453236368344534
HAO2-IT1,0.007452383935808276
RP5-1071N3.1,0.007451712628168134
KIAA0040,0.0074510224234189525
SOWAHD,0.0074509313471610595
RP11-685M7.3,0.0074505333300613884
RP11-446E24.4,0.007450232894333975
RPL4P1,0.007449862563233835
GRM5-AS1,0.007449763824157324
RXFP3,0.007449710007867376
TSSK3,0.007449503406502668
EEF1B2P4,0.007449301115537978
SND1-IT1,0.007449188907132606
RP11-793H13.11,0.007448940937511899
BOLA3P3,0.007448841159127875
RP11-303E16.7,0.007448701417483136
PLEKHA3P1,0.007448695581214998
AP003774.1,0.007448398563022155
ATP6V1F,0.007448266925303454
INAFM1,0.007447366842475879
H2AFZP4,0.007447333317519774
AP4B1-AS1,0.00744696345877682
CTD-3131K8.3,0.00744661121350011
C3AR1,0.007446524750800552
RP11-573M3.3,0.007446372801369506
RP3-461F17.1,0.007445966038629241
RP3-522D1.1,0.007445883987623226
AC007292.7,0.007445371057317012
CYTIP,0.007444996959295439
MKRN5P,0.007444507821130238
AC005498.3,0.007444505310699545
LINC01579,0.007444308552559894
AC007679.1,0.007444295615836675
FAM153C,0.007444264914219329
SNORD104,0.007444059365176901
RP5-988G15.1,0.007443986343918602
PIR,0.0074434683765274645
DUSP23,0.007443352590422019
RP11-710M11.1,0.00744307827471918
RP11-186N15.3,0.0074428586905506385
RP11-379K17.4,0.007442729653363879
DDX58,0.0074426548982898565
NOS2P3,0.007442566857106971
GPR22,0.007441484535130578
RP11-118F2.2,0.007441252634826331
MSANTD1,0.007441244636836689
RP5-1039K5.12,0.007441228639084678
RP11-390P2.2,0.007440938714178619
RP5-943J3.2,0.007440468483622539
AP001505.10,0.007440099185572739
CDKL5,0.007439402849728215
RP11-758H9.2,0.00743936674467165
ENTPD3,0.007439357288563864
RP11-21L23.2,0.007439250237495798
RP3-333H23.9,0.007438977418817487
RPSAP53,0.007438671609198279
HMGN2P30,0.0074384409779319986
HERC5,0.007437796268837268
CTD-2562J17.4,0.0074377636771392076
MAP3K14-AS1,0.0074377236088150845
LTB4R,0.007437381813531284
RP11-317N8.3,0.007437361747721352
CEP97,0.007437086602903341
RP1L1,0.00743696413122187
RP4-785G19.2,0.0074364935851666605
RP11-252K23.2,0.007436490993511419
RP11-17M24.3,0.007436210802459108
AF064860.7,0.007436048069183396
RPL15P1,0.007435656632006741
PPIAP20,0.007435040366004518
RP11-390F4.6,0.007434994997938506
LRRC70,0.007434555673118996
RP11-21G15.1,0.0074341882670149444
NEUROD2,0.007433821607904676
RP11-613F7.1,0.007432842305467407
C1RL,0.007432740098657333
RP11-175K6.2,0.007432348705446231
AC108676.1,0.007431248397000975
ARHGDIG,0.0074306957694321545
ANOS1,0.007430459935053352
NECAP1P1,0.007429817249761839
RP11-1086I4.2,0.007429118044853629
RP11-159D12.11,0.007428147335179377
HMGN1P35,0.007428037548793371
SMIM10L2A,0.007427340950769738
HLA-DPA1,0.007426125011789357
RP11-81M19.3,0.007426014068312846
CTD-2562G15.3,0.00742547298890491
SLC25A36P1,0.007425308762841239
GLTSCR2-AS1,0.007425244082204543
LINC01125,0.007424795250844063
RP13-516M14.1,0.007424625344353118
AC108463.2,0.007424508114724044
CBX1P2,0.007424398613831608
RUNDC1,0.007424385082394461
NPIPB7,0.0074242101777876775
TNFAIP8,0.007423953491000122
RPL5P8,0.007423836755854663
CMTM2,0.007423388848534521
HNRNPA1P34,0.007423297103057585
IFI35,0.00742319490715374
RP11-705O1.8,0.0074230894964701834
MAGOH2P,0.007422716351825595
RP11-295G24.5,0.0074224250231966025
CTD-3216D2.5,0.0074224028229417024
RP11-153M7.1,0.007422363169689079
FAM58DP,0.007421839525097977
PRRT1,0.007421220518646531
RP11-692C23.1,0.00742121865692375
ST20-AS1,0.007420979374853805
GLULP3,0.007420465436149262
RP11-358B23.1,0.007419970121040836
RP11-151A6.4,0.007419916657132023
RP11-166O4.6,0.007419807872284983
RP4-778K6.3,0.007419653652677325
RP11-216N14.7,0.007419153481207351
LL0XNC01-237H1.2,0.007417920502838585
HIST2H2BC,0.007417859321823348
RP4-580N22.2,0.007417852336546405
RPS5P3,0.007417702864330327
SNHG15,0.007416853479574223
PLVAP,0.007416705390843392
RP4-694A7.2,0.007415845676734184
CTA-212A2.3,0.007415432659868625
RPL17P25,0.007415406343607782
CTD-2339M3.1,0.007415191918435585
RP11-727F15.13,0.007414778862479682
RP11-229P13.2,0.007414774411182573
ADAMTS9-AS2,0.00741476355786394
PRKAR1AP1,0.0074141560602819095
HSPE1P8,0.007414126415134064
RP11-734K23.9,0.007413971930764184
HNRNPA3P13,0.007413652199929796
SERTAD1,0.007413499247156537
RP11-755F10.1,0.007413312757445453
RP11-863P13.4,0.007413070884627774
RP11-396C23.2,0.007412883088860619
SH3BP5-AS1,0.007412865233120686
RP11-574F21.2,0.00741258224810274
C12orf57,0.007412543698529379
SUSD3,0.007412400087553991
OR7E29P,0.007412265988204731
PSMC1P10,0.0074117571816045965
HCLS1,0.007411350592365748
CTC-338M12.5,0.007411093946591706
RPL23AP48,0.007410996105042111
AC113617.1,0.007410941261276636
TCEAL6,0.007410151666738281
VAMP5,0.00740993253060625
RP11-428O18.6,0.007409868673684446
EEF1A1P26,0.007408771553003347
CTD-2116N20.1,0.007408491428175909
RP11-53I6.4,0.007408144351283258
CDH22,0.007407736690430917
RPS20P24,0.0074070320773002105
RP11-111F5.2,0.007406768323267124
USMG5P1,0.007406648687487966
RP11-804M7.1,0.0074061051125952106
TRIM51DP,0.007405373563898035
ATP5G1P7,0.007404853502774916
RP11-250B2.3,0.007404556776198212
RP3-483K16.4,0.007404444699504491
DDX6P2,0.007404280312663294
C17orf102,0.007403853748511023
RP11-304F15.5,0.007403830183587596
RP11-438D14.2,0.007403313993391015
C4A,0.007402518892851522
RP11-362K14.5,0.007402030315900866
CH507-9B2.3,0.00740183976716477
RP11-886P16.10,0.0074017911209119285
RP11-30L15.4,0.007401677346903006
PSMA2,0.007401147574589407
GIMAP1,0.007401043859339274
HAS2,0.007400294485829157
RP11-598D12.4,0.007400258865451597
HMGB3P22,0.007400059551352914
ACOT1,0.007399793281015047
RP3-476K8.3,0.007399757484230314
ARC,0.007399471985800571
RP3-508I15.21,0.007399450555984998
MEOX2,0.007399058457589775
FEN1P1,0.007398872172817734
STK39,0.007397722963985482
ICAM2,0.007397560481868791
LINC01270,0.007397442562890075
AC100830.3,0.007396972393723489
COX5B,0.007396781478022078
PAICSP4,0.007396705408692416
AC080125.1,0.0073963470415584764
RP11-63A1.1,0.007396247967065649
PPME1,0.007396084733410671
RP11-472K17.3,0.007395823545622139
RP11-27K13.3,0.0073955753635269175
CFLAR-AS1,0.007395195967915563
RP11-342M3.1,0.007394815796055728
PCAT19,0.00739481110817209
RP11-334A14.2,0.007394741831202167
HLA-DOB,0.007394551526474414
RPL5P32,0.007394507358037939
RPS15AP10,0.0073943389393066345
SLC41A2,0.007394039246580281
RP1-151F17.1,0.007393677291171194
RP11-363E6.3,0.0073934509732183394
GS1-259H13.2,0.0073932908000477705
RP1-149A16.16,0.0073931400607310516
RP11-420L9.2,0.007393135657322526
FBXW11P1,0.007392852211614775
LINC01619,0.007392771526357156
RPS17P5,0.007392537988187963
TMSB10P2,0.00739222244564031
STAM-AS1,0.0073917702632974825
RN7SL521P,0.007391623149416101
GRAPL,0.007390781591846635
RP11-193H5.1,0.007390438465122604
SHMT1P1,0.007390382792336276
RP11-260E18.1,0.007390215875477939
RP11-481A20.10,0.0073896843799145665
GJD2,0.007388742971870638
LILRA1,0.007388386270197878
CDCA4P4,0.007387582457495897
AC074212.5,0.007386342954359498
RNF144B,0.007386128656230861
S100A11,0.007386099415826146
RP11-563J2.3,0.0073860491460824
SNORA40,0.00738601316714449
TLDC2,0.007385971313746978
CTB-175E5.7,0.00738587653657138
AP001062.7,0.00738543537671679
C1orf228,0.007384691005431062
KB-1836B5.1,0.007383797442745506
RNF149,0.007383588621576959
H2AFZP1,0.007383303325949487
XKR5,0.007383161439970185
GS1-124K5.9,0.007383002751003768
PHF5CP,0.007382551354295989
ZBTB8B,0.007381752138110847
RP11-188C12.3,0.007381628894019815
RP5-1142A6.10,0.007381597748963255
HSPE1-MOB4,0.0073813977993448235
RP4-798A10.7,0.007381284179319349
RP11-876N24.4,0.007381061736519374
ST13P2,0.007380607853049032
LL22NC03-13G6.2,0.007380379671811768
RP11-229O3.1,0.007379785572661989
SNHG18,0.007379694378247008
CTC-241F20.4,0.0073793440251210705
PABPC1P2,0.007379051704457442
OFD1P17,0.0073789665126508955
RP11-54G14.1,0.00737890828406364
SNORD62B,0.007378582559111536
CTD-2583A14.9,0.007378250514742123
BBOX1,0.007378211018597198
ZNF341-AS1,0.0073781692761771545
RP11-599B13.8,0.007377856402538142
NDUFA5P6,0.007377441001755583
SHISA4,0.0073768961571552645
KLHL15,0.007376816627726083
RP4-816N1.7,0.0073764950655504456
RP11-532M24.1,0.007376381663717083
KRT8P33,0.007376237983764159
MAGOH3P,0.007376138471077431
AC097724.3,0.007376093513662247
AL022393.9,0.007375761098951412
NPTX1,0.007375723196296467
RP11-98D18.9,0.007375409874032443
RP11-420C9.1,0.0073748985255138195
PLCXD3,0.007374895714028676
PART1,0.007374773594584547
AC022819.3,0.00737467610510945
RP11-681N23.1,0.007374639264905869
RP11-96L14.7,0.007374574684883898
RPL22P11,0.007374391189287475
NFAM1,0.007374140762892479
XXbac-BPG252P9.10,0.007373957743364242
MIR589,0.007373515568087655
COX7B,0.0073731526654495375
CTA-984G1.5,0.007373072339095584
TAAR3,0.00737295131804571
RNF151,0.007372433112910437
PAK1,0.007372340966711104
RP11-161H23.10,0.007371961516347408
GPC1,0.007371793406501394
SNORD91B,0.007371037282099176
LEF1,0.007370801324041867
RP11-492I21.1,0.007370550343877641
RPL10P14,0.0073704538481757734
AF213884.2,0.007370448263588664
HCG14,0.0073702824374224825
HNRNPUL2,0.007369634167534798
COPZ2,0.007369224573579707
EXOC3L2,0.007369207465243644
HEXA-AS1,0.007369184410189136
AF127577.12,0.0073690979867859965
FGF11,0.007368909963616928
TMEM106A,0.007368273427663086
FAM209A,0.007368260897277656
RP11-138P22.1,0.0073680375066259626
RP11-855A2.1,0.007367992598377446
LL09NC01-139C3.1,0.007367567722822121
RP11-181C3.1,0.00736756527593497
PLCG1-AS1,0.0073672722446658494
RP11-342M1.6,0.0073664926736949155
RP11-510I6.2,0.007366461219170059
HIST2H2BA,0.007366458294350064
STUM,0.007366425672159854
CTD-2022H16.3,0.007366246244645016
PLBD2,0.0073660287980811655
AL133245.2,0.007365631803335751
Metazoa_SRP,0.007365446646033775
TERB1,0.007364640013298439
RPS3AP14,0.00736457308151661
RP11-409C19.2,0.00736434219426263
XX-FW83128A1.2,0.0073639559099140705
RP11-274B21.12,0.0073632055730331394
RAP2A,0.007363113318478477
RP11-145M9.6,0.007363034689283327
RP11-282A11.4,0.007362683107759958
MEIS3P2,0.00736265817569895
VCAM1,0.007362631740443432
AC005363.11,0.007362548362679395
AC117947.1,0.007362485032539654
CACNG2,0.007362278347415914
RPL5P25,0.007361419391577486
CTD-2275D24.1,0.00736112610577675
MZT1,0.007360134728664646
RP11-85I17.2,0.007360006499357556
RPL31P2,0.007359954939096286
CTC-239J10.1,0.007359747030975502
SNHG4,0.007359626461391132
RPS29P8,0.007359043035690405
RP11-400L8.2,0.0073590204898877
AC092687.4,0.007358706341548427
RP11-936I5.1,0.007358227952845855
AC091492.2,0.007358127160655724
GHc-210E9.2,0.007357848010095743
RP11-905K4.1,0.007357758365098905
ITGA2,0.007357530895888322
RP11-38C17.1,0.007357415896758857
BHLHE40-AS1,0.007357392967592292
ACSS3,0.007357012952535204
AC007256.5,0.007356980902160811
SSR4P1,0.007356823270218977
RP11-311P8.2,0.007356755959616636
LINC00506,0.007356708849628427
GLTP,0.007356466886569692
RP11-305K5.1,0.007356425684758259
RP4-803A2.1,0.007356204520774236
PCP4L1,0.007356098275085068
RP11-320M2.1,0.0073559054940239765
BNIP3P1,0.0073556432153517835
RP11-403I13.8,0.007355411491855537
RHOV,0.007355314079606892
RP11-342K2.1,0.0073553087756589195
RP11-70F11.2,0.007355027242297588
RP11-367J11.3,0.007354804135906886
RN7SKP16,0.007354474221655621
AP000593.6,0.007354301050256714
AC109642.1,0.0073541526368802596
CTD-2001C12.1,0.007353929107174276
RP11-99E15.2,0.007353924426339433
MIR940,0.00735384247188721
NAIP,0.007353789388341077
IER2,0.007353313154751434
GS1-259H13.13,0.00735286842817683
RP11-195F19.30,0.007352423201190987
RP11-36B6.1,0.007352319911491383
C10orf55,0.007351220984500752
RP11-264I13.2,0.007351007270541745
ZC3H11B,0.007350899338850653
RP11-278J6.4,0.007350896248689073
RP11-49K24.3,0.007350816474709549
RP13-895J2.8,0.007350465647282992
AC073333.8,0.0073504507452644375
RP11-1049H7.2,0.007350269557285588
ACSL5,0.007349524779354376
HMGB1P9,0.007349506529121232
C6orf58,0.0073494593293085796
ATP8A2P3,0.007348953520276595
CTC-524C5.2,0.007348833454151046
RP11-514P8.2,0.007348456618664813
RP11-453E17.4,0.00734808228648535
OCLM,0.007347929347268541
AC005785.2,0.0073471901847694185
SPA17,0.007346734622313662
RP11-665C14.2,0.007346271713947567
RP11-491F9.5,0.007346215454267954
CH17-12M21.1,0.007346137709988056
RP11-722E23.2,0.007345535098413884
RP11-1398P2.1,0.0073455179295217445
RP1-127B20.4,0.007345195032167002
RNY3P16,0.007345108470408063
HLA-F-AS1,0.00734502054738974
RP11-796E2.4,0.007344775052910065
RP11-823E8.3,0.007344430944449629
RP11-568K15.1,0.007344395014710901
FTH1P15,0.0073439419964457945
VAX2,0.007343941845485211
RP5-1112D6.7,0.007343782178077719
RP11-339B21.10,0.0073436302936767265
EIF4BP2,0.007343384612507105
RPL41P1,0.007342961024454005
TNFSF8,0.00734273009257397
RP11-66N11.8,0.007342684274501835
BAG3,0.007342489015180723
TARDBPP2,0.007342185575758233
ST13P12,0.007341993262374514
SERBP1P3,0.007341491176676084
MRPL30P1,0.007341415807411247
SHANK2-AS1,0.0073411147904751395
GCLM,0.007340002199174013
LINC00886,0.00733968329037934
RPL23AP80,0.007339550288162943
ACYP1,0.007339233048077576
AC073046.25,0.007338894483576852
CLCN3P1,0.0073383372776360655
AC007285.6,0.007338303127730231
AEBP1,0.007338087087923204
CCDC163,0.007337900808815108
CYP4Z1,0.0073378115201571175
RPSAP16,0.007337715007351382
LINC01250,0.0073365035228286106
GAPDHP51,0.007335520856710707
AMACR,0.007335106137237401
DDX11L2,0.007334959653824393
CTD-2561B21.8,0.007334780489019904
AC005387.2,0.0073345488446385654
SLC6A17,0.007334373411021647
CTD-2083E4.6,0.007334027533536881
AC007790.4,0.00733397656119676
RP11-551L14.4,0.00733397384523494
CTD-2206N4.4,0.007333211896920467
CCDC166,0.007333006472123024
CLCN1,0.007332146650821298
MT-RNR2,0.007332122549253615
SLC38A8,0.007332018320732991
HPX,0.007331540165456456
RP1-305B16.3,0.007330941308176431
KCNMB2-AS1,0.007330704927265288
SOX11,0.007330119414667681
SEPT7P1,0.007330013234317192
AC007365.3,0.007329790285215743
RP11-204C16.4,0.0073297252825270725
HOXA7,0.007329411376344925
RP11-306I1.1,0.007329146260402193
MC4R,0.007329021562873347
AC008992.1,0.0073289578704303126
AC005578.3,0.007328853382446436
EIF5A2,0.007328823970902372
RPS24P6,0.007328587794049995
RP11-114H24.4,0.0073279483179999475
RP5-837J1.1,0.0073273247101864015
FITM1,0.0073272629931082295
COX7A2P2,0.007326931574346281
MSX1,0.00732690162486585
AC011998.4,0.0073267240011703
GIMAP8,0.007326076492487711
GPR65,0.007326031486715443
MIR93,0.00732583138911534
LINC00920,0.007325731124711491
CTD-3214K23.1,0.007325673849139465
BIN2,0.007325587678694487
AP000695.4,0.007325580954123688
RP11-344B5.2,0.007325265690125944
LINC00852,0.007325242862841037
BCL2L10,0.007324539182891408
AC008280.1,0.007324200106648084
SLC25A5P1,0.0073241246989597655
AC097461.4,0.007324049685324337
RP4-784A16.5,0.007323961158496835
MIF,0.007322728826994287
MEIS1-AS2,0.007322455220404298
ANKRD52,0.0073222360466803325
AC004692.5,0.0073221648082989615
AC002310.7,0.007321406474483777
RP1-122O8.7,0.007320769305306931
HMGA1P1,0.007320557061381765
LPAR5,0.007320137462380577
CALML3,0.0073201363374305614
RP11-146G7.2,0.007320039282868909
RP11-205M3.1,0.007319990394289882
RP11-90D4.4,0.0073196740838689725
RP11-714L20.1,0.0073196074617102565
HNRNPA1P27,0.007318177993994676
KLK14,0.007318107319322911
C19orf35,0.007318007110879328
MBOAT4,0.007317813762106247
RNF144A-AS1,0.007317623735179347
NXT1P1,0.0073176065937697
TOLLIP-AS1,0.00731694066737244
ATP6V1G2,0.007316869521533642
HLA-H,0.007316716237501086
RP11-145P16.2,0.0073166594416924444
SERPINB9,0.007316296801361039
RP11-544M22.13,0.007316143894355192
CTC-260E6.4,0.007316077843417764
RP11-14I17.1,0.007315800120676292
CTB-50L17.8,0.007315215788217623
FOXG1,0.00731468913047647
RP11-90O23.1,0.007314072783461565
ZFX-AS1,0.0073138133763805515
ATP5J2P4,0.007313696685701469
RPL15P21,0.0073120868539216614
HMGB1P26,0.007311867186719143
SNORA22,0.007311763506557152
AC020983.5,0.007311562808104057
PTPRD-AS2,0.007311546947336249
RHOB,0.007311482543741104
SOX8,0.007311341721197377
CKM,0.007311291389249156
TNFAIP6,0.007311021513160361
CPSF4L,0.007310848310548373
ERICH4,0.007310843992905062
TXNP1,0.007310697764628773
PDLIM1P1,0.007310644715159629
RPL7AP7,0.007310536852723621
CTD-2550O8.5,0.007310349467377259
RP3-446N13.2,0.007310188426543435
RP11-10C24.3,0.007310078004063634
C11orf95,0.007310001686442544
RP11-283G6.4,0.00730952739179052
RP11-875O11.1,0.007309425638449467
L3MBTL4-AS1,0.00730897596357075
LINC00863,0.007308774079222293
RPSAP10,0.007308081937199139
CTB-174O21.2,0.00730770852090493
RPL26P37,0.00730746325181868
BEX5,0.007307346182685982
RP11-16E23.4,0.007307327838315415
RP11-9M16.3,0.00730721445816067
MESTP3,0.007307093754213674
AC096574.4,0.007306567064201863
ZCCHC12,0.007306504419829328
XXbac-BPG300A18.13,0.0073064712684680335
CTD-2515C13.1,0.007305484805218576
NPIPB1P,0.00730546766897655
RP11-143K11.5,0.007304231224537456
RP11-479G22.8,0.007304219663606989
PSMD5-AS1,0.007304091587474035
RP11-324I22.3,0.007303944502597544
CALB1,0.007303842944803226
HIST1H2AC,0.007303782792938834
RP11-359P5.1,0.007303748745884391
CTC-558O2.2,0.007303328729808795
RP11-218F10.3,0.007303191651472065
CHST1,0.007303001105162106
RP11-212P7.3,0.007302521593440424
RP11-84C10.1,0.007302372198460197
LA16c-306E5.1,0.007302191544964205
RP11-345P4.10,0.0073018742235971285
LINC01220,0.007301817355841842
WWTR1-IT1,0.007301783834336691
AC020550.7,0.007301524013613482
RP11-950C14.3,0.007301385536337061
RP3-508I15.18,0.00730132966278224
VN1R1,0.007301277158308847
RP1-302D9.1,0.007301049658405963
SPDYE1,0.007300983795752593
KIAA0196-AS1,0.007300921329669528
RP11-403P17.5,0.0073008769959432215
NRROS,0.007300513798415405
CTD-2293H3.2,0.007300422690946575
AC012146.7,0.007300396602776249
TMEM70,0.007299659455718388
B3GNT8,0.007299274904974918
CMB9-52H4.1,0.007299155292800837
RPL21P40,0.00729914644272757
FAM69B,0.00729853687456376
ZNF402P,0.007298422714389929
RP11-744I24.3,0.007298214916295745
CYBB,0.007298187343476794
SPDYE2,0.007297674046431117
PSMD7P1,0.007297652943314754
AC005300.5,0.007297061919975786
UBE2L5P,0.007297007887822973
RP11-762H8.2,0.007296789070786969
RP11-4L24.4,0.007296575156666003
RP11-165J3.6,0.007296507125746942
IGSF6,0.007296469787652957
DDX12P,0.007296458009535304
CTD-2616J11.2,0.007295827557626078
RP11-136L23.2,0.007295684744677929
RP5-1065J22.4,0.007295498997248834
RP11-775C24.5,0.007294593414988145
S100A10,0.007293487135084321
RP11-12D24.10,0.007293195307859612
RNU6-9,0.007292851736096515
AC015977.6,0.007292600581331863
PNMA6A,0.00729243312915541
DGCR9,0.007292325434532273
EEF1E1P1,0.007292204102786176
RPL7AP4,0.007291473661261382
AC068499.10,0.007291465643318867
RP11-382N13.1,0.00729144754790105
RPS21P1,0.007291408284858403
SULT1A3,0.007291151829874841
EEF1A1P32,0.007291063578235361
PLBD1,0.007291017514864492
RP13-104F24.2,0.0072907910353378945
RPL23AP25,0.007290596745845504
VPS9D1-AS1,0.007290422445639969
RP11-346C16.4,0.007290336423989729
RP11-394O2.3,0.00729027777969563
ZNRF2P1,0.007290115145633797
AC004987.9,0.007289949425419479
RP3-414A15.12,0.007289830233465812
RP11-395P16.1,0.00728974809193446
CTD-2192J16.21,0.007289696849356728
DOCK11P1,0.0072894682427549
RPS8P3,0.007289293667999763
RAMP2-AS1,0.0072890303307881835
LINC00982,0.007288826033240205
VIPR1-AS1,0.0072884906371941515
EPHA1,0.007288283707357588
RP11-407H12.8,0.007288106446515822
RP11-428J1.4,0.007287163701573363
CTD-2653M23.3,0.007286894693673352
KB-1440D3.13,0.007286578847263341
RP11-431M7.3,0.007286383498823657
FAM212B-AS1,0.007286097801459091
CXorf21,0.007285787546169599
RP11-214K3.25,0.007285591691929254
AC078942.1,0.007285503444956995
TIPARP-AS1,0.007285378183561949
AC074212.6,0.007284622485571946
RP11-155G14.6,0.00728408481988323
NONOP2,0.0072840121808499395
RP11-1094M14.7,0.007283757430156029
RP11-91I20.3,0.0072837531589620514
RP3-432I18.1,0.007283738867910429
CTD-2369P2.4,0.007283567517633757
RP11-6K23.1,0.007282877699686588
NPM1P34,0.007282709358178497
TTC4P1,0.007282427953881661
RP5-826L7.1,0.007282021970031392
RP11-284F21.7,0.007282007338577972
CTC-507E12.1,0.0072818549729629384
MIR590,0.007281772036371952
HOXA5,0.007280387945977224
IFIH1,0.007280312190974513
CTD-2532N20.1,0.007279827184037308
RP5-1180D12.1,0.007279723467444955
SZT2-AS1,0.0072796226709955945
AC104534.2,0.007279604031775626
RP11-439K3.1,0.007279110608426474
RPS3AP40,0.0072789850543219705
GPC6,0.00727897634120538
ST3GAL6-AS1,0.0072783585040222705
ST20-MTHFS,0.007278175603551622
C8orf44-SGK3,0.007278113454842531
CBX2,0.007277653795502099
NCS1,0.00727757692126725
ABCG8,0.007276730353500717
RP11-707M1.1,0.007276718830921299
EPHA1-AS1,0.0072766377952945965
ZBTB20-AS4,0.0072761501380662
CTD-2184C24.2,0.007275693600722891
MRE11P1,0.007274766224627081
MAST4-AS1,0.007274436941678861
RP13-317D12.3,0.007274378962548511
RP11-79E3.1,0.0072743713124071045
Y_RNA,0.007274342614427109
IQCA1-AS1,0.007273816508830128
KRTAP5-2,0.007273524547534379
LINC01356,0.0072728675185364956
CDRT15P1,0.007272703277782722
FHL5,0.0072723733474387
SORD2P,0.00727235600478568
RP11-19G24.1,0.007272345630487533
EAF2,0.007271740234331086
GRIK5,0.007271686555328449
RP11-731J8.1,0.007271156277139136
EVX2,0.0072708061689449
SAPCD2,0.00727037530522202
RP11-489M13.1,0.0072701621119285334
CYP27A1,0.007269790591501127
RP11-187O7.3,0.007269713727233806
CTD-3032J10.2,0.0072695551505817125
AC069513.4,0.007269410865023488
CTB-133G6.2,0.007269396998295379
RP11-654E17.2,0.007269165228551458
CCDC58P3,0.007269128870040325
CTD-2179L22.1,0.007267722481711966
CTA-293F17.1,0.007267066193226411
AC140481.8,0.007266954275051212
RP11-468E2.5,0.007266863065450455
AC105393.2,0.007266581314411859
RBAK-RBAKDN,0.007266406650565124
RP11-20I23.1,0.00726601203035046
DNAJC27-AS1,0.007265919661025808
RPS2P44,0.007265865006604591
RPL36A-HNRNPH2,0.00726586282296256
RP1-149A16.3,0.007265824006899061
RPS27AP6,0.007265479531546099
PCDHB16,0.007265263192692424
RP3-412A9.15,0.007265254929803595
RP11-368M16.6,0.007265137977360703
RP11-344N10.5,0.007265016889049118
RP4-800G7.3,0.007265013677707473
SLC22A4,0.00726474401430836
RP11-5O17.1,0.007264353645244674
GABBR2,0.007264113605589634
UBE2CP2,0.007263912859347074
TMEM176A,0.007263444053630667
RP11-101O6.2,0.007262236350024226
AC018730.4,0.0072618946890563385
CCND1,0.007261625827551485
TOR4A,0.007261599950303582
HLA-DMB,0.007260942765897343
LCN15,0.00726082250706119
RP11-244M2.1,0.007260709715287396
CTD-2587M2.1,0.007260365068025128
RP11-261N11.8,0.00726000767395942
RP11-481H12.1,0.007259911657820143
EMP1,0.007258875704297932
B3GNT4,0.007258839445630902
AC006116.13,0.007258622521819286
CTD-2568A17.1,0.007258045975523954
CTD-2002J20.1,0.0072571181844965065
STK24-AS1,0.007256946108748228
SUCLA2P3,0.007256114660882755
FNDC11,0.007255945075435859
ANKRD34A,0.007255689284512865
EN2,0.007255481288573967
PGAM1P2,0.007254857140539661
RP11-793K1.1,0.007254806832849013
RPL32P1,0.00725465127375036
RP11-223I10.1,0.00725458076501846
RN7SL738P,0.007254138183142426
RP11-173M1.4,0.007254064277831491
RP11-881M11.4,0.007253939259531381
RP11-547D24.1,0.00725391982307636
FOXP4-AS1,0.007253419989551069
TRPC5OS,0.007252834498298445
MT-TI,0.007252778512343384
AP001437.1,0.007252375480654086
RP11-439M11.1,0.007251987765142502
RP11-141M1.3,0.0072510861178112776
HNRNPA1P5,0.007250557932960632
FBXO6,0.0072497659988264565
AC007283.4,0.00724851445078443
RP11-136I13.1,0.007248162394145442
CTC-421K24.1,0.00724813273169408
RP11-713C5.1,0.007247756996182659
RP11-545I5.3,0.007247314846355241
HNRNPKP3,0.00724725201267643
RP4-724E16.2,0.007246999961329739
CTD-2375G15.1,0.007246606367271489
RPL26P29,0.007246598082689596
RPS4XP5,0.007246455610016693
TTLL13P,0.0072462581023471926
HNRNPA1P58,0.007246196706598847
LTBR,0.007245955296711228
HCG21,0.007245583647405425
HELB,0.007245542028776484
AC012358.7,0.007245537995058909
CTB-49A3.5,0.00724548819110412
RP11-42O15.3,0.007245366185668936
RPL7L1P9,0.007244348895893762
CCRL2,0.007243170076476164
IMPA1P1,0.007242975756603036
RP11-779O18.2,0.007242760132746845
ELOVL2-AS1,0.007242755582946562
RP11-103J8.1,0.007242207064621915
HCG20,0.007241551003391824
BTLA,0.00724131469464947
RP11-562A8.1,0.0072412370236497985
ZNF407,0.007240994282331733
IFFO2,0.007240843988110492
MIR370,0.007239951821584818
RP11-644F5.15,0.007238977137666923
RP11-863P13.5,0.007238597936030826
PTH2R,0.007237966643184738
RP11-141O11.2,0.007237948259573113
SCARF2,0.007237804863908289
PIH1D2,0.007237100791101224
RP5-994D16.3,0.007237078121345901
RP4-641G12.4,0.007236486169247326
C6orf25,0.007236422380677105
RP11-461L13.3,0.007236106251043258
RP11-48B3.5,0.007235790447035959
AC068491.3,0.007235651664772325
RP11-351C21.2,0.007235103580806703
5S_rRNA,0.0072348613040009455
RNU11,0.007234188248542892
RPL17P41,0.007233322512750929
CA11,0.007232720829642197
RP11-1348G14.5,0.007232597132194653
RP5-963E22.6,0.007232090515180142
HCG4P5,0.007231343315673963
FAM27E3,0.00723128742153525
RP11-1149O23.3,0.007230637001569145
RP13-516M14.4,0.007230609743852632
RAPGEF4-AS1,0.007230568525181062
CH17-260O16.1,0.0072298466831787
LLNLR-246C6.1,0.0072296508686856545
TMEM37,0.007229243936646635
IER5L,0.00722887148913539
ZNF658B,0.0072287808225073935
AL356135.1,0.007228032895474227
CTC-429L19.3,0.0072279019456166025
LINC00327,0.0072278692245066065
RP11-843P14.1,0.007227833706801822
ACPT,0.007227481549537962
AC016700.4,0.007226602065031768
RP11-1228E12.1,0.007226550643653496
SPDYE12P,0.007226180639161894
ITGA5,0.007226179180799922
NAV2-IT1,0.007226104711868668
RP11-18M17.1,0.00722531708976695
RP11-429B14.4,0.0072252207730608906
RP11-350N15.5,0.007225208392723278
HLA-DRB1,0.0072248893780181385
TMEM119,0.007224607268700919
RP11-63E16.1,0.007224581752827748
AC079305.10,0.007224485801105442
SNORA71B,0.007224085678615299
SELPLG,0.007223771300526731
KRTAP5-AS1,0.007223398050726775
RP11-77O7.1,0.007222211829781368
BRINP3,0.007222134701818907
RPL21P42,0.007221791182796754
RP11-403P14.1,0.007221766067825873
AC007131.1,0.007221176476208926
AC034228.3,0.007220517958643854
PSMB9,0.007220312855097765
FAM204BP,0.00721984634515534
LINC00567,0.007219389707346843
CTTNBP2,0.007219205639907956
CTD-2587H24.10,0.007219139207608172
RP11-390K5.6,0.00721906465152146
RP13-890H12.2,0.007218979299834572
CTC-246B18.10,0.0072183043613253
RP11-332H18.5,0.007218214134988147
RP11-242D8.3,0.007218029605196517
HRH1,0.007217964534107295
VWFP1,0.007217606293068685
HLA-DRB9,0.007217452850200487
RP11-803D5.1,0.007216872768846214
RP11-678G14.2,0.007216599557439793
RP11-794G24.1,0.007216277152965412
RP11-370A5.2,0.007215591681672248
RP11-219D15.3,0.00721535254923931
AC009473.1,0.007215115057925578
SIGLEC22P,0.007215047589511259
RP11-403A3.3,0.007214463132431399
CHST7,0.007214005879139577
AC003991.3,0.007213978140373054
AF013593.1,0.007213586110835852
RP11-104O19.4,0.007213265021406914
RP11-756G20.1,0.007213110584553972
CTD-2095E4.4,0.007212727314007816
RP11-1024P17.1,0.00721216902351611
AC007461.2,0.007212059187259562
HSD17B1P1,0.007212042204816118
RP11-361D15.2,0.007212036928135773
AC007950.2,0.007212018877400779
FAM124B,0.007211811561059201
RP11-1415C14.3,0.00721172452337489
LRRC25,0.007211459691689931
TXNP5,0.007210938405519797
GUSBP3,0.007210196346355025
PDE3A,0.007209885914539536
SP5,0.007209691647397454
RP11-554D14.4,0.007209316917827354
TRAF1,0.007209257042756576
RP11-7F17.5,0.007209133555546447
CTA-929C8.8,0.007208170063795707
ABHD17AP4,0.007207826173634801
EEF1GP3,0.007207434692760705
RP11-509M23.1,0.007207238566698882
KB-1572G7.2,0.007207067741682235
TBC1D3L,0.007207023742400316
HSPE1P9,0.007205949307855856
RP11-542H15.1,0.007205693565204698
NPM1P42,0.007205391227586789
CH17-408M7.1,0.0072043582362137926
NEURL2,0.007203938140113496
RPL21P5,0.0072035059528923195
AKAP2,0.007203260645634331
RP11-338K17.5,0.007202771968298792
LINC01545,0.007202617810347378
RNVU1-19,0.00720214544324848
HIST2H2AC,0.0072017662097320235
RP11-429P3.3,0.007201423213011963
RPL10P6,0.007201211986068124
SNORD115-45,0.00720117906906242
CHGB,0.007200799950058829
PGAM1P10,0.007200709287368865
FAM212B,0.007200687590386087
LA16c-431H6.6,0.007199955267060902
KCNA1,0.0071997602626700605
AC005943.2,0.007199650759371662
CTA-363E19.2,0.007199445782613671
RP11-285G1.14,0.007199106734652176
XXbac-B562F10.11,0.007198012007254985
NEURL1-AS1,0.0071980094267187515
FJX1,0.007197697452008417
VN1R21P,0.007197576935203465
GLIPR1L2,0.00719752250743147
ATP1B2,0.007197497107360843
CTD-2616J11.3,0.007197166723936812
RPS24P13,0.007197165435319896
PCBP2P1,0.00719704390098903
RP11-182N22.7,0.0071964085640133825
CASP5,0.0071963733751407005
RP11-552M11.8,0.007195363209334517
FAM35CP,0.0071952315965691654
ALG1L2,0.007194328934957587
CTC-232P5.4,0.007194260513997643
ANKIB1,0.007194123961053735
RP11-281B1.2,0.007194118445675193
NTAN1P2,0.007193757973508598
RP11-163O19.11,0.007193546140035088
RP11-183C12.1,0.0071935330459849504
AC015987.1,0.007193511931714606
RP11-346C20.4,0.007193407382287003
RP11-834C11.10,0.007193371613100282
RP11-6L6.4,0.0071929790768268725
RP11-456K23.1,0.007192633909134702
RP11-596C23.2,0.0071925955809100765
RP11-272P10.2,0.007192480060825001
RP11-732A21.3,0.007192357666473335
RP11-336N8.1,0.007192314088641788
GAS5,0.007192152752036846
RSL24D1P6,0.007191855745248722
GEM,0.007191721882462024
PTPRG-AS1,0.007191704139270797
RP11-1109F11.3,0.007191526958944725
LINC00571,0.007191090204326588
RP11-295I5.4,0.007191082897316906
RP11-435O5.4,0.0071904010312024355
RP11-849N15.1,0.007190320727679196
RPL36AP41,0.007190170076445823
LINC01588,0.007189329335622365
LINC01340,0.0071893060538873056
TSPAN5,0.007189062469116874
ASPRV1,0.007188767384245976
ANKRD20A10P,0.007188495705908556
LINC00987,0.007187801313551072
HBQ1,0.00718770661912307
IQCD,0.0071876965914855736
FGF7P3,0.0071876534933506325
SPINK13,0.007187644129277423
AC078842.3,0.007187187652570141
NOTCH2NL,0.007186468375354464
RP11-74M13.5,0.007185662098636527
TEAD4,0.007185262295782439
RP13-36G14.4,0.007184933772399887
TAS2R5,0.007184476403289085
TMEM156,0.007184367323299211
PCAT1,0.007184250245778324
APOC2,0.007183672161962158
ATP4A,0.00718313898095089
RP11-72B4.2,0.0071827490811182
RPL7P59,0.007182641980419051
STX17-AS1,0.007182289683845625
CTD-2256P15.3,0.0071811045996809176
RP6-74O6.2,0.007180974607082521
RP11-977G19.5,0.007180835154174939
AC013429.5,0.007180814192862436
RP11-104N10.2,0.007180413677852778
CTD-3092A11.1,0.007180278734707472
AC005592.2,0.00718013677794484
RP11-25K19.1,0.007180019271240889
PTCHD1-AS,0.0071800087300855474
CYCSP24,0.007179382202467645
SNORA53,0.0071793378647022075
RP5-940J5.3,0.007179244873899377
AC007392.3,0.00717902920682169
RP11-89K10.1,0.007178800170792388
TMEM254-AS1,0.007178732929271524
RP11-115D7.3,0.007178710131388768
RP11-505P4.6,0.007178433282046231
RPL36AP36,0.007178192718906711
BGLAP,0.0071781151289108955
RP11-317P15.4,0.007177712779729313
RP11-20L24.1,0.007177655273064048
CTD-3193K9.11,0.007177623791087228
AC009501.4,0.007177598817604676
RP11-152N13.16,0.0071772701065596165
RP11-86H7.6,0.007177055468483582
EBI3,0.00717610527037154
RP11-25H11.1,0.007175570586124277
EXTL3-AS1,0.0071755659754934725
RPL7P18,0.0071747560281934224
TTC36,0.007174672250506449
MT1M,0.0071745894044043
BAHCC1,0.007173654361043227
RP1-253B10.1,0.00717330707552077
RP11-697N18.4,0.007173131959036092
TMEM169,0.007172707457090661
RANP2,0.0071723842104444045
ATP5F1P7,0.00717224481116461
TET1,0.0071721368152430215
AP000255.6,0.007172026129472949
RP11-82L18.2,0.007171559566068071
RPL39P18,0.007171071106354005
S100A6,0.007170794203602644
RP6-91H8.1,0.007170720784519854
RAB11FIP1P1,0.007170658076387942
RPSAP44,0.007170629765689094
ARG2,0.007170467204943837
LTB4R2,0.007169986879294811
RP11-517I3.2,0.0071699220263751
U91328.22,0.007169669726494629
CTD-2650P22.1,0.007168897817579539
RP11-834C11.11,0.007168635967132878
ME2P1,0.007168492258397713
LL0XNC01-116E7.2,0.007168391666779743
RS1,0.007168258884632907
RP11-165A20.3,0.00716771480390063
HMGN3P1,0.007167703478385525
ATG16L2,0.007167603923663138
HIST1H2BD,0.007167584520656693
RP11-28H5.2,0.007167135661971576
ARID3A,0.007167058273574259
RP4-754E20__A.5,0.007166929391988442
TMEM215,0.007166733287587977
RP11-460N20.4,0.007166561346521576
RP11-219B17.3,0.007166199301789254
RNU6-33P,0.007165995056832869
PPP1R2P1,0.0071655105120316965
RP11-174G6.5,0.007165359670859246
GATSL3,0.007164727377407896
RP11-382A20.1,0.007164632718840066
ZNF337-AS1,0.007164448855307273
RP11-195B3.1,0.007164279124570042
RP11-455F5.4,0.007163649927650194
RP11-725P16.2,0.007163134054336585
RP11-91P24.6,0.007162859145111077
PRRT3-AS1,0.007162136557036926
RP11-21B23.1,0.0071616148860501015
AQP11,0.0071615412184433645
RP5-858B6.3,0.0071614253024913695
CTD-2600O9.2,0.007161106194065351
RP11-326C3.12,0.00716095404560231
RP11-618N24.1,0.007160675265072898
ATP5G1P4,0.007160273146353773
RP1-199J3.6,0.007160194811099763
DDIT4,0.007160137736025115
AK8,0.00716009440078532
RP11-477I4.4,0.007159956479081303
RP11-840I19.5,0.007159830751854584
RP4-760C5.3,0.0071598090859267705
AC069368.3,0.007159638670677016
CTD-2517O10.6,0.007159624309089419
SIGLEC9,0.00715951607051565
RP11-51F16.9,0.007158902903237084
HS6ST1,0.007158504376955734
GTF2IP13,0.007158067711247812
RP11-79O8.1,0.007157981325032042
RP5-836N17.4,0.007157788311224617
DUTP6,0.00715766971749574
RP11-698N11.2,0.007157576354443367
RP11-203B9.4,0.007156863207651047
UBL4B,0.0071566036922846
PABPC4L,0.007156439294063529
RP11-16C1.1,0.007155810865077679
MRPS17P1,0.007154734328865432
CCDC177,0.007153968725815221
RNU6-1223P,0.007153592513730715
AP000593.5,0.007152882858842989
SNORD91A,0.007152814236076669
RP1-63G5.7,0.0071527184352914944
ELOVL2,0.007152623606494637
RP11-316M21.6,0.007152608800775851
LAMP3,0.007152374773644054
PAIP1P1,0.007152369104872864
Metazoa_SRP,0.007152304673479929
GAPT,0.007152170296226836
LINC01366,0.007152160524431793
CTD-2555A7.2,0.007151844147809091
Y_RNA,0.007151441028857311
RP11-30L15.6,0.007151332581699151
AP000438.4,0.00715120828324575
KCNK6,0.007150724054457269
RP11-260M2.1,0.0071505095411993555
CACNG4,0.007149901362480223
C2orf88,0.007149572991250254
CACNG8,0.007149568035842972
ASCL1,0.0071495157340664755
RP11-732A19.6,0.007149259634285651
TIMM17BP1,0.00714919848883368
LRRC37A5P,0.007148778829101864
MIR34A,0.007148614809933387
HNRNPA1P9,0.00714856285684227
RP11-714G18.1,0.00714849787435878
RPS23P7,0.007148461860483365
ATP8B1,0.007148407513097958
CCDC169,0.007148317146074671
TLR7,0.007147705742172604
CTD-2616J11.14,0.007147436715549206
IRAK3,0.007147378759557982
MIR296,0.0071472901989150465
AC005519.4,0.007146907383843149
RP11-145H9.3,0.0071465670634842555
FER1L6-AS2,0.007146415273045331
RPS3AP4,0.007146381971657606
C9orf163,0.007146133263713577
RP11-250B2.4,0.007145773794330678
LDB1,0.0071450388891603
AC147651.4,0.007144643444819762
AC000067.1,0.007143819621476743
RP11-264B14.2,0.0071436600294657055
KBTBD7,0.007143186765888419
TLR2,0.007142887044770227
LINC00599,0.007142525563468908
RP11-701H24.3,0.007142151949650481
FAM58A,0.00714173283135481
CTD-2545G14.4,0.007141581621860743
RPL35AP32,0.007140914937674066
PLEK,0.007140717418775554
BUB1B-PAK6,0.007140507990971875
RPL21P123,0.007139724288543139
MIR4458HG,0.007139345376531294
RP11-844P9.1,0.0071391796023965925
RP5-1157M23.2,0.007138605348995013
RP11-430H10.1,0.0071378330068246135
MYT1L-AS1,0.0071376798508786705
KCNC1,0.007137554421438336
RP11-209D14.2,0.007137342051044088
PLP2,0.007137253964572567
RP5-1096D14.3,0.007137086218315368
CTD-2653D5.1,0.007136886697880472
AC084809.2,0.007136331784865524
RP11-490B18.6,0.0071362104816680445
ABCC6P1,0.007135917200883733
RP5-933K21.2,0.007135103337787176
VAV1,0.00713460319271823
PHBP18,0.007134376376932587
AC100830.5,0.007133886904339887
CTC-260E6.3,0.007133563437906219
EFCAB14P1,0.007133361969841192
CDK5R2,0.007133182858189379
RP11-110I1.6,0.0071330164764907104
RNA5SP108,0.007132957768887499
FBXO33,0.007132929279227056
ZFR2,0.007132338042995566
AC025750.5,0.00713219443454669
RP11-110H1.4,0.007132138278859388
MTND4LP30,0.007132083413016726
BX470102.3,0.007131776144406905
ULBP3,0.007131663766223489
RP11-61E11.2,0.007131415012458152
RPS24P16,0.007131234811193992
THEG,0.007131104658370169
RP11-1109F11.5,0.007130739095097724
RP11-446F3.2,0.007130680394681887
ZFYVE9P1,0.0071304760001522915
RP11-423H2.4,0.007130181308706546
PFN1P11,0.0071300587232641655
SUCLA2P1,0.007130035863443179
RP3-322G13.7,0.007129506850139429
VDAC1P5,0.007129113341427228
GAPDHP67,0.007129042161778765
RP11-798G7.7,0.007129026680698026
RPSAP20,0.007128958984501078
NPM1P51,0.0071286872748799425
RP11-121L10.2,0.007128639443763769
CTD-2026K11.6,0.007128473068291198
RP11-332E4.1,0.00712772169463972
LINC00710,0.007127109050345952
RP11-837J7.3,0.007127048362020229
RP11-386G11.11,0.00712691430172179
PHKA1P1,0.007126864004799547
AP000866.1,0.007126305108083294
RP11-269F21.2,0.007125798602819589
Metazoa_SRP,0.007125449859130522
RPL13AP19,0.007125018555064605
C7orf55-LUC7L2,0.007124738193265267
SYT11,0.007124678177118554
LINC00412,0.007123856408509718
RP11-15A1.2,0.00712331698567098
ATP5A1P8,0.0071228955457426175
CLEC5A,0.00712195960690804
RP11-390F4.3,0.007121697462897256
RP11-37L2.1,0.007121655139861827
FKBP11,0.007121529697533849
NR2F1-AS1,0.007121520280323728
RP11-524F11.1,0.007121417434505507
ZNF32-AS2,0.007121056385289831
CTD-2002H8.2,0.007120467069126223
RP11-91P24.7,0.007119362827375196
KRTAP10-2,0.0071183026498895935
FLJ33581,0.007118177869113974
AC011625.1,0.007117528555229489
NKX2-2,0.007117503782397581
AC005229.7,0.007116452538249342
RP11-927P21.4,0.007116108304883838
C2CD4C,0.007115789450156906
AC011288.2,0.0071157778558406356
AC004449.6,0.0071147152544498975
LINC01150,0.007114641188867018
RP11-284F21.9,0.007114483957970773
RP4-564M11.2,0.007113710440523636
RP11-464F9.22,0.0071137040719474335
FAM133CP,0.007113522507648094
AC008759.1,0.007113382724568684
MTCO1P2,0.007113026379734123
RPL21P41,0.007112990059040235
C15orf65,0.007112793139040001
FAM20C,0.007111903050590525
OSMR-AS1,0.007111700298429189
RP11-536C5.2,0.007110987741758116
RP11-69E11.4,0.007110896435312497
PIRT,0.007110845966455658
CTD-2583A14.1,0.0071105562056814325
PCDHB1,0.0071104954329254365
TPT1P14,0.007110467816694656
TMEM14A,0.007109883550260747
RP1-261D10.2,0.007109557371428375
C1QL3,0.007108010668476509
CRH,0.007108006014819669
AC009474.2,0.007107846001756077
CTD-2033C11.1,0.0071077330643507875
CACNG6,0.007106836347517479
RP11-92G12.3,0.007106685858892273
TRPC5,0.007106635636412768
HTR6,0.007106569994644092
RP11-196G18.22,0.007106114542549143
CFL1P1,0.007106104557385532
AF001548.5,0.007105788411450558
LSM3P5,0.007105684224509967
NRBF2P3,0.007105533170982857
RP11-449G16.1,0.007104818832349649
RP11-326E7.1,0.007104735206569793
RP11-420J11.1,0.007104621497372356
RP4-681N20.5,0.007104479171159674
RP3-395M20.8,0.007104047374977815
SNORA15,0.007103910916300066
GREM2,0.00710365750600797
RASD2,0.0071033693655040316
RP11-524L6.2,0.007102602640115947
RP11-295D4.4,0.0071024025781617406
AC104655.3,0.007102351032286605
RP11-573D15.9,0.007102288297972404
SLC12A3,0.007101916387918005
ARL11,0.0071016349408407325
RPS4XP9,0.007101558129505262
RPL19P13,0.007101373932660067
LINC01235,0.0071013474238480105
GS1-259H13.7,0.007100480777476203
PTGIR,0.007099670283441963
RP11-552E20.4,0.007099476003306007
HRCT1,0.007099242939860241
RP11-346J10.2,0.007098932555987693
RP11-521B24.5,0.007098637474806738
RP11-399O19.9,0.007098304753494493
BRAFP1,0.007098135393742556
RP1-149A16.17,0.007097588787637167
CHRNE,0.007097052072033839
CT45A11P,0.007096963565947482
RP11-764K9.1,0.007096514379347658
MIR647,0.007096049196124115
CTC-303L1.1,0.0070959491211988945
SPATA31C1,0.007095645370640256
ST14,0.007095583904247553
KRTAP10-4,0.007095557297116583
RP11-414H17.5,0.007095052186969935
APOBEC3D,0.007094986484674398
FEM1AP2,0.007094740442238083
MIR4500HG,0.007094707629471641
RP3-449M8.9,0.007094541633128231
HAR1B,0.007094471070140141
PPM1N,0.0070935247351595725
AC087294.2,0.007093238283237648
RP11-491F9.3,0.0070932359727288894
RP11-439A17.9,0.007093188286568093
RN7SL608P,0.0070930085384726446
RN7SL535P,0.007092959924727183
SNORD100,0.007092715891081591
RPL37P1,0.007092679930403348
FLJ12825,0.007092032102992069
SRXN1,0.007092022671172952
MCFD2P1,0.00709194042331546
RP11-1396O13.2,0.007091831935849819
HCST,0.007091525599186573
LA16c-325D7.2,0.007091098330109362
RP11-449H3.2,0.00709102028715819
RP11-169D4.4,0.007090890131853428
SUGT1P1,0.007090788539840018
USF3,0.007090733129682276
RP11-503D12.1,0.007090729451597278
HIST2H3DP1,0.007090447645492425
CLRN1-AS1,0.00709042583347012
CYTOR,0.007090391490571792
RP11-750H9.5,0.0070901863025200264
TOMM20P1,0.0070900415596505725
OR2L6P,0.007088619556184891
BIRC6-AS2,0.007088515684358145
CTD-2184D3.5,0.0070882760482984765
SRGAP2-AS1,0.007088221057353754
RP11-178L8.4,0.007088109102170203
RP11-889L3.4,0.0070879114351499566
CTD-2538A21.1,0.007087310365042099
RGS18,0.007086529443790065
RP11-525K10.3,0.0070865096841123245
RP13-228J13.1,0.007085205047152639
AC009120.3,0.007084702404541751
RP11-80H18.3,0.0070845475746153805
RP3-477O4.14,0.007083826001111859
LINC01126,0.00708313132691421
CTC-756D1.1,0.007082808608153773
PXDN,0.0070826056669203215
CYP26B1,0.007082083734482962
MT1P1,0.0070819438219769
SMIM11B,0.007081793729372118
GOLGA6L10,0.007081523702692117
RP11-464F9.21,0.0070815119148232184
CTB-147C22.3,0.007081097824733489
CTB-50L17.5,0.007080840508410134
AP001462.6,0.007080522070551052
FCER1G,0.007079702119950612
CTD-2196E14.6,0.0070794395908508395
AC144838.3,0.007079209111655507
AC007966.1,0.007078872236964378
AC116366.6,0.007078701374600428
RP13-895J2.7,0.007078275581838111
SNORD101,0.007077995889476718
RP11-88I21.2,0.007077934778646879
FLJ13224,0.007077332869465559
ACE2,0.0070772328895367005
TPI1P4,0.00707697450554952
EN1,0.00707684300975184
SUMO1P4,0.0070767178580967705
RP11-552D4.1,0.007076204785206688
HOXC10,0.007075404774208059
RP11-977G19.10,0.0070752585205440905
RTKN2,0.007075046007744391
TRIB1,0.007074830501061211
ELL2P1,0.007074642074377808
LINC01094,0.00707458605742157
RP11-879F14.2,0.007074204076758571
RPSAP7,0.007073375572580957
SLC6A4,0.007072456034601685
RP11-323I15.3,0.00707241423118559
RP11-574K11.29,0.007072256608385797
RP11-433J8.1,0.007072162915231315
RP5-1142A6.9,0.007071708564854884
MMP15,0.007071648292312983
CRACR2A,0.007070335879862378
DHRSX-IT1,0.007070190877235064
RP11-384M15.3,0.00707008022201229
RP11-132A1.4,0.007070069977841088
NRIP3,0.007068269198229488
PLA2G12AP1,0.0070681965682262635
SLC38A11,0.00706786674729634
RP11-73M18.6,0.007067531029528801
KRT18P39,0.007067243304245908
AC000370.2,0.007066978757657254
RP11-329N15.3,0.007066590815626006
RP11-425D10.10,0.007066337912331682
RP5-1007H16.1,0.007065847759020847
TAS2R20,0.007065770080181565
CTD-2527I21.14,0.007065761553106085
SMPD4P1,0.007064526954971763
RP11-561B11.2,0.007064186772193735
RP11-141M1.4,0.007064046672274565
RP11-455B3.1,0.0070638721138707805
RPL9P29,0.007063853173210164
GSTM2P1,0.007063587413435613
ALOX5AP,0.007063360225168251
GIMAP7,0.007062426808797225
ZNF214,0.0070623839478961455
LA16c-329F2.2,0.007062198455335222
RP1-111B22.3,0.0070620889989471206
RP11-363E7.4,0.007061384286882921
POT1-AS1,0.007061338985404522
RP11-480A16.1,0.007061333948222452
SNORD19,0.007061019056036527
AF196970.3,0.007060993788084001
CTD-2012K14.7,0.007060735561147853
RP11-81A22.5,0.0070604742325702415
PHKA2-AS1,0.00706022078151436
IL13RA2,0.007060213222579015
FAM215A,0.007060209506799971
RP11-670E13.6,0.007059999076896457
AC015849.19,0.007059536372791894
SNORA11,0.007059499420088499
RP3-453C12.15,0.007059300592283237
INO80B-WBP1,0.007059026001233932
GPR21,0.007058150638018164
RP11-488L18.3,0.007057120752274151
RP11-587H10.1,0.007056670884617102
RP11-49G2.3,0.0070565611534665635
RP3-510H16.3,0.007056170061571724
RP11-229D13.3,0.007055607366488131
RP11-135D11.2,0.007055367794578947
PTGES2-AS1,0.007055057709423953
SLC25A25-AS1,0.007054894582459274
ACACA,0.0070548356694346915
RP4-701O16.5,0.0070541864234881894
TNFRSF4,0.007053855325276364
RP5-999L4.2,0.0070533605658464425
HMGB1P5,0.007052921362812346
TICAM2,0.007052635598946269
RP11-685A21.1,0.0070523841146981885
RP11-266K4.14,0.007051678067099546
AC068831.16,0.0070516602560916
CTA-221G9.12,0.007051267212066633
FZD3,0.007051169484193651
LINC00342,0.00705101605409716
MYADML2,0.007050818942464745
CTC-459F4.9,0.0070506006719886025
RP11-496H1.1,0.0070502565828727565
AKIRIN1P2,0.007049839129207257
RP11-521O16.2,0.0070498232193086765
LL22NC03-86D4.1,0.0070496658472947605
RP3-369A17.4,0.0070485321075315546
AC069154.4,0.007048410591467329
RP11-468E2.4,0.007048318303672288
CTD-3065B20.3,0.007048286435019873
MIR106B,0.007048246797509056
RP11-540A21.2,0.007048143798739086
AC068134.10,0.007047963039474612
RP11-365N19.2,0.007047859333812542
RP11-115A15.2,0.007047744088258968
HOTAIRM1,0.007047164278217159
RSL24D1P8,0.0070471166325538955
LA16c-OS12.2,0.007046595010703298
RP1-68D18.4,0.007046418939382534
AC006042.7,0.007046168733635175
RP11-216M21.1,0.007046165060002586
RP13-228J13.6,0.007046088002312669
RP11-423H2.3,0.007045551616901079
GYG2P1,0.0070452079340195045
NHLRC4,0.007044998309664972
RP4-583P15.16,0.007044955195573896
RP11-401E9.3,0.007044803079786804
RP11-169D4.3,0.007044703896133188
RP1-130H16.18,0.007044651111951767
RP11-386I14.4,0.00704449032555331
RP13-131K19.2,0.007044423267557066
RP1-125I3.4,0.007044373370359108
CTC-325J23.2,0.007044191345047124
FSIP1,0.00704414758999322
IL10RA,0.007044101990359777
LPIN2,0.007043995528836855
RP11-460I13.6,0.007043882343952609
TMEM65,0.007043434865979834
RP11-29H23.7,0.00704316188212741
CTD-2647E9.1,0.0070421553983442235
RP11-572M11.3,0.007042120030944959
TRG-AS1,0.0070419013966637875
RP11-382N13.3,0.007040991414424832
CD226,0.007040877754967405
RP11-324E6.10,0.007040475355301645
RP13-16H11.9,0.0070403647709788185
CTC-548K16.1,0.007040361260811958
LAMA5-AS1,0.007040187769130781
ILF2P2,0.007039964752433462
CTB-164N12.1,0.007039891992470376
RP11-71H17.8,0.007039601157350891
PRKAR2A-AS1,0.007039179374710113
RP11-266K4.9,0.007039139313795559
FDPSP8,0.007038847190839677
RP11-687E1.2,0.0070388163282902715
RPSAP66,0.007038619577393856
MCCC1-AS1,0.007038597334725036
GAN,0.007038452862668108
RP1-72A23.3,0.0070381313729112145
RP11-174N3.4,0.007038029219800271
CTBP2P8,0.007037503994554229
RP11-686D22.4,0.0070374824271678665
CSPG4P12,0.007036940513183166
CHST6,0.007036644197813528
FLT1,0.007036498113421594
RP11-455F5.6,0.007035958726825258
RP11-97C18.1,0.007035862271142077
RN7SKP276,0.007035719994003912
AF064860.5,0.00703500622218718
CTC-499B15.6,0.007034912545768897
RP11-279O9.4,0.007034898512295396
RP11-247I13.11,0.007034394444023749
HCFC1R1,0.007034228134729245
STKLD1,0.007034077067131766
RNASEH1P2,0.007033787859648956
CD180,0.007033785375574
CTD-2538C1.2,0.0070324193536020945
RPL6P2,0.007032402260594791
RP11-192H23.8,0.007032174911544031
NMB,0.007032159215022111
BATF3,0.007032077454929452
AC010900.2,0.007032050347310735
RP11-2L8.2,0.007031841205735563
RNU6-4P,0.007031744794291934
RP11-97O12.7,0.007031223925261957
CTD-3064H18.2,0.007031146780312811
TGFBR3L,0.0070311246139346745
RP11-709D24.8,0.007030712283707953
RP11-23J9.5,0.007030557701180358
RP11-330O11.3,0.0070301450748584534
RP11-367J7.4,0.007030111908181868
RP4-756G23.5,0.0070299271404065155
AC079807.4,0.007029602606780193
RP11-124N2.1,0.007029359371898405
RP4-612C19.1,0.00702931390013586
ST7-OT4,0.007029189772344083
RP11-517I3.1,0.007029030313343093
RP11-1124B17.1,0.007028992825647825
RP11-2J18.1,0.007028745638462172
RP11-262I2.2,0.007028332160921813
RPS27AP9,0.0070281783224063095
ATP5JP1,0.007027854859419411
ASIP,0.007027784068585611
SYNE1-AS1,0.007027282459289286
RP11-733O18.1,0.007026287225706281
PI4KAP1,0.007026164786818481
CTC-304I17.6,0.007026064522501138
RP11-346C20.3,0.00702572812897668
RP11-33M22.2,0.007025385457670716
RP11-598F7.5,0.007025147399472981
AC007277.3,0.0070249089538050955
C9orf41-AS1,0.007024238284062718
CTD-2651B20.2,0.007022177912677733
RPL7P60,0.007022102517818962
RP11-24H2.3,0.007022065652976627
CH17-132F21.5,0.007021912372391789
AC009014.3,0.007021842628430968
AKR7A2P1,0.007021819010013502
RP11-399J13.2,0.007021805475400528
AC007326.9,0.007021744910908982
MIR7111,0.007021400992336851
DSTNP1,0.0070213283833545515
XK,0.00702079495793937
C19orf18,0.007020659672396483
TRABD2A,0.007020258130161605
OPRD1,0.007019876850136858
RP11-264E20.1,0.007019833545809038
DYNLL1P3,0.007017890482468874
LAMP5,0.007017781315430771
GCC2-AS1,0.007017362663144234
NRG3-AS1,0.007017113251066753
RP11-313D6.3,0.007017051979761288
RP11-296O14.1,0.007017034838909913
RP11-506B6.6,0.007016971098085549
C16orf96,0.007016870837044934
AC114765.1,0.0070167336665427045
VN1R83P,0.007016559770020336
RP11-1263C18.1,0.007015979002473374
PCED1B-AS1,0.007015692304006016
AL355480.3,0.007015619305366489
LINC01285,0.007015439478693134
MIR155HG,0.007015409971949059
LL0XNC01-240C2.1,0.007015038862914667
PDLIM1P2,0.007014928521394081
PPIEL,0.007014801538816329
RP11-674P19.2,0.0070143049810452935
DGCR11,0.007014281617838582
RP1-150O5.3,0.007012702183712253
RP11-320G24.1,0.0070124311203946955
OTUD6B-AS1,0.007012013908673417
CTD-2301A4.3,0.007011944681378625
RP11-837J7.4,0.007009705343756351
CTD-2021J15.1,0.007009390281158893
AC108039.1,0.0070093565437692905
RP11-6L6.2,0.00700913053776735
AC092628.3,0.007008582606680807
SNORD19,0.007008492125660581
CTD-2017F17.2,0.007008333319309456
AC073635.5,0.007008209801351925
RPS6P22,0.00700805344893913
SLC25A5P6,0.007007445395030174
DRAXIN,0.00700674375922614
RP11-195C7.3,0.007006619831645203
RNU4ATAC18P,0.0070066133356304116
AC002480.5,0.007005798960939256
RP11-848P1.3,0.00700566524188044
RP11-717A5.2,0.007005469170199556
CTD-3032J10.3,0.007005401532919795
RPL32P34,0.007004942061915936
CTD-2027I19.3,0.007004936666847053
RP4-738P15.1,0.007004469273775618
RP11-94I2.4,0.007004319745674877
RP11-403A3.2,0.007004063255587585
CASC10,0.007003600608911088
RP11-299M14.2,0.0070028060978448246
MIR320D1,0.0070025220422646655
Y_RNA,0.007002094819641596
CTD-2547L24.4,0.007001743352614883
LST1,0.007001636503660531
RP11-472G21.2,0.007001629432296427
MCF2L-AS1,0.007001303992269729
RP11-71N10.1,0.007001083137723045
TNKS2-AS1,0.007001045238382058
RP11-13A1.1,0.007000687234330566
RN7SL130P,0.006999271539258506
EMP2,0.006999242196092978
RN7SL146P,0.006998994665223808
RP11-642A1.2,0.006998456907491076
AC005740.4,0.006998443054081474
TAS2R10,0.006998325657767393
RP11-161M6.6,0.006997901107631569
RP11-158H5.2,0.006997883661084334
AC006483.5,0.006997228727494011
CTD-2005H7.1,0.006997165207399068
HPGDS,0.006995609596297017
CTB-51J22.1,0.006995597850971014
CLECL1,0.006995542002672992
SLC9A7P1,0.006995248231634447
IQUB,0.0069942089860811135
FCGR3A,0.006993804337313704
MANEA-AS1,0.0069934433603284305
SNORD5,0.00699311742853199
RP11-649E7.7,0.006992820957608012
RP11-139H15.7,0.006992669917488126
RP13-476E20.1,0.006992569791291261
CTC-510F12.2,0.006992127477948347
RP11-546B15.1,0.006992001795180202
RP4-635E18.6,0.006991853770443115
LAT,0.006991193927313348
RP11-382D12.2,0.00699114585955992
RPL12P25,0.006989984842155788
CTD-2287O16.4,0.006989862911215365
SHC1P2,0.006989382623613223
RP11-798K23.5,0.0069868829997650796
CTB-33O18.2,0.0069865715408101384
RP11-459I19.1,0.006986434858176761
WNT3,0.006986072693405246
RP11-686D22.3,0.0069859704758729905
XXbac-B476C20.9,0.006985076816474711
SNORD115-5,0.006984511037568109
RLN1,0.006983494363995476
AC005083.1,0.006983469362873411
RPL7P20,0.006983466835647001
RP11-524O1.4,0.006983246154992211
OR51E1,0.006982071981088665
CTC-471F3.5,0.006981960311119292
CTC-527H23.3,0.006981866410533269
AC012594.1,0.006981745726968385
AC007228.5,0.0069817158172321815
AP000708.1,0.006981613668561585
AC004941.5,0.006980757336502911
RP11-22N19.2,0.0069799598935673356
PTTG2,0.006979826987547161
RP11-56B16.2,0.006979745279567891
RP11-13K12.1,0.006979656235906749
AK4P1,0.006979273465214161
CALN1,0.006979187963368345
RP11-390F4.10,0.006979142051712799
Z83851.4,0.006978236209781383
CTC-525D6.1,0.006978066281533701
RP4-616B8.5,0.006977780573736827
LRRN4CL,0.006977603410760189
PRR19,0.006977459033611951
CST7,0.006977441633872243
JMJD7,0.0069772414116426925
SLC9A2,0.006976573369467954
AC007773.2,0.00697605794285998
RP11-650L12.2,0.006975749073456595
AL355480.1,0.006975531869758246
FXYD7,0.006974977162026601
AP000695.6,0.0069749520715605955
MTCO2P2,0.006974409993419215
RP4-753F5.1,0.006974349791685753
RP11-793A3.2,0.00697366069357513
RP11-746M1.8,0.00697271150444321
NCBP2-AS1,0.006972577880158252
S100A2,0.006972404684676437
IRF8,0.006972354624109138
LIME1,0.006972279609687618
FOXD4L1,0.0069722710971781045
CLDN5,0.006972127381575552
RP11-177H2.2,0.00697151036292281
ANKRD30BP1,0.0069710402809990595
SELENOP,0.00697089487298701
HAUS1P2,0.006970784221072562
XXbac-B444P24.13,0.006970430662258461
FAIM2,0.006970032746401221
GOLGA7B,0.006969594836116068
RP11-805F19.4,0.006969112918139751
ACTN1-AS1,0.006969053389102414
RP1-191J18.66,0.0069689962819779894
CTB-178M22.2,0.006968913763992927
ADM,0.006968792725781426
Y_RNA,0.006968186840137229
KCND1,0.006968139426094351
LINC00240,0.006968114469539852
TSTD1,0.006967856402914694
ETF1P1,0.00696756219374689
AJAP1,0.006967414351304395
RPL21P127,0.006966430928262689
AC139099.5,0.0069661020132759195
CDK5R1,0.006965828844689067
AC068580.5,0.0069655216455526345
PHEX-AS1,0.00696503773086805
ELFN2,0.006964481557852172
DPRXP2,0.006964470243602971
RP11-510M2.1,0.006964240282084042
FURIN,0.006963832508340231
AC004540.4,0.006962568516447629
RPL23AP6,0.0069622627819163185
RP11-276H7.2,0.006961884338156086
IGHMBP2,0.0069617003716937005
RP11-98G7.1,0.0069616976423319595
KCNMB1,0.006961616619468203
RBP2,0.0069598643416214565
AC005387.3,0.00695889150944751
UMODL1-AS1,0.0069588487778430765
DNLZ,0.006957557726885601
RGS17P1,0.0069573355391636775
HIST1H2BK,0.006956904036567743
RP11-38F22.1,0.006956483278714964
UST,0.0069564579104223504
RP4-570O12.3,0.006956297181810374
RP11-158H5.8,0.006955763846633703
RAD51AP2,0.006955725496914379
RN7SL481P,0.006953274997205677
CTA-212D2.2,0.0069531822604352546
RP5-1016A21.1,0.006952895242907836
TSPYL1,0.006952500636078719
GYS2,0.006952191709481568
TMEM17,0.00695215574576042
BEST4,0.006952053570027827
RP11-347I19.8,0.00695194588009637
RP11-1099M24.6,0.006951837560934739
RP11-533E19.7,0.006951467180988931
NPIPB14P,0.006951196680602253
RNU6-1053P,0.006950811710331324
RP11-583F2.2,0.006950784125870597
DGUOK-AS1,0.006950371804459509
RP11-211G3.2,0.006949895145061433
CTD-2349P21.10,0.006949858445137727
RP11-613M5.1,0.006949617036088999
COPS9,0.006949577793513801
RPL26P27,0.00694956077948021
FGD5,0.006948970826559767
WWTR1-AS1,0.006948901693893085
C10orf10,0.006948740523163895
RP11-1212A22.1,0.0069484037244866795
POU3F4,0.006948190177104784
RP11-109E12.1,0.006948002529864793
RPS18P6,0.00694766998899303
CTC-347C20.1,0.006947523616488026
AC144530.1,0.0069469102134071085
RP11-23D24.2,0.0069465094773293636
RP11-359I18.5,0.006946322207233851
TGIF1P1,0.006946282177977821
RAB6B,0.006945984844390649
PTGER4P2,0.006945829527314923
WI2-80269A6.1,0.006945029353879024
AC002550.5,0.0069446398329378965
PTENP1-AS,0.006944627700794942
ATP5G1P5,0.006944229779094421
AC007182.6,0.006943661342015968
ZNF575,0.006942948398444113
MIR4496,0.006942179844643
RP3-474G15.1,0.006941966724013442
CTC-250P20.1,0.006941906016731778
RP11-292F9.1,0.006941757060738659
RP11-651P23.2,0.006941558435968596
LAMTOR5P1,0.006941320799099207
RP11-166B2.3,0.0069410097650304745
RP11-667K14.8,0.006940504157727321
CACNA1C-IT2,0.006940500467154671
NUS1P1,0.006940337953548798
PSMC1P2,0.006940162809173928
RPSAP41,0.006940138218413242
UTAT33,0.0069396786680709244
RP11-285J16.1,0.006939598915629109
DLEU7-AS1,0.006939040917559372
RP11-429A20.2,0.006938840117347118
RPS15AP17,0.006938168710044622
RP11-523O18.5,0.006937761687535807
RP11-605F22.1,0.006937676911074012
RP11-129H15.4,0.006937580216395105
PZP,0.006937561294298878
BOLA2B,0.006937499287368715
CFAP53,0.0069371403713921745
LRRC37A15P,0.006936669534691593
IFIT2,0.006936503450976952
PLBD1-AS1,0.006936159395303509
RP11-574K11.5,0.006936128542866894
CTC-523E23.5,0.006935918111773072
PCDHB14,0.006935465474040899
RP11-520P18.1,0.00693485704947797
CYCSP39,0.006934747878727246
PGAM1P6,0.0069342976755829445
PRRG4,0.006933917171785529
MSRB3,0.006933746748896787
RP11-399H11.3,0.006933340011023199
RP11-55K13.1,0.006933247543662638
PPP5D1,0.006933216555049862
RP11-526P5.2,0.006933031837224447
AC007879.4,0.006932842690146243
TM4SF19-AS1,0.0069326646083262295
RP11-284N8.3,0.006932625393410914
CTB-102L5.8,0.0069320708597733725
GAPDHP42,0.00693191643514938
DUSP4,0.006931706797208593
RP5-837J1.6,0.00693168071341528
CTD-2410N18.5,0.006931668753583397
MIR3685,0.006931200712939148
CTA-217C2.2,0.006930891011098654
CTD-2218G20.1,0.006930685888099057
RP11-297K7.1,0.006930518630373303
CH17-264L24.1,0.006930488435368629
RP11-770E5.1,0.006930396904120169
SLC25A34,0.0069298062860764925
SAMD15,0.006929514662661743
TPBGL,0.006929357449689572
CCND2-AS1,0.006928756475483778
RP11-707O23.5,0.00692828456665827
BCAP31P2,0.006928231645374687
AC027612.6,0.006928136653473398
RP11-586D19.2,0.006928005021881866
NPTXR,0.006927979784033077
FAM186A,0.00692751295287592
RP11-188P20.3,0.006927159585624379
RP11-872D17.8,0.006926559112923263
RNU6-850P,0.006926531902570791
OSTCP1,0.0069257707252832245
PGAM1P7,0.006925709567454427
CTD-3128G10.6,0.00692565182085308
ASCL2,0.006925244758875052
RP11-701H24.4,0.006924483662721835
RPL7P25,0.006924432649222936
RP11-881M11.2,0.0069241198508060275
IRF9,0.006924117472841661
RPL7P17,0.006923953317555
SRP72P2,0.006923952167166612
ABCC6P2,0.006923135949156466
SNORD56,0.006922987494828477
FXYD6P1,0.006922903363004069
AC083843.2,0.006922813073604139
BCO1,0.006922757726687644
RIMBP3B,0.006922649616588676
RP11-455F5.5,0.006922617740426935
RP11-728F11.4,0.00692232202741829
COMTD1,0.006921756394315322
UBE2CP4,0.006920832979844807
HOXA-AS2,0.006919343972289885
B3GNT7,0.006919301510232228
RP11-466F5.6,0.006919016546684693
RP11-411B10.2,0.006918523891398473
SIK2,0.006917790973602217
RP13-516M14.2,0.006917659673845076
BAALC-AS2,0.006917466659188857
OMP,0.006917384928414411
AC141928.1,0.006917146420929622
FGF16,0.006917069285404663
HMGB1P39,0.006916997049216494
AC005306.3,0.006916512462689091
RP4-811H24.9,0.006916461312992628
RPS3AP54,0.006916286836548278
RP11-367G18.1,0.006915283141914382
RP11-67P15.1,0.006914743373607362
NENFP3,0.006914672696355135
RP11-256I23.3,0.006914621498583646
MILR1,0.006913957668937406
RP11-497K15.1,0.006913652735295185
RP13-150K15.1,0.006913393267345625
RP11-87G24.2,0.006913240212692958
PKD1P1,0.006913227683699783
CTD-2588C8.8,0.006912893188478749
RP11-961A15.3,0.006912587469102851
LA16c-444G7.1,0.006911576607195292
SEC1P,0.006911566694152539
RIMKLBP1,0.006911447859729208
RP11-192P3.4,0.006911424030295039
LINC00565,0.006911303796445098
CTD-2291D10.4,0.0069109117107719565
RP11-417F21.1,0.0069107334434876915
CH17-472G23.4,0.006910601557221539
RN7SL23P,0.006910474611904676
TAS2R31,0.00690998144478493
TNFRSF11B,0.006909567192431294
DEPDC1-AS1,0.006909068768898511
EIF4A2P3,0.006908082165474507
SUMO2P4,0.00690804734702735
GLIPR1,0.006907998708129371
AC009237.8,0.006907485851897161
RP11-71B7.1,0.00690747212491906
RP11-438D14.3,0.006907394331364781
SCHLAP1,0.006907347734703397
RP11-472N13.3,0.006907008209502697
CNTF,0.006906551488385466
RP11-107I14.2,0.006905445051780868
PRR7-AS1,0.006904838726951449
KB-1742H10.3,0.006904683547413744
PTF1A,0.006904389409299736
RP11-693J15.5,0.006903513962530205
EMCN,0.006903391994156999
AF131216.6,0.006903228061766563
TSHZ3,0.006902582059880335
AP000473.5,0.006902563995919197
GCKR,0.006902430265430718
XXyac-YX65C7_A.2,0.00690169009029342
NAPSA,0.0068999954827386805
CTD-2008N3.1,0.006899917293170385
STAU2-AS1,0.006899432066493413
VAMP8,0.00689938498176618
RP11-159H22.2,0.006899281873190795
NPIPA3,0.006898913001900682
CTD-2536I1.3,0.006898645436682432
CTD-3014M21.1,0.006898163319434555
RP11-701H24.5,0.006898017848550748
RNU6-703P,0.006897347081399649
TAS1R3,0.006897069798905079
RP11-235C23.5,0.006896156501797988
NFIA-AS2,0.006896152113793834
LINC01224,0.006895945047757772
NCLP1,0.006895800867735521
SNORA70,0.006895656361998654
OR2L13,0.00689542185908482
RP11-74E24.2,0.006894807685759821
MTCO2P12,0.006894477907923249
RP11-63N3.1,0.006893867646132599
RP11-104G3.2,0.006893860332454698
PPP1R15A,0.006893271136300785
RP11-517O13.1,0.006893167335804641
MTND5P11,0.006892834637718073
RP11-88I18.2,0.006892622168099771
RP3-395M20.9,0.006892421202903011
TUBB4BP3,0.006892362050841739
RP11-51G5.1,0.006892138777522853
PRR29-AS1,0.006891837943733431
RPS6P16,0.006891636206071328
LINC00854,0.00689160146745813
RNF5P1,0.00689144571519839
SNX31,0.006891110395086575
CH507-145C22.1,0.006890376116151378
RP11-39E3.4,0.006889842661045817
RP3-331H24.7,0.006889737840921242
SUCLA2-AS1,0.006889712299099846
ANP32BP3,0.00688968533786057
NDP-AS1,0.006889634645946897
EEF1GP7,0.00688954897542817
RBP5,0.006889514432376251
AC002401.1,0.006888938924218944
RP11-556E13.1,0.006888925721042681
RP11-494O16.3,0.006888907422153832
BTBD10,0.006888579710224816
RP11-589M4.2,0.006888450729340119
PCDHB8,0.006888418737440985
RP11-876N24.3,0.006888293648264813
GRPEL2-AS1,0.006888076513235607
RP1-159A19.4,0.006887973753757491
ODCP,0.006887932762565501
ATP5HP3,0.006887853898347986
MIR3976HG,0.006887284186460501
MIR3125,0.006886816600973781
RASL12,0.0068865553508927636
RP11-120J1.1,0.006886430503024229
CTC-444N24.13,0.006886404354964359
SHANK3,0.0068863578492980165
RP11-274B21.14,0.0068862184568718844
RP11-423G4.10,0.0068858576304386895
CBX1P4,0.006885745093189276
CTD-2651C21.3,0.006885585885590649
RP11-430K21.2,0.006885059171770257
CTC-435M10.12,0.006884670576306625
VPREB3,0.006884619917854811
AC008746.12,0.00688400430772504
RP1-101K10.6,0.0068833885424947555
KRT18P63,0.006882938787608576
AC009095.4,0.006882758648866518
ALG1L13P,0.006882243747711579
KCNJ6,0.0068816441383312945
SPINK8,0.006881245090228268
LINC01091,0.0068811469830973426
RP11-3B12.4,0.006880123025857983
RP11-165N19.2,0.0068798524873750445
RP11-415J8.5,0.00687923785584349
IRGM,0.006879183636987977
CYCSP51,0.006878506810344274
RP5-1086K13.1,0.0068779663380357965
OGFR-AS1,0.006877964761037496
LA16c-385E7.1,0.006877617000257603
RP11-264E20.2,0.00687759259686006
RP11-1023L17.1,0.0068775551228403755
AC004158.1,0.0068775309524913165
ALPK3,0.006876801470112236
DEFB109P3,0.006876157608577195
RP11-17G12.2,0.006875750690772332
RP11-562A8.5,0.006875687052280336
HIST1H2AG,0.0068756518010557885
REEP6,0.006874980020146634
RPS4Y2,0.006874836642124737
RP11-739G5.1,0.006874642002280116
RNU5E-1,0.006874233991230229
PLIN2,0.006873233313144308
LINC01503,0.006872536132580545
RP11-466F5.3,0.00687232852363521
RP11-339A7.1,0.00687191636349403
RP11-730B22.1,0.006871235710699052
RIMBP3C,0.006871082112785989
MVD,0.006870680382827543
AC006445.6,0.006870663658773409
RP11-758P17.3,0.006870320743894546
RP11-834C11.8,0.006870313642862966
RP3-486I3.7,0.00687011688993301
RP11-483P21.2,0.00686958963384038
NKX2-5,0.006869505299389282
CTD-3030D20.1,0.006869222301821718
UBE2Q1-AS1,0.006868971032418608
AC074183.3,0.006868824635571698
CTD-2014B16.5,0.006868460726816
MTRNR2L9,0.006867525121117199
AF146191.4,0.00686719851635077
NUAK2,0.006867166045648659
RP4-539M6.22,0.006867074981128946
RP11-363H12.1,0.006866593751412441
RNU6-316P,0.00686655548892056
XXbac-B444P24.14,0.006866411382982184
AC092106.2,0.006866185592833731
RP11-195C7.2,0.00686607252897654
PCDHB7,0.006866011291724975
FOXL2NB,0.006865764120493729
SNORD42B,0.00686544754896851
SLC15A2,0.006865316089100925
SKINT1L,0.006865284058649678
FTLP5,0.006865043282210642
RP11-322E11.2,0.0068650294473657425
FAM212A,0.006864740084524967
AC062017.1,0.006864514525487281
GS1-24F4.2,0.006863721951027126
CEBPB,0.006863153339689788
AC004221.2,0.0068627918550614375
FTLP15,0.006862624640007938
RP4-800J21.3,0.0068624078144212215
RP11-12A20.7,0.006862163878238986
D21S2088E,0.0068621240723476225
RP1-7G5.6,0.006861560523851522
DDX3P1,0.00686138350377017
SAR1P1,0.006860478895513754
RP11-407A16.1,0.006859747492154902
RP11-333E1.2,0.006859463019568128
LRRTM1,0.006859433059850619
RP11-699C17.1,0.00685927348225783
AC012358.8,0.006859225636782125
ANKRD37,0.006859121112885983
FAR2P3,0.006859043344807514
RP11-219E7.1,0.0068585703415719144
RP11-114G22.1,0.006858445546795819
GPR3,0.006858377566310331
RP11-180C16.1,0.006858281018738894
RP13-314C10.5,0.006857489193356455
APOL6,0.006856854685070193
PRR25,0.006856630666253167
SLC17A6,0.0068564607429662545
RP11-133K1.6,0.0068562053358377315
RP5-1021I20.1,0.006856193697760693
THRSP,0.0068554223405558725
FAM3D,0.006855342671798345
RP1-257I20.14,0.006855334966509852
AP001350.4,0.006854677794234953
RP11-347H15.2,0.006854497373247821
RFWD2P1,0.006854350766254044
RP1-209B5.2,0.006853382923469612
RP11-613M10.8,0.006852937348365014
GS1-166A23.1,0.006852066651397791
RP11-225H22.7,0.006851969602035667
LA16c-358B7.4,0.006851376075814116
RP11-274B21.1,0.006850464267908415
GPX1P1,0.006850336835023122
AC027612.4,0.006850161348787659
RP11-18B3.3,0.006849847164775607
RP11-572C15.3,0.006849716951608362
RP11-432F4.2,0.0068494735938353195
RP3-405J10.3,0.006849130671197879
RP11-359B12.2,0.006848624171645951
AC068535.2,0.006848558859509624
ERV3-1,0.006848277592193715
AC002398.12,0.006848183614264431
RP11-331F4.1,0.006848183434334785
TPT1P1,0.006848168550501234
UBE2R2-AS1,0.006847895515123366
AP000251.3,0.006847003273429601
KCNE4,0.006846097001132015
RP11-159F24.5,0.0068458012672876255
LARP4P,0.006845523565418489
RP11-61L23.2,0.006845458507415204
RP11-423C15.3,0.006845401479504634
RP11-236J17.6,0.006844282085892776
RP11-649A18.5,0.006844114003019198
RPL23AP59,0.006843987761096584
GMFBP1,0.0068434899201211975
CD7,0.006843306522266787
NETO2,0.006843175040358415
RP11-307N16.6,0.006842992633550487
CTD-2619J13.8,0.006842855177259018
RP11-1152H14.1,0.0068427286623370595
LY86,0.00684272142519303
FBP1,0.006841327757534248
LINC01441,0.006841282817572104
SOX4,0.006840842326073886
CARD16,0.006840676544861154
SLFNL1-AS1,0.006840566994887078
RNU6-361P,0.006839477558888263
CTA-384D8.33,0.00683939283920469
RTP5,0.006838953562809422
GNG11,0.0068386313576882345
KRT18P46,0.006838585306959849
DCTN1-AS1,0.006838544964699377
CTD-3025N20.3,0.006838168774815149
RP11-470P21.2,0.006837706663657878
RNU12,0.00683705995638144
RTP4,0.00683703658303638
RPL21P12,0.006836934805569302
RP4-644L1.2,0.006836912426874101
TLR10,0.006836678490233491
NOCT,0.0068366188099342785
RP11-43D4.2,0.006836509576198345
RP11-13J10.1,0.006836395234088157
AC083867.4,0.0068361636412492335
RP11-383I23.2,0.006835595901257688
RPSAP72,0.006835428526429713
RP1-288L1.4,0.006835133005590193
C8orf4,0.0068351293706625784
TMEM191A,0.006835043661197411
RP11-480D4.1,0.006834786210733946
RPL23AP69,0.006834243335809607
RP11-185E8.1,0.006833984130355971
SULT1B1,0.006833837165762371
RP3-509L4.3,0.006833373763240987
KCNK13,0.00683331925266158
RP11-599B13.7,0.006833172723051393
RP11-231C14.7,0.006832901817124179
FGD5P1,0.006832487897911638
C20orf197,0.006832363383429062
LINC01571,0.006832284821096801
NUTF2P2,0.006832162163974537
RP4-583P15.15,0.006831749855509838
LINC01140,0.006831628895566922
RP11-166O4.4,0.0068314229146428825
RP11-399B17.1,0.006831315572875365
IFITM4P,0.0068311687376348415
ADM5,0.006830901806374211
GCNT7,0.0068303332421106935
RP11-291H24.1,0.006830309609067123
RP11-319G9.3,0.006830285637302326
RP11-152F13.8,0.0068301409049263085
C17orf97,0.0068301274923074865
RPL31P44,0.0068299114771694395
ACVR2B-AS1,0.006829690919691144
ARL3,0.006829527024713358
MKRN7P,0.006829516672432579
RP11-707M1.7,0.006829107874430343
RP11-603J24.14,0.006829037222940743
RP11-817O13.9,0.006828743253562698
KRT18P31,0.0068282082220435915
HNF1A-AS1,0.006827313779226934
NAT8B,0.0068271153967833925
RP11-314B1.2,0.006826863485823456
RP11-676M6.1,0.006826600279572395
KRT16P6,0.006826361926350192
AC008065.1,0.006825044534368299
LINC01433,0.006823993940150456
ICE2P2,0.006823840043147435
RP11-354I13.2,0.006823755397053764
TFAP2A-AS1,0.006823665386905701
RP11-348H3.5,0.006823558079985271
RP11-57A1.1,0.0068233404087192214
AC009517.2,0.006823077595782651
AP000318.2,0.006822518892487534
SMIM8,0.006822445822565021
MLANA,0.006821958099795973
IL27RA,0.006821622040653452
RP11-57K17.1,0.006821006653688053
RP11-436F23.1,0.006820907549166521
CTD-3107M8.2,0.006820809096055862
SDHCP3,0.006819884908921458
LTA,0.006819494813679167
RP11-730A19.5,0.006819468139499263
TUBA3E,0.006819307742946645
CTD-2013N17.6,0.006819181447763742
CTB-119C2.1,0.006818629964943664
RN7SL138P,0.006818440232788332
CTB-31O20.4,0.006818379698818314
SYS1-DBNDD2,0.006818206687910377
RNU6-882P,0.0068181663193299215
XBP1P1,0.006817982604054725
AC008781.7,0.00681795374803263
LINC00601,0.006817918789773866
SHISA8,0.006817400231535063
AC006272.2,0.006817282708481629
LINC00933,0.006817260028054079
CTD-2619J13.19,0.006816523473396475
RP11-474O21.5,0.006815199849310996
IRS3P,0.006814398780042171
RP11-190C22.8,0.0068143891384551975
RP11-7F17.3,0.006813989470468075
LINC00704,0.006813415983093622
RP4-758J24.4,0.00681332955827756
RP11-227G15.10,0.006813259984857647
MTND6P4,0.006813135739755719
RP11-626G11.6,0.0068129134000304275
RP11-203I16.7,0.006812784283331041
RP11-338C15.3,0.006812573009017457
TSEN15P1,0.006812213331982794
EDN1,0.00681191044778958
RP11-368I23.2,0.0068116905943831465
BTG2,0.006811461259034474
TMCC3,0.006811414310893357
RP5-837J1.4,0.006811360041792223
PPP1R36,0.006811134429100667
AC109826.1,0.006811107073350689
RP13-140E4.1,0.0068108611294315355
MIR5581,0.006810475904931566
KDM6B,0.006810078943954608
IQCB2P,0.006809781930318964
HLA-S,0.006808713612249153
RPS3AP15,0.0068084421247155994
CLDN16,0.00680806039610629
AC073052.1,0.006807972840894232
IFI30,0.006807945563180846
LAMTOR3P1,0.006807544517445633
RP11-274B21.5,0.006806742513263116
CA3-AS1,0.006806143301967786
SOX2OT_exon4,0.006806042643194406
RNU6-143P,0.006806000226071415
TPT1P2,0.006805647953209414
NEURL3,0.0068052687776834165
RP11-139K4.2,0.006805266675171233
NKX3-1,0.006805258737145835
KLHL9,0.006805142824620079
RP11-599B13.9,0.006804217940589162
AC015688.3,0.006803575360948054
TRPV4,0.006803152711737085
CTD-2192J16.26,0.006803137798476314
TMLHE-AS1,0.006802987361387219
CBLN4,0.006802833952708812
GSTT2B,0.006802289411860015
RP11-680L20.1,0.006802167484200793
SPRN,0.006802106370666788
PGAM1P12,0.0068020534488191925
HOXB-AS1,0.006801604096577231
RP11-121C2.2,0.006801395963726457
AC005152.3,0.006801190273618461
RP11-537H15.4,0.006801187462188306
OLFM5P,0.006801182683013823
AFDN-AS1,0.0068003051701892225
RP11-4N23.1,0.006799965833956817
RP11-334C17.5,0.006799821379180144
AP000476.1,0.006799537440838776
RP11-485G7.6,0.006799352024648441
RNY3P8,0.006798441733583751
SNORD116-4,0.006798281692889082
RP11-395C3.1,0.0067981778467857855
LRP4,0.006797710569756883
CTC-281M20.1,0.006797555626973641
ZCCHC24,0.006797024770435237
RP11-334J6.6,0.006796277524932451
HNRNPCP3,0.006796026792110128
HSPD1P6,0.006795639229052267
CH17-140K24.3,0.00679560655186918
RP11-662J14.1,0.0067954841315668035
RP11-887P2.6,0.006795391208123526
HIGD1B,0.006795189819898149
CTD-3035K23.6,0.006795172772392609
ADORA2B,0.006794816761765952
TCEA3,0.006794357253046686
SETP5,0.006794350453632567
RP11-1079K10.2,0.006794177052720321
RP4-756H11.4,0.006794114785228235
SNORD69,0.006793731349313729
RP11-643M14.1,0.006793694421400608
RP3-406P24.4,0.0067932135465914355
C1RL-AS1,0.006793194411536059
CALHM3,0.006792152143064514
CTA-313A17.3,0.0067920666480554845
RP11-290M5.4,0.006791782826729803
MRPS21P3,0.006791769900770134
RPL23AP31,0.006791579466119633
RP11-114M5.1,0.006791429727182704
RP11-567L7.5,0.006791392484985301
RP13-870H17.3,0.0067913278216551985
AC011899.9,0.006791061986120278
UPK2,0.006790912268573531
DHRS11,0.006789935369858569
CTC-527H23.1,0.006789904043470636
RNU6-2,0.006789342902551367
RP11-324F21.1,0.006789254617632117
GUCY2C,0.006788659429033138
MIR128-1,0.0067880471305972
RPS5P2,0.00678800715853719
OPRK1,0.006787781613378702
RP11-242C24.2,0.0067876988350043625
RP11-295K2.3,0.006786841113332893
RPL7P51,0.006786209720914165
RP11-653J6.1,0.006785916663838523
MAP3K11,0.006785702798297552
STAG3L5P,0.006785064021148377
LINC01354,0.006785044750600316
LIMS1-AS1,0.0067848944726853
ATP6V1B1-AS1,0.006783893857442009
RP11-1074O12.1,0.006783742675702256
RP11-175K6.1,0.006783493376655904
CTC-518P12.6,0.006783071410264779
CTD-2152M20.2,0.0067830617439275966
AC092835.2,0.0067830147581400225
AC009274.6,0.006782893868857843
CTD-3035D6.2,0.006782715078698055
GTSE1-AS1,0.006782024533503566
RN7SL75P,0.006781923314126782
snoZ196,0.0067817525798394085
RP11-299L17.3,0.006781694556350052
RP11-127I20.8,0.006781479154708277
MAGIX,0.006780448177518087
HTRA3,0.006780368489313547
MST1L,0.00677998340504436
APOC4-APOC2,0.006779898570427213
SALL1P1,0.0067795229684629275
RNU7-171P,0.00677864114041633
TLR9,0.006778314878571114
VASN,0.006777850411475964
RBM12B-AS1,0.006777105683581557
GFOD1-AS1,0.006776856657188932
RP11-15A1.3,0.006776609448656387
ALDH1L1-AS2,0.006776562981120469
RP11-537E18.1,0.006776497238115159
DDX18P3,0.006776139518467146
GSX1,0.006775669123950013
RP4-635A23.6,0.0067754221001437185
GAPDHP31,0.006775396896024302
RP13-16H11.8,0.006775271271036026
ANO7L1,0.006775161141112218
RP11-333O1.1,0.006774613249517628
PPP1R8P1,0.006774533473277865
MESTIT1,0.0067740272264353914
RP11-61A14.4,0.006774008092375603
OLFML2B,0.006773350807365525
AC004837.5,0.0067732065267495254
GTF2IP14,0.006773200008267961
RP4-569M23.5,0.006773144827811721
RP11-531A24.3,0.0067730475664424215
AC008522.1,0.0067724903667642795
CTD-3220F14.1,0.006771812308697519
RP5-1132H15.3,0.0067717963470352045
HSPA1A,0.006771682466995327
RP11-624D20.1,0.006771674016220648
CTD-2525I3.2,0.0067716087586097914
TMEM121,0.006771025561513259
CTD-3088G3.8,0.006770923443908463
LA16c-395F10.2,0.006770805239789154
SAP18P3,0.006770744000239528
CTSS,0.0067704303584372105
USP46-AS1,0.006770395243272518
FUT1,0.006770083946241693
PCOLCE2,0.006769996034422543
RP11-274B21.10,0.006769258027285856
SNORD14A,0.006768768786726064
RP4-800G7.2,0.006768749250394905
IRGQ,0.006768136824688463
LINC01271,0.006768086164374423
RP11-231L11.3,0.00676795883718532
RP4-562J12.1,0.006767850501371007
CTD-2231E14.8,0.006767731644712022
RP11-461A8.4,0.006767375652670627
RP11-296E3.2,0.006767317432069069
RP11-737O24.5,0.006766508554292693
TAL2,0.006766193087355803
TCEB1P19,0.006766181603323066
RP11-195E2.1,0.006766159307173971
RP11-109N23.6,0.006765787577367827
U91328.19,0.006765780765552398
TRIB3,0.006765504932157654
RP11-96D1.5,0.006765363173336738
RP11-303E16.3,0.0067650864388037754
RPL36AP51,0.006764612441471636
RP11-139H15.6,0.0067635476810948905
KIAA1147,0.0067633548983535635
ST13P11,0.006763345048803222
PALM3,0.006762264394834183
HSPA6,0.006760969919904836
RAMP1,0.006760575708331773
RP11-111F5.4,0.006760317250230781
RP1-144F13.4,0.006760271954822853
RP11-731C17.1,0.00676019537912312
RPS3P7,0.00675991403601378
ANKRD9,0.006759832596929886
CH507-9B2.9,0.006759590854503201
RP11-49K24.5,0.006759544336142616
RP11-958J22.2,0.006759452916379595
RP3-406A7.5,0.00675925878098498
RP13-554M15.7,0.0067592221436355805
HIST1H2BG,0.006758745012342977
CD27,0.006758535618495417
RP11-80H8.4,0.006758459436833965
RP11-897M7.4,0.006758067971953844
RHOT1P3,0.006757679167170338
GP1BA,0.0067570858550571435
RP11-473M20.9,0.006757084334134635
AC011551.3,0.006756923423071523
AC002117.1,0.006756759465787057
RP11-122K13.12,0.006756728902418687
ENPP7P8,0.006756566147681331
RPL17P44,0.006756548300728366
RP3-508I15.14,0.006756036688847013
RP5-1024C24.1,0.006755454081657214
RP11-235E17.6,0.0067553686647885604
HNRNPA3P2,0.006754806083691103
RP11-131O15.2,0.0067547206896654425
FABP5P1,0.006754714102823597
TYRL,0.00675448417088089
RP11-91P24.1,0.006753838032993729
DDX39B-AS1,0.0067534912584508045
PIN1P1,0.006753361543837826
RP11-307O13.1,0.006753292744398586
RASA4DP,0.006753000409684756
MIS18A-AS1,0.006752880041807805
RP11-850A17.1,0.006752834403200209
RP5-1049N15.2,0.006752827617735521
RP11-440E5.1,0.006752765012620879
COX6B1P5,0.0067515639385673405
MED28P3,0.00675108304153024
AC140542.2,0.006750804091084772
RP11-152P23.2,0.006750623986993468
RP6-186E3.1,0.0067500488556747
GALNT4,0.0067497018169786725
RP4-665N4.8,0.006749550270114053
ATP4B,0.006749469547276906
RP11-678G14.5,0.006749202085949207
AC098820.4,0.006749091895811947
HILPDA,0.006748938821865324
AJ011932.1,0.006748078194183538
EIF4EP1,0.006747470295586403
FSTL3,0.0067473490269826875
LINC00216,0.006747222185731732
RNU7-67P,0.00674709614421479
HMP19,0.006746949979015616
RP11-274H2.2,0.006746655003781011
RPL23AP81,0.006746149958191064
CNR2,0.006746015399799506
UBE2HP1,0.006746004791209518
LINC00456,0.00674574264419898
RP11-598F7.6,0.006745540950334021
RP11-415F23.4,0.006745364695321142
CTD-2536I1.2,0.006745256581814444
RP11-498C9.4,0.0067441452104191136
S100A3,0.00674411222426397
TSSK5P,0.006743922195505733
RP11-360O19.5,0.006743266929837887
RP11-69E11.8,0.006742671586988622
RP11-439K3.3,0.006742064680903106
RP11-686O6.2,0.0067418953337844275
MICE,0.006741879623453961
SIGLEC14,0.006741861827823187
RFLNB,0.006741104132575099
FAM26E,0.006741079260642787
AC007040.6,0.006740902619023859
RP11-390N6.1,0.0067406632249993135
KPNA5,0.006740534805549419
RP11-210K20.5,0.006740407582530628
GRIK1-AS1,0.006740231433557534
FAM209B,0.006740049038808704
AC009166.7,0.0067397302880084055
RP11-155O18.6,0.006739168879285901
RP5-882C2.2,0.0067383098836604136
RP3-508I15.10,0.006737796414066475
HOXC9,0.006737297857105245
S100B,0.0067371425754535865
RP4-655J12.4,0.006737099965436489
AP000343.1,0.006736837330497924
RP11-686G8.1,0.006736635428569492
USP18,0.00673651872917669
CH17-140K24.5,0.006736484067360122
GTF2F2P1,0.006735973318197414
RP11-493P1.2,0.0067355695890935425
GAPDHP47,0.006735491302148605
RP11-893F2.13,0.006735335057526032
CCER2,0.006735287860412435
RNU6-1337P,0.006735175482921212
SLC25A30-AS1,0.006735006431740555
FSIP2-AS1,0.006733986408207112
PI4KA,0.006733854181627
MT-TR,0.006733782795078635
AKIRIN2P1,0.006733683246489887
RGAG4,0.006733443326125423
AC083862.6,0.0067329738156002026
MIR23C,0.006732744288243258
NDUFA4,0.00673257587435511
CTC-439O9.1,0.0067321058872577
RP11-927P21.2,0.006731892533683604
MGMT,0.006731715163896624
RP11-669E14.6,0.006731411026549711
RP5-994D16.11,0.006731286569975782
PCDH8P1,0.006730593117925856
RP11-963H1.1,0.006730540489412705
SFTPD-AS1,0.006729564754071677
Y_RNA,0.006729062363840561
NPIPB15,0.006728940573371961
CTB-96E2.6,0.006728166661633373
RP11-963H4.6,0.006728008579751807
IL1RL2,0.00672798115560962
RP5-1029K10.4,0.00672793843136308
PGGT1BP1,0.006727408544621471
HLA-B,0.0067259547220996875
TTN-AS1,0.006725824098095356
RP11-632L2.2,0.00672500703812626
MGC16275,0.006724798432901664
NEAT1,0.006724416278478411
ACER2,0.006724333370035434
LRCOL1,0.0067241670496202745
CTD-2542C24.3,0.006724075916383796
NDUFS5P3,0.006723899327308623
MIR6859-1,0.006723502448547619
MIR4258,0.006723241561094616
AC124789.1,0.006723221357244139
AC090498.1,0.006723079719761557
RP11-36B15.1,0.006722524411413319
RP11-327E2.5,0.006722402729534335
SESN3,0.006722192809163113
RP11-10A14.3,0.0067216580848575656
SOGA3,0.006721563176955695
RPL32P26,0.00672115124657706
ARMC12,0.006720509214671711
PATL2,0.006720307482650535
RP11-348F1.2,0.006719903918321142
GAPDHP32,0.006719459274061389
RP4-806M20.3,0.0067193400397938755
NUDT4P1,0.006719228548456304
RP11-632K20.2,0.006719026417296494
PCDH10,0.006718755131441891
AP000997.3,0.006718600867331403
PROKR2,0.006718596878591697
RP11-108M9.6,0.006718529732482942
RNU6-1,0.006718465149642393
RP11-424N24.2,0.006718385149459622
NKX3-2,0.006718178787029917
AC104389.28,0.006717235757409756
MEIG1,0.0067171534623536025
ALOX5,0.006717085848284957
RNU6-3P,0.0067170632100890144
CTD-2023M8.1,0.0067169800200859225
BX842568.4,0.006716935032758586
AC008060.8,0.006716376528184838
AC023449.2,0.0067161813097575745
AC005740.5,0.0067160776368501655
LINC00621,0.0067159154921745895
KCNJ9,0.006714879968126873
E2F3P2,0.006714056991290978
LINC00365,0.0067137148890964405
HS3ST4,0.006713549810720059
LINC00845,0.006713382194631272
COX8C,0.006713337653935231
RP11-114H24.6,0.006713077583863997
MTDHP1,0.0067126010894032135
OR9I2P,0.00671204263325767
TLCD1,0.006712023278913875
PFN1P9,0.006711730436966585
KB-1410C5.2,0.006711603125452332
SMCO3,0.006710868223523262
LEMD1-AS1,0.006710683603783411
RP11-91I20.2,0.006710539674556664
BSN-AS2,0.006709215663298628
PPP1R14BP5,0.006708809717662784
NELL2,0.006708780775632838
CPHL1P,0.0067085188772012545
RP11-566K19.6,0.006708093378558285
RP11-180M15.3,0.0067080862393503445
RP11-626A5.2,0.006707893217704
OXGR1,0.006707707135679838
CSTA,0.006707559040902157
RP11-141M3.6,0.006707446417932567
RP4-734P14.4,0.006707336384250644
LACTB2-AS1,0.0067068679007475235
RP1-93H18.1,0.0067062199227037175
MROH4P,0.006706066073194419
RP11-250B2.5,0.006705830061058267
AD000684.2,0.006704536346382965
RP13-216E22.5,0.006704505187745363
RPL23AP49,0.006704366658935935
RP11-46A10.2,0.006704318626330218
ZBTB8OSP2,0.006704246526004649
RP11-641J8.1,0.006704129817291725
CTA-223H9.9,0.006704064335982293
ANKRD18B,0.006703662094402362
RP11-278C7.3,0.006703652432337598
NPIPB6,0.006703053727763509
SST,0.006703008623778226
RP11-424I19.2,0.0067029169591080445
SMAD5-AS1,0.006702870517299125
AC137723.5,0.006702654081548098
RP11-23J18.1,0.0067022803719349
HLA-DRB6,0.00670223100712243
AC026150.8,0.006702044187828028
CTD-2200P10.1,0.006702022007855149
RP11-475D10.4,0.006701884849304734
RP11-521C20.2,0.006701807453360488
CTD-2537I9.13,0.006701516256587228
ITPKB,0.006700454095002346
RP11-298I3.1,0.006699827783804839
RP11-485M7.2,0.006699818416201484
MFAP1P1,0.006699582033093649
SMG1P6,0.006699045914116671
HRH2,0.006697629052812082
RP11-54C4.3,0.006696186873865309
TLE1P1,0.006696058367522828
MTCO1P3,0.006695780036735978
RP11-463O12.5,0.006695731296795228
APOC1P1,0.006694879924752374
APOE,0.0066948462046142335
DPEP1,0.006694752529739662
DAP3P1,0.006694496747874532
RP11-455B2.9,0.0066943843983490086
RP11-455I9.1,0.0066943836620341245
SPPL2C,0.006694367975181628
APOC1,0.00669412277763959
RP13-977J11.6,0.006694120519637736
MRPL35P2,0.00669323013044061
PIK3IP1-AS1,0.006693158377863085
CTD-2147F2.2,0.006692401068567162
TMEM200C,0.006692377204862845
RP11-483C6.1,0.006692353011607424
RP11-517O13.3,0.006692303867979629
RP11-64K12.8,0.006692265409365902
RP11-767C1.2,0.006692262754001075
S100A11P2,0.006691495322944192
LA16c-313D11.9,0.0066914842142058
RP11-394O4.3,0.006691068758985922
MDFIC,0.006690841577835548
CXCR2,0.006690550939674512
RP11-561I11.4,0.0066904105400037005
RPS20P22,0.006690301532800194
HTR2A-AS1,0.00669013200666318
LINC01600,0.006689924332642777
PABPN1L,0.00668952105656435
DRGX,0.006689252543738409
RP3-355L5.5,0.006689080659021249
RP11-4K16.2,0.0066888332992349935
GABBR1,0.006688802070740806
MTCYBP21,0.0066887469514650974
MIR595,0.006688551718271594
RN7SL663P,0.006688475962485719
AC004980.9,0.006688406203254596
IL4,0.006688365437808457
RP11-454F8.2,0.006687457591736123
TMEM47,0.006687185173095614
RP11-242D8.2,0.006687152007781121
RP11-336N8.4,0.006686703701726819
MIR4322,0.006686579994478611
S1PR4,0.006686516139633714
CCDC169-SOHLH2,0.006686428315850565
RP11-121C6.5,0.006686305915223851
ACAP2-IT1,0.006685747817602597
GSTO3P,0.006684815992945639
MIR181A2HG,0.006684606291121336
RP5-1132H15.1,0.006684498695243021
LRP1-AS,0.006684476262052385
AC079776.1,0.006684402668655737
ALMS1-IT1,0.006684112391125264
METTL7B,0.006683914301510448
RRM2P2,0.006683740331029641
RP11-738O11.13,0.006683534318251162
CCDC89,0.006683295415966623
PPP1R3G,0.006683124787670557
HNRNPA1P45,0.006682869796831096
PSMD10P2,0.006682550425367737
AC016831.7,0.006682326587913034
RPS27P25,0.006682222893147581
LINC00092,0.006682167420085479
ZAR1,0.006681596001733625
CTD-2562J17.6,0.006681443857594285
DIRAS3,0.006681390903975502
LINC00173,0.006681296306309682
CTC-429P9.5,0.006681190069483767
TUBB4AP1,0.006681179362294049
BNIP3P16,0.006681117323612544
INTS6L-AS1,0.006680853406580388
RP11-566K11.7,0.0066806491336907714
MIR4477B,0.006680613472153986
ITM2A,0.006680297165561771
Y_RNA,0.006679783172137637
CCR1,0.006679739722702622
RP11-554D14.2,0.0066797204022201176
RP11-59H7.4,0.006679252635356866
AC008982.2,0.006678157201244955
MKRN4P,0.006678046754201415
CTD-3187F8.14,0.0066773701099713655
ANAPC1P1,0.006676344299379298
RP11-276E15.4,0.006676285446953782
EDNRB-AS1,0.006676241032496998
RP11-541P9.3,0.006675633750778981
RP11-326A13.1,0.006675448121113712
HSD11B2,0.006674998832121176
RPS10P16,0.0066743431961180585
GS1-293C5.1,0.006674073831444589
RP5-1132H15.2,0.006673745206502702
TMEM52B,0.00667370291169748
TNFSF12-TNFSF13,0.0066722915575599265
RP3-406P24.3,0.006671949752612447
FAM90A1,0.006671608058998768
RP11-238I10.1,0.006671557935203027
ANGPT1,0.0066714849687962395
CTD-2024I7.18,0.006670991288863411
RP11-153K16.1,0.006670554099349545
RP11-395N21.2,0.0066702588152692715
RP11-616L12.4,0.0066700584821871986
ISCA2P1,0.006669985422529112
MT-TS2,0.006669962546118152
RP11-53B2.2,0.006669712497417888
CTB-41I6.2,0.006669451088273404
BTF3P11,0.006669325133444101
AC097523.3,0.0066692982779609075
HTR1B,0.006669267702967362
RP11-128A17.1,0.006668667395838453
RP11-513G11.4,0.00666829839379724
RBMX2P3,0.0066682110223479935
SNORD60,0.006667977321408663
TRAV36DV7,0.006667448769703349
PPP1R11P1,0.006667447752244974
TPT1P3,0.006667268600895809
RP11-104L21.2,0.0066665423683902065
RP11-845M18.6,0.006666504040175902
CFAP54,0.006666472314652607
BIN2P1,0.006666011744406216
RP11-452G18.1,0.006665609721313684
RPRML,0.006665504632618332
KLF17,0.0066647543098408285
RP11-138I1.3,0.006664476483428815
PRELID1P3,0.0066634191147770016
DHRS4L1,0.006662949013036632
AC034220.3,0.006662378647404699
RP11-744D14.1,0.006661657458704898
ODF3L2,0.006661656944121871
RP11-576I22.2,0.0066614015491881584
HIST1H3D,0.006661362723031244
RP11-749I16.3,0.0066613607467155425
TRAPPC5,0.006661307122629187
RP11-566K19.9,0.006661296454497466
UPK1A,0.006661035675689631
RP11-966I7.2,0.00666059496667691
FABP5P11,0.006660115469892065
LINC01134,0.006659086283820552
SNN,0.006657606490138313
MMP28,0.006656961267568316
AC092301.3,0.006655482817247666
PPIAP28,0.006654474129620671
NTN3,0.006654017790460081
PSMC1P5,0.006653679578405646
MISP3,0.006653460005283284
RP11-419M24.5,0.006652872047249645
RP5-991G20.6,0.006652811173324229
PPP4R1-AS1,0.006652733847341036
RP11-770J1.4,0.00665244797544326
RNA5SP383,0.0066517852037612886
RP5-827C21.6,0.0066516271326065605
CTB-41I6.1,0.006651616836087274
RP5-1186P10.2,0.0066508090837987
RPL21P71,0.006650748354431495
RNF126P1,0.006650257568828348
RP11-73B8.1,0.0066499448555435514
LA16c-316G12.2,0.0066497763000022015
UNGP1,0.006649656227052749
OR7E102P,0.006649579873227382
RP11-368I23.4,0.006648793613660326
C2-AS1,0.006648551781739222
SUPT4H1P1,0.006648387953747274
TCEB1P28,0.006648361814356265
IL34,0.0066475473209064405
FBXO32,0.006647482910460788
RP11-680F8.1,0.006647390352912007
RP11-79N23.1,0.006647021502246491
RP11-96D1.7,0.00664701717127127
CTD-2349P21.12,0.006646856122961226
MEAF6P1,0.006646211542939485
RP11-141C7.3,0.006646142712309064
RP11-45A17.2,0.00664592160373649
LINC00644,0.006645884717912638
ZBTB9,0.006645067864363834
GABARAPL1,0.006645060066865058
RP11-706O15.8,0.006644915780498128
RP11-527L4.6,0.00664483281248406
RP11-121A8.1,0.00664461453279519
IQCF6,0.006644533414913504
RP11-809N8.4,0.006643940781448993
YWHAZP7,0.006643892804197242
WBSCR27,0.006643613696708009
RP11-159D12.2,0.00664347843651167
SH3GL1P1,0.0066433366798343005
RP5-837I24.5,0.006642910351743468
GAPDHP20,0.006642662018645058
MAGI1-IT1,0.006642629901614526
RP11-85B7.5,0.006641846251670361
HLA-L,0.00664097265511308
STPG2-AS1,0.006640619653546289
AC145676.2,0.006640607056010102
RP5-1147A1.2,0.006640449986855611
RAC3,0.006640384116260389
AP001626.2,0.006640220797344483
RP11-18B3.2,0.006639990907304544
MT1XP1,0.006639941313163024
SNORD36C,0.006639408409772119
PSMD10P1,0.006639358776915574
AC102953.4,0.006639329583835683
HILS1,0.00663921552576645
MTCO1P15,0.006639001869209051
RP11-425A23.1,0.006637439888181691
RP11-134G8.7,0.006636944707137262
LINC01426,0.006636850456036652
RP11-596D21.1,0.006636713939470415
RPS26P13,0.006636563549320809
RPS26P39,0.006636484791058944
AC156455.1,0.006636276326582177
LINC01337,0.006635827421569404
RP11-213H15.1,0.006635542375393563
ZNF92P3,0.006635270819127081
AC152010.1,0.0066348484587105214
A3GALT2,0.006634529389566741
HIGD1AP16,0.006634037500144371
RP11-1081L13.4,0.006633768757073469
CTC-378H22.2,0.006633520578050382
RCOR2,0.0066332255595282575
CTBP1-AS,0.006633211452849543
Y_RNA,0.00663312319128085
RP11-388C12.5,0.006632828373920694
GATSL2,0.006632813040221502
CTD-2342N23.3,0.006632382125334679
SH3GL1P2,0.006632332994283012
LINC00851,0.0066319624521826905
RP11-713H12.2,0.0066319505606385045
ULBP2,0.006631112936217352
VSTM5,0.0066310025925298485
LINC01361,0.006629398704656292
RP3-412A9.16,0.006628550717327589
RP11-78A19.2,0.0066280260216661085
CHRM4,0.006627817891274433
DUX4L50,0.006626915775547574
AL022237.3,0.006626527876387548
RP1-20C7.6,0.00662560975690111
RP11-378A13.2,0.006625406083949797
THCAT158,0.006625376378574986
RP11-338K17.8,0.0066249877498407595
RP11-245D16.4,0.0066248675766605635
C14orf178,0.006624628991252647
CH17-478G19.2,0.006624412108745591
RP5-1063M23.3,0.006624356344517427
Y_RNA,0.006624048412234215
UNC5B-AS1,0.006623348559756026
RPE65,0.006623119061948617
RP5-899E9.1,0.0066230432221791235
RPL39P40,0.006623035584064784
RPSAP13,0.006622926106384315
KB-226F1.2,0.006622612144590902
SLC29A4,0.006622606078746133
RP11-265B8.5,0.0066218726532511945
CTC-360P9.4,0.006621169979008891
FAM43A,0.006621070051291971
AC005703.3,0.006620738093108835
RP11-538C21.2,0.0066203146306996
AC000403.4,0.006620283734115283
RP11-144G7.2,0.0066202108850253625
RP11-77H9.6,0.006619876842006999
BASP1,0.006619187764397853
AC015977.5,0.006618916627783358
BMS1P15,0.006618911106018924
CEND1,0.006618444499592975
RP11-849F2.7,0.006618411949784303
AC092675.4,0.006618378057789881
CTB-113P19.4,0.006618287950817643
RP11-809N8.5,0.00661808765208928
RP11-338K17.10,0.006617921846103273
RN7SL571P,0.006617907373643438
NOS2P2,0.006617463704497826
RP11-55K22.2,0.0066172186402029464
CTD-2207O23.10,0.006616961080574513
RP11-142A22.4,0.00661620178501569
RN7SL40P,0.006615810704738141
RP11-84D1.1,0.0066154684840124345
RPS6P15,0.006615313737499749
RPL5P14,0.006614857471185023
RP11-705C15.4,0.006614824207890562
RP6-109B7.4,0.006614485428696202
RP11-876N24.2,0.006614085892987874
RP11-360F5.3,0.006613815377152887
LLGL1,0.006613744986610957
GPR150,0.006613210917253329
C11orf63,0.0066130313488000515
DEPDC7,0.006612966732589384
MAFTRR,0.006612879842938029
RP11-236B18.5,0.006612786037653423
RP11-981G7.6,0.0066126157477517464
CTD-2561J22.5,0.006611632178117957
RRH,0.006611291336397841
RP11-696L21.2,0.006611141168086423
RP11-9N12.3,0.0066109438083030506
RP11-170K4.2,0.006610825596685563
GNS,0.0066107552861017285
HSP90AB6P,0.006610450907870154
RP11-230F18.6,0.006610424245473884
RP11-516C1.1,0.006608766571370565
MIR300,0.006608677419487051
RNA5SP373,0.006607956331240152
HCP5,0.006607875941155353
RP11-385F5.4,0.006607743137391311
AC005682.5,0.006606915618778352
MRPS21P6,0.006606481093584948
AC010240.3,0.0066063561227375665
PSMC1P12,0.006606062600364152
RP11-399K21.14,0.006606060801486328
RP11-561C5.4,0.006605989184821678
RP4-740C4.5,0.006605727768291182
RP11-728K20.3,0.006605300033507003
RP4-657E11.10,0.0066052234483764
RP11-90P13.1,0.0066051820674562925
CTD-2310F14.1,0.006604914313198896
AC005154.7,0.006604370166050404
RP11-128A17.2,0.006603666526059135
CTD-3247F14.2,0.006603204207941606
RP11-305L7.1,0.006602743423536642
ZNF204P,0.006602367793933413
RP1-116K23.1,0.006601923366963949
EFNB2,0.00660164925527393
SPANXA2-OT1,0.006601536791443305
RPS26P2,0.006601154615459494
SLC25A1P1,0.006601102074346429
SNORA7,0.0066007489100942006
AHCYP4,0.006600500938823143
PCAT6,0.006600377747437989
RP11-76C10.3,0.006600197995122612
RP11-229P13.25,0.006600170872240922
LINC01484,0.0066001481552652435
AQP1,0.006600031056163281
RP11-706P11.2,0.006600013092746641
RP11-108O10.2,0.006599931760477669
RP11-77K12.5,0.006599897608866858
ALMS1P1,0.006599620552656392
RP11-469J4.3,0.0065988469135328685
MARCH4,0.006598462570917497
RP11-166B2.5,0.006598429630261975
CRIP1,0.006598173138396447
AC019181.2,0.006596569332561487
AC009495.4,0.006596492878395648
NDUFA5P12,0.006596298715949427
TRIM77BP,0.006596232028239145
RP11-385D13.1,0.006596128963679514
RDH10,0.0065957749406034836
FAM90A25P,0.00659523672801084
IGBP1-AS1,0.006594802780792487
TSGA13,0.006594339551188801
SLC29A4P1,0.006594155079797605
SH3RF3-AS1,0.006593484629522157
CTC-436P18.5,0.006593176053213184
RPL7P21,0.0065931711463506045
RP11-259K5.1,0.006592990398539097
EMX2OS,0.006592844618135073
RP11-348M3.2,0.006592359312213528
CTC-498M16.4,0.006592169324335798
FABP5P2,0.0065920923824673554
MIR17HG,0.006591668880167363
POU5F1P3,0.006591485207860636
ZNF578,0.006591085300107982
CYP2AB1P,0.0065910101476204025
BTF3P1,0.006590263776740673
HSD3BP5,0.006590088799872554
FOXS1,0.006590072378208369
ODF2-AS1,0.006589206728070403
OR10G7,0.0065892065503816225
RP11-571L19.7,0.006589194646592407
CTD-3247H4.2,0.006589194280857583
RP11-364L4.3,0.006589092474948042
SNORA81,0.006588535024350285
AP000265.1,0.006588530950503007
ANXA2P3,0.006588523715657829
RP11-44F14.7,0.006587916851204162
AC005752.10,0.006587614060917325
RPL7P38,0.006587305098135609
ARHGEF12,0.006586840015335846
CDS1,0.006586039885216151
SMIM2-AS1,0.006585551129412521
RP11-656D10.7,0.006585435120047191
NCR3,0.006585349278838634
DDX51,0.00658531569440932
ITGB3,0.006585272872097795
ATP5A1P5,0.006584665781726608
CTC-542B22.2,0.006584178138150622
TMEM92-AS1,0.006583774946387199
DIAPH2-AS1,0.0065837522326953725
MIR1302-10,0.006583745459299666
RP11-545P7.9,0.0065832825406049325
RP11-294N21.3,0.006582023891472083
RP11-157E16.1,0.006581996387273124
LINC00900,0.006581845911650446
RP4-616B8.4,0.006580457322629759
VNN1,0.0065799921553754675
AC006460.2,0.006579516101756583
RP11-506M12.1,0.006578747987413765
KLHDC1,0.00657861457612629
RP11-1182P23.5,0.0065784585376092814
RP11-497H16.9,0.0065778842801179896
LA16c-329F2.1,0.006577838000370942
RP11-583F24.8,0.006577529993313379
ZNF90P1,0.006577261180969831
AC003006.7,0.006577193888791488
RPS3AP5,0.006577080030289804
RP4-800O15.2,0.006577053055484266
RP11-686D22.6,0.006576874985964891
TMEM229B,0.006575423188064986
GPR37L1,0.0065753594685634634
RPL39P6,0.006574961635616192
GOLGA6L5P,0.006574924819000211
HBZP1,0.006574204876631355
APBA1,0.006574083251325075
TCEA1P4,0.006573553269668429
RP11-418H16.1,0.006573201194374037
ANKS4B,0.006573176056786973
OCLN,0.006573011074212679
AC010547.9,0.006572686220459003
GOLGA8H,0.006572450857377183
RP11-644K8.1,0.0065724183249324985
TCAF1P1,0.006572066048284876
RP11-1M18.1,0.006571951379417027
GPR75-ASB3,0.00657147242481667
AC009945.4,0.0065712093828374065
CTC-459F4.1,0.006570428634832067
RP11-163O19.10,0.006570346690030333
RPL21P91,0.006570193917588266
LYPLAL1-AS1,0.006570073963430474
AC108925.1,0.006569535663706676
RP5-1027O11.1,0.006569259040796791
ERCC6,0.006569118001852108
RP4-560B9.4,0.006568924659698683
RP11-245J24.1,0.006568537868561061
SPTLC1P5,0.006568435003074547
RP11-902B17.1,0.006567565076026965
VN2R19P,0.006567399504770508
RP11-281O15.8,0.006567274335779468
STAB1,0.0065664186261835435
GALR1,0.006566268776803185
RPL26P35,0.006566219215406375
RP11-274B21.9,0.0065653732721033505
MAN2A1,0.006565010088130202
NGFR,0.006564970072715979
RP11-795F19.1,0.006564828063194404
TUBB8P8,0.006564258072676579
RP11-826F13.1,0.006563541073888564
RP3-426I6.5,0.006561587128197391
RP11-291I6.2,0.006561346963365673
CCDC81,0.006561042203604678
NOS3,0.006560347889886808
ZNF209P,0.006559455260096546
LINC00908,0.006559322302182683
RP11-265E18.1,0.006559295041952593
AC002480.3,0.0065591902754361525
RP11-80H5.9,0.006559110214822824
AC024704.2,0.00655898612021064
CTD-2358C21.5,0.006558605817335348
RP1-257C22.2,0.006558055344116481
RP11-116D17.2,0.006557553108562171
AC007559.1,0.006557438059619197
CTAGE7P,0.006557382592045319
RP11-863P13.6,0.006556577729370823
RP11-261P9.4,0.006556514571783747
FKBP1BP1,0.006556323520592051
MBL3P,0.006556306095099772
P2RY8,0.006555928016824383
LYG2,0.006555570096031826
RP11-8H2.1,0.006555287953030826
RP11-333J10.3,0.006555251527644025
RP11-56B16.1,0.00655514190487507
ADRA2C,0.0065550167811111665
KHDC1L,0.006554251918002986
KCTD13,0.006554040452496567
RP5-859M6.1,0.006553495448391669
RP4-613A2.1,0.006553280705168906
RP11-1000B6.3,0.006553167934763615
RP4-665N4.4,0.00655300768563372
RP11-973N13.4,0.006552873625395321
CD48,0.006552833907001385
AP006216.10,0.0065528218576826796
NOVA1-AS1,0.006552026071166341
KB-1410C5.3,0.006551419148545877
SUMO2P7,0.006550639886023927
CTD-2123J17.2,0.006549741181467583
CNTN5,0.006549693902954509
AC073072.5,0.0065496031793094754
EXOC8,0.006549551490528991
RP1-258N20.3,0.006549535488074653
RP4-686C3.7,0.006549524672755093
RP11-66N24.3,0.006549400735310709
MIR374B,0.006549258586029282
TPT1P5,0.006548906655538192
RP11-381O7.3,0.006548865523601308
ATP6V0E1P2,0.006548699110654779
RASL10B,0.006548038169276566
RP11-219B4.7,0.006547866465247729
RP11-385F7.1,0.006547808484354936
CTA-941F9.10,0.006547706709243815
RP11-727A23.10,0.00654753113817516
RP4-607J2.1,0.006547430340249276
FGF7P6,0.006547263009773893
CTB-147N14.6,0.006546850252043779
ARSFP1,0.00654661293396352
DKFZP434H168,0.0065466111222766835
FAM110D,0.006545240284631832
RP13-270P17.2,0.0065449633613535885
TMEM246,0.006544879540103164
HIC2,0.006544508698083256
MIR6797,0.006544441359717402
RP3-467N11.1,0.006543982924529446
MST1P2,0.006543974109214123
RP11-635L1.3,0.006543597912783327
LHFPL3-AS2,0.006543534789556258
CICP13,0.006541649302278556
IMMP1LP1,0.006540789803760848
RP11-818O24.3,0.006540728388592524
LRRC46,0.006540421843095143
MSS51,0.006540004732016388
RP11-420A6.2,0.0065392142557318435
RP4-647J21.1,0.006539145225415776
FAM157B,0.00653912127473562
RP5-942I16.1,0.006538773318932486
CTC-499B15.7,0.006538502088220928
HSPA1B,0.006538324459187311
RP11-707P17.2,0.0065378093004635415
RP11-341B24.3,0.006537495534675706
ACER1,0.0065373911427946485
YES1P1,0.006537261944545545
PLCE1-AS1,0.0065369967903907205
RPL21P129,0.006536598998805665
UOX,0.006536114206530119
MAST3,0.00653600163477516
CTD-2651B20.4,0.006535867687761567
RP11-20I23.2,0.0065358602643201735
PCDHB17P,0.006534927888883019
DPP10-AS1,0.00653486435026934
CBX3P4,0.006534650850260819
PGBD5,0.0065344412037483274
RP11-545D22.1,0.006533946040549131
PCDHGB2,0.00653309784920047
NAP1L3,0.006532179170486858
MKRN3-AS1,0.006532033089640895
OGFRP1,0.006531296347810541
CYP2E1,0.006531248467500185
AP001347.6,0.006531209255862648
RNU6-323P,0.006530898041669384
AC019206.1,0.006530495476359854
RP11-60A8.1,0.00653049492376669
LINC00528,0.00653022498007001
RP11-131L23.2,0.006529659554697729
SPRYD3,0.006529566300485417
CTD-2623N2.11,0.006525870347141973
CDC27P1,0.006525738181935765
RPL21P90,0.006523736555423787
RPL18AP7,0.006523622550637501
CHST2,0.006523420416754554
RNA5SP363,0.0065232093826389035
RP11-368I23.3,0.006523122939608966
RP11-44N11.3,0.006521518667401288
RP11-713H12.1,0.0065211338946056935
RAB3B,0.006521094665086123
RP1-34B20.4,0.006521004940424806
RGMB-AS1,0.006520680588014195
RP11-93B14.10,0.006520596052835081
KLF2P1,0.006520565186849825
RP11-122C5.3,0.0065202511977661415
RP11-482D24.2,0.006520149525965592
KCNQ1-AS1,0.006519656956702251
RIMKLBP2,0.006519404145644236
AC090154.1,0.006517984302604968
RHO,0.006517653540500749
RP11-497E19.2,0.006517428012742907
RP3-510L9.1,0.00651737061108581
RP11-356I2.4,0.006516925833147825
LINC01506,0.006516781680539785
FZD1,0.006516639790514875
LINC00237,0.0065164687208928
RP11-128L5.1,0.006516436542332318
RP11-848P1.2,0.006515438417491851
RP4-736L20.3,0.006515342876717777
LRRC37A7P,0.006515150716133956
AC008753.6,0.006514982700427009
RP11-932O9.8,0.0065147381427616185
RP11-572O6.1,0.006514287387658838
RP11-474N24.6,0.0065139810434962425
RP11-164J13.1,0.006513914189165732
RP11-16E12.2,0.00651344221407347
RP11-211G3.3,0.006512976003301826
LINC00702,0.006512975388650143
NPIPB11,0.006512890408447579
MYLKP1,0.006512802438579526
RP11-888D10.4,0.00651193957216588
AC104653.1,0.006511928233862988
EBAG9P1,0.0065117797776674
DBH,0.0065113770935924815
AC010729.2,0.0065111847036149455
yR211F11.2,0.006510645454530026
RP11-490O6.2,0.006510435634854002
RP11-567J20.2,0.006509525258000145
CORT,0.0065094394397335895
CH17-385C13.2,0.006509281610825615
CCDC183-AS1,0.006508989556988561
NGRN,0.006508724808459301
EID3,0.006508527958046683
RP11-338N10.3,0.006508517282128834
RP11-110I1.11,0.0065085034196771694
AC004623.3,0.00650806599628893
MRRFP1,0.0065078597305811125
TRGV3,0.006507823487437742
AC024937.2,0.006507611538331702
RP11-62J1.4,0.006507025473327255
CTC-429P9.1,0.006506745699485974
LINC00517,0.00650617715430633
CYMP,0.006506085591062577
RP5-1021I20.6,0.0065056076615798665
STON2,0.00650384397898631
LLNLF-191C12.1,0.006503400184011801
RP11-500G10.5,0.006503251215798827
PARP4P1,0.006502959502115213
RP1-272E8.2,0.00650230291897145
AC004985.12,0.00650156874577523
C15orf61,0.006501259584817529
MTND2P21,0.00650120005611492
AP001062.9,0.006501171206421209
GNA15,0.006501116637424441
RP11-574K11.31,0.006499781510221084
XXbac-BPG181B23.7,0.006499714767955836
CTD-2033A16.3,0.006499626578968657
CTD-2591A1.1,0.006499493968913541
IL27,0.006498960142218306
RNA5SP452,0.0064985729742992725
RP11-178L8.3,0.006498534500512741
DDX11L10,0.006498453586515079
LINC01587,0.00649730073041333
RP11-509J21.4,0.006496621876705508
KRBOX1,0.006496487905115425
URAHP,0.006496446722208005
RP11-439A17.10,0.006496350010939205
CTD-2122P11.1,0.006495764126676202
C17orf98,0.006495181491267226
RP4-758J24.6,0.006495129279018337
MOCS1P1,0.006495052191340028
SMTNL1,0.006494557785965616
RPL5P35,0.0064944796621498775
SNX19P3,0.00649422344085261
CTD-2012K14.8,0.006493879261262938
RP11-473M20.11,0.00649366224406261
CTC-250I14.3,0.006493433007870972
BNIP3P33,0.00649218447991679
RASSF5,0.006492119265811632
GIMAP5,0.0064916885215324195
CTB-46B19.2,0.006491612627581246
SYCE1L,0.006491603028293241
AC079305.8,0.006491464778054936
AC079199.2,0.006491243168615778
RPS26P8,0.006490692000074687
DUXAP9,0.0064902333240551315
TDGF1P7,0.006490226467132425
RP11-70P17.1,0.006489200137749109
LINC01346,0.00648894976443757
SNORA15,0.006488692162867248
CLDN14,0.006488300724888718
AC073957.15,0.006487944637553981
SNORA46,0.006485822108585956
DLL3,0.006485553689356828
RP11-385M4.3,0.006485515771921754
SOCS2-AS1,0.006485141938339316
GNG4,0.0064851012811133
CTD-2047H16.4,0.006484561556175572
CTD-2189E23.2,0.006484510988214383
MTCO1P22,0.006484399207487637
LINC01291,0.006484265003346797
AC093609.1,0.006483522413653107
UTS2B,0.006483253461708692
AC019118.3,0.006483226215047019
STK24P1,0.0064828075801318585
CTA-254O6.1,0.006482625956661386
LRRC37A2,0.006482513901437949
OR51Q1,0.00648230035844595
XXbac-BPG181M17.5,0.006482256866735999
AQP4-AS1,0.006482115331253152
RP11-886P16.6,0.006481970858276191
AC003104.1,0.00648088678034905
HRASLS2,0.00648023251218282
AC005540.3,0.006479737903862873
LINC01537,0.006479723369555049
NBAT1,0.0064792341823986365
RPL17-C18orf32,0.006478234230808101
SLC7A5P1,0.0064779124949466025
E2F6P3,0.006477775074196062
AC068831.3,0.0064776837730106535
EEF1DP7,0.006477679971940233
CTD-2233K9.1,0.006477659444532014
SNORD63,0.006477455894586473
RP11-109P6.2,0.006477016012880303
LINC01424,0.0064767837492096655
LINC01581,0.00647667784160426
AP001468.58,0.006475910925413041
CMB9-55A18.1,0.006475605640211062
HIST1H2BC,0.006475462569125035
RP1-136B1.1,0.006475374998912032
RP11-703H8.7,0.006475121475697343
RP11-216L13.19,0.006474724446624974
RP11-166B14.1,0.006474696563782338
GS1-184P14.2,0.0064742892020496524
RP11-498E2.9,0.006474039690564568
CACNG7,0.0064737985230905555
PTCHD4,0.006473136348465388
GOLGA6L6,0.0064729598441929225
RP11-51L5.5,0.006472529686010405
NAMPTP1,0.006472520842010053
RP11-107N15.1,0.006471707316567024
AC012370.3,0.006470133017619495
RP11-392A14.8,0.00646955171714543
RP5-1092A3.4,0.006469413980445936
ANKRD22,0.006469160144563139
RP5-1142J19.2,0.006469070794016525
RP11-85O21.2,0.006468746190594801
C6orf163,0.006467980501977971
AC102953.6,0.006467958046905077
RP11-430A19.2,0.006467787581794876
LINC01260,0.0064677477999843325
NPPA-AS1,0.0064672619184915695
MNDA,0.006467206183746609
MT1P3,0.0064660273723636166
SNORD114-21,0.00646557392347725
RP11-231D20.2,0.006464219739960115
ARRDC5,0.006463611216713223
RPL23AP14,0.006463298977637662
RPL21P67,0.00646314742661333
RP11-173P15.10,0.006463132889677135
LPAR3,0.006462865343916268
MYL4,0.006462647701283817
AC093162.5,0.006462635366962339
DKFZP434L187,0.006462538411847261
LINC00622,0.0064622468014676
RP11-253E3.3,0.006462231390312978
RP11-401P9.5,0.0064615849853473855
MSX2P1,0.006461246742198763
CTD-2666L21.1,0.006460805265526672
RP1-292B18.1,0.00645999280507398
RP11-142C4.5,0.006459848129775733
RP1-224A6.3,0.006459272723527672
RP11-393I2.4,0.00645916713236914
AC109631.1,0.006458744096271449
WSB2,0.006458195231981533
RP11-333I13.1,0.006457985826757905
GTSF1,0.00645720135699953
RP1-249H1.3,0.0064570334814799644
GPC2,0.006456996212610707
HIST1H2AD,0.006456700445964476
Y_RNA,0.006456095200566502
BANF1P1,0.006456054839713712
RAP1BP1,0.006455806954543349
GOLGA2P5,0.006455047316259064
AP000892.6,0.0064550367012062805
RNU6-678P,0.006454677554962236
RP4-671G15.2,0.006454566735051832
RNA5SP18,0.006453906553805641
RP11-358D14.3,0.006453890369885651
RP11-832A4.7,0.006453525980301293
MIR6835,0.00645336636640436
RP11-277A4.4,0.006453276785970157
CNTNAP3P1,0.006452786695401996
PCDHAC2,0.006452698670215946
CTB-75G16.3,0.00645250451867211
RP11-351J23.2,0.006452068174129871
AC003090.1,0.0064514405167486735
Y_RNA,0.006450679068622111
RP11-261B23.1,0.006450499581095897
RP11-625H11.2,0.006449875565067673
RP11-2I17.1,0.006449568067991847
APITD1-CORT,0.006449404833599494
RP4-529N6.1,0.006449134679298977
RPL12P21,0.0064490407698184656
RPS3AP30,0.0064486526300444194
PDCD1LG2,0.006448610364529309
FRMPD3,0.0064481022196855595
RP11-78O7.3,0.006447953697869566
RP11-838N2.5,0.006447483947568104
RP11-219B4.3,0.006447191464832732
NPIPB2,0.006447056297164562
RP11-371F15.3,0.006446784111064979
RP4-671O14.5,0.006446451544998645
RP11-368I7.4,0.00644629050049509
RP11-474P2.6,0.006445915438175393
RP11-843P14.2,0.006445879019930102
CTD-3131K8.1,0.006444745676250548
RPS26P15,0.006444694740040569
FABP5P7,0.0064446075545559
NUPR2,0.006444235594627718
RP11-810P12.1,0.006443714040986168
TCEB1P21,0.006443554341636256
CTD-2319I12.4,0.0064435311780161
CTD-2267D19.3,0.006443041612039219
GJA1,0.006442758084932457
RP11-818O24.2,0.006442499191235384
MTND5P10,0.006442320214630395
VN1R84P,0.006442298281936166
RP11-353N14.2,0.006442153131102059
AC135050.5,0.006442035540995274
RP11-286N22.16,0.006441999846782592
RP11-383F6.1,0.006441836940319846
CDKL2,0.006441546224606427
NXPH3,0.006441353899515348
RP11-6N17.2,0.006441344893209086
RP11-76I14.1,0.006441241611718907
AC020915.2,0.006439749856736793
PGM5-AS1,0.006438965271918612
RCC2P7,0.006438392142464679
HBE1,0.006438301712674314
PTPN2P2,0.0064381799993066795
AMD1P3,0.00643810291376033
GPRIN3,0.00643780863709623
RP11-272L13.3,0.006437461457894613
VSIG10L,0.0064369030940906145
RP11-666O2.5,0.0064366692909140375
RP11-529K1.2,0.006436320042067489
RP11-848P1.4,0.0064353471516995974
RP11-382A20.3,0.006434929143373094
RP11-448P19.1,0.00643462563524223
CTD-2021A8.3,0.00643444806022433
RSL24D1P9,0.006434338669214324
CBX3P5,0.006434203120623177
ATXN7L3B,0.006433597755055703
RP11-142C4.6,0.006432937982635634
RP11-1090M7.3,0.006432757207896141
RP4-799P18.5,0.0064323986705932265
RP11-54O7.11,0.006432371475594498
GAPDHP37,0.006432368532360009
RP11-546K22.1,0.006432229905134733
AP001628.6,0.006431204822734845
RP11-900F13.3,0.006431141894686103
EEF1DP5,0.006431112975619444
Metazoa_SRP,0.006430979747958203
ABC7-42404400C24.1,0.0064308942524012236
CTD-2008P7.8,0.0064307655518175385
AC011747.4,0.006430513687941315
RP11-108M9.5,0.006429994392330038
RP11-406H21.2,0.006429760856175085
RP11-425A6.5,0.006429316101071766
SLC30A4,0.006429178191595885
FAM66A,0.006428885973503666
SLC28A3,0.006428805221271791
RP11-522B15.1,0.0064286130774105985
RP1-309H15.2,0.006428441351046296
BTBD17,0.006428207252195729
OR1X1P,0.006428088194863997
GBX1,0.0064273605423084065
CTC-265F19.2,0.006426800133039509
RRM2P3,0.006426382315211679
RP3-429G5.5,0.006425775891019289
ARF1P2,0.0064250675878208055
AC068535.3,0.006425012607501393
RP11-69L16.3,0.006424395066377772
RP11-1376P16.2,0.006423332685740295
RPS20P32,0.006421816931500845
CTD-2145A24.5,0.00642159042916847
UBQLN2,0.006420912724103598
PTEN,0.0064208198242358995
RP11-697E2.11,0.006420608260764814
HOXC6,0.006420562893707439
RP11-174J11.1,0.00641986151364164
RP11-490K7.1,0.006419761312754345
AC139100.3,0.006419728990554744
RP11-440G5.2,0.006419613209704641
SMCR2,0.006419243722164794
MRPS6,0.00641834096528895
RP11-438F14.3,0.006418005081217493
DENND3,0.006417970209012294
CTD-3193K9.3,0.006417731496923497
RP11-536L3.4,0.0064174653535839865
RP11-64C12.1,0.006416777437781261
OR2V1,0.006416703769602608
RP11-356B19.11,0.006416392706583474
RP11-712C19.1,0.006416299544199274
RP11-203J24.9,0.006416278188661334
SRD5A1P1,0.006416239721151517
RP1-164F3.8,0.006415383192304572
RP11-809O17.1,0.006415098295148241
AL592528.1,0.006414450712545542
LINC01068,0.006414429841754945
AGBL1,0.006414349646217183
RP11-297K8.2,0.006414332872525342
AP000361.2,0.006413797771113653
SNAI3-AS1,0.006412484427584341
AC005776.1,0.006412467774886549
BTBD10P2,0.006412431988106427
RNFT1P3,0.006411793249754749
AC005042.2,0.006410632060159881
RP11-578F21.9,0.00640929494793712
ENO1-IT1,0.006409002024057259
RP13-638C3.5,0.006408710339358108
RP13-514E23.2,0.006408674936399299
MTCO3P12,0.00640859126792625
Y_RNA,0.00640815960078753
RPL31P12,0.006408151837027767
INSM2,0.006407958560008624
RP1-309F20.4,0.006407717165249854
AC072062.3,0.006406830830576557
GCNT4,0.0064066414943804205
GK3P,0.006406596890055244
CTC-436P18.1,0.00640647886216835
KB-1562D12.3,0.006405717985925043
HOXA10,0.0064055221837497995
RP11-54O7.17,0.006405206500374686
RP11-572C21.1,0.006405114826676173
RNU2-17P,0.006404994375469602
CTD-2525I3.6,0.006404953651540001
RP1-118J21.25,0.006404732241655069
RP11-831F12.3,0.006404381883316488
AC002984.2,0.006404226781389857
HNRNPA1P71,0.006403933451165411
CTD-2521M24.4,0.006403866029045907
RNU4-39P,0.006403655238878248
RNU6-50P,0.006403640641119244
LINC01181,0.006403615616693891
RP5-1021I20.7,0.006403305717094671
CTB-102L5.7,0.0064032973228084974
IDSP1,0.0064032501007692645
PLEKHG7,0.00640317418381674
RP11-1252I4.2,0.006403094076818526
TVP23CP2,0.006403055678146008
AC104581.1,0.006402792137718279
RP11-209K10.2,0.006402040479762066
ASB14,0.006401978239154161
RP11-381E24.1,0.006401817188896507
HSPC324,0.006401543830904815
CTSW,0.006401541877757819
RP11-416N2.4,0.006400907883157167
GOLGA6L22,0.006400727329601496
HIST1H4J,0.006400662344236922
MIR124-2,0.006399954177644786
RP5-1174N9.2,0.006399755222645785
PDCD2,0.006399755034457391
RN7SL771P,0.006399229758673962
RSPO2,0.006398693669854992
RP11-243M5.2,0.006398255295645481
CTB-113P19.3,0.0063976815530823105
RP11-6O2.4,0.0063967683310885565
RP11-512M8.11,0.006396477668618341
RP11-495K9.5,0.006396390055934337
RP11-129K12.1,0.00639614070799005
SRGN,0.006395843843186293
LINC00484,0.006395014294637535
SLC35E2,0.006394888984498664
ARHGEF33,0.006394791238235153
NPM1P38,0.006393876940309142
C2orf66,0.006393804545257048
ACSM5P1,0.006393696384786074
RP11-218M11.1,0.006393581811960888
RN7SL574P,0.006393386196556597
CTD-2034I4.1,0.006393339881307252
AC012368.1,0.006392883062888996
EIF2S2P2,0.006392378754328508
RP11-20B24.4,0.006392234388546538
RPL6P24,0.006392179342553017
SLX1A-SULT1A3,0.006392077521873688
CTD-2020K17.4,0.006391447616311571
RP11-321G12.1,0.006391211594088949
SNORA31,0.006391118489882167
MIR378J,0.006391052438612308
TCAF2P1,0.006390827571780741
RP11-812I20.2,0.006390576442116465
MIR708,0.006390092520594623
LINC01251,0.006389848654659475
AC002451.3,0.006389754667266316
RP11-663P9.1,0.006389390188933388
SNAI1P1,0.006388849619681755
HIST1H1C,0.00638882795970507
RP11-412B14.2,0.006388700517677968
LLNLR-304G9.1,0.006387881962902812
EFCAB14-AS1,0.006387855873493551
RP5-1091N2.9,0.006387227113221418
TUBB8P10,0.006387143123773966
RNU4-52P,0.006387030644697197
TUBAP4,0.006386895488069794
RP11-407N17.4,0.006385808718468392
RP11-517H2.6,0.006384953689751255
DLG5-AS1,0.006384856718160787
RP11-575L7.8,0.00638424572404447
RP11-181E10.3,0.006384078709184256
FLJ20021,0.00638382851884492
AC009303.2,0.006382902680065564
IMMP1L,0.00638245228742519
LINC00955,0.0063822507124993615
RP11-557C18.3,0.006381878293025745
RP11-1293J14.1,0.0063812924598382215
RP11-312J18.3,0.006381193405833992
HSFY3P,0.006381162877978499
S1PR1,0.006380103121784786
ATE1-AS1,0.006379304635421125
AC006129.2,0.006379238202211835
RP11-166N17.1,0.0063791438296679544
GPR148,0.0063789614196529095
RP11-567M16.3,0.0063787441259946535
RP11-861L17.4,0.006378652874270069
RP11-227G15.9,0.006378349937693356
RPS26P6,0.0063783236201172535
EFTUD1P1,0.006378091334734111
RP1-140A9.1,0.006377466582064864
RP11-710F7.3,0.006377249561159238
AC002480.4,0.006377005116982065
RP11-274M17.1,0.006376876211826447
SPAG4,0.006376442106797352
CTD-3214H19.6,0.006376022574995607
RP11-384P7.7,0.006375754668122945
RP11-996F15.4,0.0063757261100420735
CTB-60E11.11,0.0063756928053233745
AC079907.1,0.006375622356482331
DGCR10,0.006375558341372532
MYLK4,0.006375158989959143
TBKBP1,0.0063750754275116285
Y_RNA,0.0063750589601340385
RP11-85K15.3,0.006374898592960037
LINC01080,0.0063747724349508495
RP11-303G3.6,0.00637383627086301
CTC-756D1.2,0.006373669341935117
RP11-579D7.8,0.006373559728230346
BACH1-AS1,0.0063732367742759055
RP11-640N20.6,0.006372934390686748
RP11-77K12.10,0.006372594539786412
C17orf74,0.006372095451139703
RP11-21K12.2,0.006371688998763912
HLA-K,0.006371654564334106
EPHX4,0.006371294240556785
RP11-61F12.1,0.0063709990975758845
RPS14P8,0.006370411189992722
RP11-697E2.9,0.006370026746664421
HLA-DQB2,0.006369791691798831
AC005779.2,0.006369152117418777
AC005336.5,0.006369032486804003
CTB-58E17.2,0.0063689443435603725
EIF1P6,0.0063686484225653536
AC010761.9,0.0063684666721894176
RNU6-1160P,0.006368177116809013
AP000282.3,0.006368024389777303
DSCR9,0.006368015831194823
CASP12,0.0063678194187374425
AC009120.5,0.0063675760573895296
SLC16A6P1,0.006367425922894906
DUSP8,0.006366506632091044
AC073310.4,0.006366442647457059
MTRNR2L2,0.006366337535843249
CD69,0.006366054120042025
HSP90AB2P,0.006365794207028224
RP11-166P13.4,0.006365778832753303
RP11-305P22.9,0.0063649187024918605
RP11-126K1.9,0.006364241551057435
DGCR5,0.006364166894609429
RP11-24F11.2,0.0063635090103043015
AC011290.4,0.006363505810722029
RP11-196G18.3,0.006363489710846982
RP11-769O8.3,0.006362801616076168
RP11-162J8.3,0.006362752966814747
RP11-1246C19.1,0.006362670982932008
FAM66B,0.0063623219396480085
RP11-90B9.2,0.006362260114497143
C19orf67,0.006362021183739401
RP11-305L7.3,0.006361797304755544
RP11-396C23.3,0.006361579688466853
LINC00685,0.0063615044610995505
RP11-89N17.1,0.006361407535108243
SPATA17,0.006361203237050227
CST3,0.006361185450753286
BRI3BPP1,0.006360980131426644
MT1X,0.006360743443000765
RP11-500K19.2,0.006360637659222445
RP11-626G11.4,0.006359317798189986
CDR1,0.006359315986966377
RP11-573J24.1,0.006359088101938718
AC006128.2,0.006358939272411174
GVINP1,0.0063586552956978615
CTD-2555A7.3,0.006358478896612636
CTD-2227E11.1,0.0063584625124937745
MT2P1,0.006358429339033041
CTD-2270F17.1,0.006358316765687872
MIR600HG,0.006357821596988195
SBK1,0.006357740701541408
RNA5SP82,0.0063574668393235724
BARHL1,0.00635743115183309
RP11-262H14.5,0.00635697195853288
HERC2P2,0.00635675442122199
C17orf78,0.006355986827278969
USP2-AS1,0.0063559003948604155
CTD-2353F22.1,0.00635528328666993
SLC35G5,0.006355276834674423
CDC42EP5,0.006354715528806268
AC007292.6,0.00635457070248778
RN7SKP97,0.006354057068125263
RP11-496I2.5,0.006353962129780719
BCAP31P1,0.006353882074778397
TMEM221,0.006353763234767378
CHL1-AS1,0.0063537270740572785
RP4-734C18.1,0.006353672892491254
CTD-3096M3.2,0.006353046207074734
LINC00176,0.006352751808460807
CNN2P1,0.006351984862618333
RP3-473L9.4,0.006351896106354135
RNU6-669P,0.006351851218664769
AC104134.2,0.006350875652777162
RP11-307C18.1,0.006350614843333938
FOXO6,0.006349871169865877
LL09NC01-254D11.1,0.0063495367318909465
LINC01551,0.006349492896922736
RP11-420O16.2,0.006349205290281735
RP11-566K11.2,0.006348990776036292
RP11-385G16.1,0.0063488249732968835
RP11-661A12.12,0.006348614146332436
RP11-685N10.1,0.006348242863586161
RP11-392O17.2,0.006348176054520755
RP11-404F10.2,0.006348041874446059
KLRG2,0.006347583196091874
C8orf37-AS1,0.0063473384024029635
RP11-117L5.1,0.006346662342565473
UBE2FP3,0.006346616600786626
KRT8P46,0.00634648791846599
C10orf107,0.006346314348879309
RP4-561L24.3,0.006346073269997054
AC005954.3,0.006345001351404685
CDRT15,0.006344910830529046
PAICS,0.00634452230991113
LINC01352,0.006344389968306756
RP11-49K4.2,0.006344134870038996
APOBEC3AP1,0.006343682260689116
HMGB1P21,0.006343604888663738
RP11-618G20.1,0.006343398573350482
URGCP-MRPS24,0.006343377158058196
RP11-341G23.4,0.006343260023572494
MAST1,0.0063429552478649716
ZIC5,0.006342823028857255
RP11-649A18.4,0.006342541699771779
RP11-360N9.2,0.006342197807615275
CH17-262A2.1,0.006342192219963749
RP11-783K16.5,0.006342173867431385
RP11-540B6.6,0.006341837871381326
RP3-393E18.2,0.0063418263389130106
RN7SL583P,0.006341783140905974
PPP1R1C,0.006341681440279916
CTB-108O6.2,0.006341474231540144
LINC00898,0.006341447822566563
LLNLR-268E12.1,0.006341215909738172
EEF1A2,0.006341029858592626
C5AR1,0.006340923620916085
C9orf66,0.0063408942079653825
SNORD115-35,0.0063406696067733834
ZDHHC20P4,0.0063404942498717365
RP11-15B17.2,0.006339713305814407
RP11-950K24.2,0.006339702834967601
SOCS1,0.006339590991612795
FOXD2-AS1,0.0063394214233233916
RP3-508I15.22,0.006339322909969124
HOXD4,0.006338436105488935
RP11-54D18.2,0.0063382572084709835
SAPCD1-AS1,0.006338009851652632
CDK2AP2P2,0.00633776658652657
TBPL1,0.006336978337518789
RP11-49I11.1,0.006336765687508543
AGAP1-IT1,0.006336239647542711
MID1IP1-AS1,0.006336033865667398
HIST1H3H,0.006335720085412603
SSTR2,0.006335662393112805
RP11-82K18.2,0.006335641077842729
CTD-3162L10.1,0.006335503257044352
HSD52,0.006335037856421258
EIF4EP3,0.006334616165151118
RNU6-1157P,0.006334283532983052
Y_RNA,0.006334132003554522
AC007237.2,0.006334071336306647
AC006116.21,0.006333692362273074
CTC-548K16.6,0.0063327181070481344
AC024060.1,0.006331925823995224
VN1R110P,0.006331715457570598
CTC-471J1.8,0.006330014395247124
IL17D,0.006329960528005924
CDC37P1,0.0063298646756731755
RP11-1090M7.1,0.00632975202047384
RP11-168K11.3,0.006329712604585178
TEX26,0.006329614207092184
RP11-645C24.5,0.0063295377597036824
PLPP4,0.006329534520594434
RP5-902P8.10,0.006329416142367527
RN7SL68P,0.006329260853695712
GPR31,0.00632910543305318
RP11-39H3.2,0.0063286358891572435
AC112229.1,0.006328286095307441
RP11-468H14.1,0.006327931983801555
CASK-AS1,0.006327792873415216
BMS1P11,0.006327253652430904
RAD21-AS1,0.00632688492756449
RP11-275I14.4,0.00632685639460997
RP11-156K13.3,0.006326602524342475
CLEC4GP1,0.006326297053891106
HIST1H2BE,0.006326012033015057
MIR92B,0.00632582764196126
RP11-44N22.3,0.006325683131492643
CTB-161C1.1,0.006325428885533885
RP11-700A24.1,0.006324633332858481
AJ003147.11,0.006324471908023432
FGF20,0.006324228903254271
XXbac-BPGBPG34I8.1,0.00632418978073527
ETF1P3,0.0063240906072768
PVRIG,0.00632380408534878
CITED1,0.006323712454630768
RP11-375O18.2,0.006323524153477301
AP001092.4,0.0063231957868820216
EHD4-AS1,0.006322614400909232
RP11-864I4.4,0.006322315657030691
RP4-791C19.1,0.006321894623988609
TIMP4,0.006321590299277454
RSF1-IT1,0.006321349126346621
AC005150.1,0.006321290578025825
BTBD19,0.006321117650749836
ARL15,0.0063206076644368335
RP11-245J9.6,0.006320350548706738
RN7SKP272,0.006320282506908279
MIR1286,0.006319325177439229
AC064836.3,0.0063180600392431785
HCG4P7,0.006317786697524569
LINC00359,0.006317748688205215
RP11-159N11.4,0.006317456275622241
CASC15,0.006316340310987301
RP11-60E8.2,0.006316057027285274
AC017074.2,0.006315579803882534
TEX19,0.006315350377597388
RP11-489O18.1,0.006315019137797098
PHBP12,0.0063149634132488655
RP11-159L20.2,0.006314902589874082
LINC01164,0.006314489094685397
S100A11P1,0.006313639932958404
RP11-573D15.8,0.006313488051996355
RP5-966M1.6,0.006313459986321491
AL021546.6,0.00631324865046996
FABP5,0.006312669173307417
FCF1P7,0.0063118318628183805
RP11-1046B16.3,0.0063115832650048045
RP11-104H15.10,0.006311471403260822
CTD-3195I5.4,0.006311343532700946
RP11-91P24.5,0.006311061574682767
LL0XNC01-221F2.2,0.006310885399562475
SLC7A14,0.006310800210133071
ZBED6CL,0.006310797949227478
LILRA6,0.006310648727550995
RP11-234K24.6,0.006310349675588847
RP11-560I19.1,0.006310249987899779
RP11-269C23.5,0.006309791679518746
RP11-806H10.4,0.006309373587665755
SNORA71C,0.0063092721737848575
GAPDHP52,0.00630926550996986
TTLL11-IT1,0.006308076074621498
RP5-998N21.10,0.006307545847401198
AF064858.7,0.006306956779980078
TRGV5,0.00630617648886653
RP11-417L19.4,0.006305970075890088
RNU6-431P,0.006305838641089207
RP11-706J10.2,0.006305746599160713
AC087501.1,0.006304689705879996
RP11-400K9.2,0.006304503930345378
ALOXE3,0.0063042904957487595
RHOT1P2,0.0063042284030956275
RPL10P17,0.006304053968597697
FAM87A,0.00630301556368453
Metazoa_SRP,0.006302553738932803
RP5-998N21.4,0.006301986847017928
AC004158.3,0.006300963831320264
RP11-133K1.11,0.0063008430686475325
MYCNOS,0.006300842105184786
RP11-316M1.3,0.0063006718826415465
LINC01127,0.006300465898657246
IL12RB2,0.006300213732678438
RN7SL477P,0.006300103646188249
AC074117.13,0.006299670526750212
CTC-450M9.1,0.006299232719250592
RP11-373N24.2,0.006298644257942794
PGAM1P5,0.0062981783774670305
SNORD115-11,0.006298033703910491
C9orf172,0.006297977493020321
RP11-626P14.2,0.0062976963553552055
HBEGF,0.006297337636140265
RP11-77P6.2,0.006297288510226089
RP11-57A19.2,0.006296860993559029
CTB-161M19.1,0.0062967135455473154
RGS16,0.006296453244145764
RP11-347C12.11,0.006296396836008098
DBX2,0.006296341697962422
MRPL9P1,0.006295814227277482
FTLP1,0.006295120216800799
KLHL31,0.0062951198515868315
RP11-57B24.1,0.006294811449124533
FPR3,0.006294621421811227
RFKP1,0.006294536552820747
MIAT,0.006294484792558566
GS1-393G12.14,0.0062943252963609106
HNRNPA3P15,0.006294301752462691
ANKRD39,0.006293540874655047
GGTLC4P,0.006293514922664181
MTATP8P2,0.006293155668483749
RPS15AP29,0.006292740986644761
RNU6-481P,0.006292523611654047
RP11-452C13.1,0.006292520751179916
uc_338,0.006291786861629186
ANKRD63,0.00629156261046961
RP3-324O17.7,0.006290965359252743
RP11-739P1.2,0.006290856145434739
FCGBP,0.006290730856870478
RPS20P33,0.00629072023192011
CTDSP2,0.006290027030266067
RP11-561O4.1,0.006289613170485295
CTA-212A2.1,0.006289488763895247
RPL5P10,0.006289178914156979
EPHA8,0.006289166525985748
RP11-1060G2.2,0.006288761150504963
HNRNPA1P15,0.006288716892658387
AC073621.2,0.006288568454514756
AC017002.2,0.006288383938112929
RP11-571L19.8,0.0062881428770806096
MIR138-1,0.006288099266519993
RP11-14I17.3,0.006287363164329106
CTC-498M16.2,0.006287246424647785
AC002127.4,0.006286887424614951
PRR15,0.0062867144373302715
PPP3R2,0.006286710245976127
RP11-674E16.1,0.0062866839350825855
CTB-96E2.10,0.006286524877535439
RP4-753M9.1,0.0062862497710054034
RP11-295D4.5,0.0062855220378112454
RP11-573G6.10,0.006285391254452641
RP11-736K20.5,0.006285355305321042
ERICH6-AS1,0.0062850680341339235
RP11-642C5.1,0.006284562384728082
AC010525.4,0.006284357878574473
FOXCUT,0.006284264634040789
RP11-34C15.2,0.006283975748025737
LINC00640,0.006282926000914889
HSD3BP1,0.006282893842770371
AC083843.1,0.006282729164327977
RP11-111M22.2,0.006282552866351096
RP11-968A15.8,0.0062825420247758276
RP11-69M1.4,0.006282246395062159
DCAF13P3,0.006281266732500704
RP11-409K20.7,0.006281265868765852
CICP16,0.006280822507528555
RP11-44F14.1,0.006280282161906441
RARRES2,0.006280184604405433
AC083884.8,0.006279848540314489
RP11-932O9.9,0.006279193708280801
TSGA10IP,0.006278994367006972
RP11-171I2.2,0.0062789462050170134
STT3A-AS1,0.006278477939236202
POM121L2,0.006277615578797557
HNRNPA1P3,0.006277515826818888
PRICKLE2-AS3,0.0062766908820174865
RP11-444D3.1,0.006276641842552114
AP000347.2,0.0062762868714655445
XXbac-B444P24.10,0.006276255782748634
AC074011.2,0.006275909520917042
PTGER4,0.006275685932000886
AP000280.66,0.006275647876923781
METTL7AP1,0.006275386882699466
RPS2P45,0.006275020408639526
KRT8P3,0.006274405949770581
RPL38P4,0.006274216514876829
CTC-297N7.1,0.006273567291755052
FCGR2C,0.006273266944164806
CTD-2005H7.2,0.006273153080339347
RP11-54A9.1,0.006273083905818777
CTC-347C20.2,0.0062728026210261256
CATSPER1,0.006272759150490913
RBM22P2,0.006272587310681492
MIR548A3,0.00627231150543537
RP11-362J17.1,0.006272167732574113
RP5-1139I1.2,0.006271990673079197
PMS2P10,0.006271962019412164
MTCO2P22,0.0062714594020734605
CTA-390C10.10,0.006271104203084527
SNX25P1,0.00626981002717447
RP4-612B18.3,0.006269206467213306
GHET1,0.006269169647126743
RP11-677I18.3,0.006268882913699985
KCNAB1-AS1,0.0062680004036654025
RP11-348F1.3,0.006267214582110142
LA16c-431H6.7,0.0062671692747834915
RNU2-51P,0.006266382545674366
RP11-387H17.4,0.0062663493392638514
RMST,0.0062662020535241
RP11-511I11.1,0.006266105702593769
SNORD67,0.0062656473502807
LDHAL6B,0.006265606292077752
RP11-651L5.3,0.006265451746363908
RP11-165J3.5,0.006265121527645709
RARRES3,0.006264871259588433
RP11-462B18.2,0.006263992341145111
UCP1,0.006263907888697949
RP11-257O5.4,0.0062632040601801635
SLC35F1,0.006263172393312465
WEE2,0.006262717153717211
KIAA1211L,0.006262050686408514
RP4-647C14.2,0.0062619304512087515
RP11-434D2.9,0.006261454007673465
DAND5,0.006259505283473887
HIST2H2BD,0.006259399743382538
CTD-2062F14.2,0.0062586433593138134
LINC01567,0.006258165038056499
COL8A2,0.006258001036399251
CTC-492K19.7,0.006257730441031293
RP11-295M18.6,0.00625714746461001
SNRPGP5,0.006257034573988255
RBMX2P2,0.006256233861651034
AC006273.4,0.0062560420076791
ADRA1B,0.006255657678383096
RP11-530C5.4,0.006255557218389249
AF127936.5,0.006255339048088097
AC008264.4,0.00625526039700204
AC231657.1,0.006254935537843706
C5orf58,0.0062540515975725705
AANAT,0.00625403568429026
RP11-584P21.4,0.006253875097150575
OR7E126P,0.006253734759453374
LINC01322,0.00625372814827845
GAS6-AS1,0.006253610995643665
CTD-2331H12.7,0.006253309972928091
F2RL1,0.0062527870580731315
Y_RNA,0.00625277077997092
RP5-1050D4.2,0.006252509753587681
RP11-677O4.6,0.0062518903534045205
WDR49,0.006251020444677409
RP11-216N14.5,0.006250938818932727
RN7SL395P,0.006250751683388811
MT-ND6,0.006250454764246953
UBQLNL,0.00625034797734206
TCP10L,0.006249333662249426
NYAP1,0.006249089228083752
RP11-60A24.3,0.00624903450004891
RP11-321N4.4,0.006248876415199151
AP000473.8,0.006248657429685795
CTC-360J11.4,0.006248563031526185
RTEL1P1,0.0062483746220857225
LINC00675,0.006248096467432566
RP11-80I15.1,0.006247960390664873
C19orf84,0.006246443355217971
RNA5SP284,0.006246112363132437
RP4-813D12.3,0.006245917017731385
OLA1P2,0.006245641206923549
AC018766.6,0.006245294803968631
LA16c-60H5.7,0.006245059257328008
RNU1-103P,0.0062448548204779
RP5-1031D4.3,0.006244663677069598
RP5-944M2.2,0.006244356087013029
RP11-616K6.1,0.006244144436348827
HNRNPA1P49,0.0062437980685169795
RP11-136C24.1,0.00624377125997634
RP11-214K3.24,0.006243572629459015
LLNLR-470E3.1,0.006242850637010281
IMPDH1P5,0.0062425160457666735
OTP,0.006242131347516655
MIR4292,0.0062420023263365385
CSPG4P13,0.006241988502574035
CTB-43E15.2,0.006241848459668243
SEMA4C,0.006241022079735344
GAPDHP76,0.006240770828681133
LINC00652,0.006240718918259599
CTB-114C7.4,0.006240567932400004
SNORA69,0.006239793144283089
AC005754.8,0.006239589298260065
Metazoa_SRP,0.006239312873755443
RP11-297J22.1,0.006239157226367527
AC092295.4,0.006239143404450306
PWAR5,0.006238716565346989
CTD-2651B20.5,0.006238235420216309
THAP12P3,0.006237931400595828
HLX-AS1,0.006237749821458309
CTC-296K1.4,0.006237550656151107
OR2M1P,0.0062364923857781565
TRGV9,0.006236048272055041
RP11-380O24.1,0.0062359802434877
ATP5G2P3,0.006235826491736558
LINC01117,0.006235395798936703
AC004057.1,0.006235347280700415
PURA,0.006235076163760456
CTD-2541M15.3,0.006234811375544887
RP11-4B16.4,0.006234780370676932
RP11-77P16.4,0.006234702487306192
RP11-524C21.2,0.006234506624543043
ADGRA1-AS1,0.006234498814240295
SUMO2P18,0.006234443578203358
RN7SKP173,0.006233884660570148
RP11-483F11.7,0.006233642658916888
RP5-1125N11.2,0.006233169898045684
AC098823.3,0.006233087097839313
RN7SL333P,0.006232772343129238
SLC9A1,0.006232498526641876
RNU6-1011P,0.006232110652615247
AHCYP7,0.006231300373654172
RP3-395C13.1,0.006231291695923457
RP11-163G10.4,0.00623023284315535
AC105402.2,0.006229727685584713
RP11-317G6.1,0.006229423680288507
CTB-147C13.1,0.0062287076927029445
RP11-1105G2.4,0.00622859661725889
SERPINB9P1,0.006228367339704769
AQP5,0.00622788708475493
PFN1P6,0.006227776995735517
RP11-51F16.1,0.006227685449680497
RP11-507K2.3,0.006227008634716079
SNORD94,0.006226791205206225
FPR1,0.006226216034615948
RPL36P16,0.006226118774241411
P2RY13,0.0062256948743957125
RP11-449J21.3,0.006225456052596484
SHD,0.006225134687428388
RP11-114M5.3,0.006225093728797979
RP11-497H16.7,0.00622493159548646
C8orf89,0.006224707793268346
PSMC1P7,0.006224703440173986
HEXDC-IT1,0.00622439810558821
PYY2,0.006223741438564679
DCAF12L2,0.00622352064001059
RP11-861E21.2,0.006223426240573347
EVPL,0.00622266353081028
RP11-734B5.2,0.006222450062815849
CTB-131B5.5,0.0062223751378475325
NANOS1,0.00622221189180143
MNX1-AS2,0.006222084683579088
RPEP5,0.006221559627029972
OR8I2,0.006221559627029909
VIS1,0.006221559627029866
BPY2DP,0.006221559627029724
AL132796.1,0.006221559627029686
uc_338,0.006221559627029673
RP5-859I17.2,0.006221559627029634
FAM184B,0.006220950478003714
SCARNA20,0.006220927571350906
SRSF12,0.00622089760490139
FAM83C-AS1,0.0062206373369606055
CTB-25B13.9,0.006220629012025212
LINC00381,0.006219548190535389
SH3D21,0.006219454706038334
RP11-535A19.2,0.006218789877430909
Y_RNA,0.006218149059466863
MTND6P22,0.0062177118334837125
LINC00928,0.006217143014507277
SMIM17,0.0062167610677247975
CTA-797E19.2,0.006216570872370325
LINC01116,0.00621647094292757
GRB14,0.006216202404964852
AC007163.6,0.0062161339338066965
RP11-523H24.3,0.0062155770015249485
PAICSP1,0.006215546903913043
CBY3,0.006215531948146188
RP1-310O13.7,0.006215190942255803
DISP2,0.006214799951196278
RP11-35O7.1,0.00621478789309543
AC108025.2,0.006214686430209012
RP11-194N12.2,0.00621447756147428
RP11-95P2.3,0.006213863477734572
RP11-561B11.6,0.006213648441219588
EGR1,0.006213221325003533
HOXA2,0.006213155445920546
RP11-539G18.1,0.006212845674159241
RP11-271K21.12,0.006212723681589939
P2RY14,0.006211589528441299
FAM66E,0.006211034377458253
AC005754.7,0.006210890563004102
RP11-389C8.2,0.006210871878363746
ADAMTS7P3,0.006210825960851093
AOC3,0.006210343413232662
NUTF2P6,0.006210330234455904
KCNK9,0.006210135501868162
RP11-330L19.1,0.006210025159529235
RP11-379F4.4,0.006209551258387411
RP3-368A4.6,0.006208754570840831
RP11-181K3.4,0.006208428345479667
GBP1,0.0062083844714174155
CYGB,0.006208147521804334
CTD-3099C6.5,0.006207860995293888
ADCY8,0.006207751539148982
MTND6P3,0.0062070987521138455
RP1-111C20.3,0.006207007485221353
SLC5A7,0.006206729734037238
FTH1P14,0.00620621775494473
Metazoa_SRP,0.006205856592941219
RP11-15J22.8,0.006205777147594869
RP11-122F24.1,0.006205543038205728
RP11-484D2.2,0.006205302505497717
HSF5,0.0062048903355926156
RP5-1052I5.2,0.006204656974292743
NOP56P3,0.006204021431603876
LINC00384,0.006203714172465163
RP11-104G3.7,0.0062036734058974865
ALX3,0.006203655090689161
RP11-325O24.1,0.006203392623046207
MS4A14,0.006202915136311947
RAB19,0.006202221552172248
C9orf139,0.006201724760369527
RPS23P5,0.006201488385572782
UBTFL6,0.006201325193842982
PMS2P2,0.006201279034536661
RP1-228H13.5,0.006201184910923898
HIST1H2BH,0.006200780157886104
SLC25A22,0.006200333787170772
AC009963.5,0.006200038566955891
AC004920.2,0.006200019558475007
RP11-75C10.6,0.006199754777798562
JPH2,0.006198477278442363
CCL5,0.006197844475614532
MT1L,0.006197408430727185
FALEC,0.006197372945203531
RP11-417N10.3,0.006196975443574403
MYO1H,0.006196633697061045
PHBP9,0.006195546637339915
FAM43B,0.006195473427007524
BATF,0.006195287205762338
STXBP5-AS1,0.006194598686422873
MOB3B,0.006194466785919199
CTD-2036P10.6,0.006193850248089647
LINC01481,0.006193763473527695
PRR34,0.006193250443805758
KCTD4,0.006192911592042321
RP11-362F19.3,0.006192552289359897
RP11-545G3.2,0.006192265115922762
RP11-394B2.5,0.006192254798434647
MIR670,0.006191225108003908
ALG1L,0.006191061043390074
TAS2R6P,0.0061906842975817085
SNORA12,0.006190238596902656
RP11-420N3.3,0.006190057806696623
RNU6-94P,0.00618957861932948
FBXO2,0.006189552437553882
RP11-395L14.18,0.00618945823717189
RP11-678G14.4,0.006188584450225404
TNFSF10,0.006188428738834587
RP5-864K19.7,0.006188262851661082
FCGR1CP,0.006188162681376958
RANP5,0.00618744390379135
TMEM88,0.006186815816446817
SYT3,0.006186470746088061
XXbac-BPG55C20.7,0.006186422537170472
CTA-313A17.2,0.006185882585630701
RP11-597D13.2,0.006185654013441382
BOLA2P2,0.0061854430468651685
RP11-529H22.1,0.00618535739196685
CTA-276F8.1,0.00618503244128628
ADIPOR2,0.006184915217551296
RP11-986G18.2,0.0061848079360406925
CUL1P1,0.006184626652985833
RP4-694B14.8,0.006183666221907528
RPL13AP23,0.006183398588860712
RP11-361M10.3,0.006183124790059527
AC004862.6,0.006182986131205168
MTRNR2L11,0.006182705395952648
HIST1H2AM,0.006182335352161217
BAALC-AS1,0.006181942164247064
RAB27B,0.0061815275947447795
AC007566.10,0.006181109378210656
AC138035.2,0.006181057013511202
RNU6-460P,0.006180253121219889
MTND4P35,0.006180207075976783
CTD-2595P9.4,0.006180000993213692
RP11-762L8.6,0.00617969633442345
PHBP19,0.0061795156248140035
RP11-220I1.5,0.006179167357967879
RP11-8L8.2,0.006178914859532015
RP11-524F11.2,0.006178403666518482
FLJ35934,0.006177997808967561
LINC00951,0.0061779790708411135
OR2L9P,0.006177939730596395
RP11-313M3.1,0.006177826219356774
RP11-1055B8.9,0.006177534866685268
RP11-142E9.1,0.006177354900439826
AC008850.3,0.006176147198190054
RP11-504I13.3,0.006175936318880044
RPSAP24,0.0061751038628447335
RP11-394G3.2,0.0061748562539955905
RP11-69C17.3,0.006174828696799183
RNU4-78P,0.0061739206597152315
RP11-227D13.4,0.006173395393368518
RP11-792A8.3,0.0061733826777197465
KLRB1,0.00617312223686432
RP11-60I3.4,0.0061729266985856915
OPN1SW,0.006172843288385162
SOCS5P3,0.006172789559530013
RP11-354M20.3,0.006172352165579844
CTD-2544H17.2,0.006171881535974079
RP11-472N13.2,0.006171572587411408
CTD-2522E6.4,0.006171175336855552
RP11-726G1.1,0.006170912780516041
CDK8P2,0.006170790784019532
ERC2-IT1,0.00617075334135325
RNU6-5P,0.006170716608167205
RP11-180O5.2,0.006170423776266653
ABHD14A,0.0061702302240741035
RP11-481G8.2,0.006169728045971074
RPL21P13,0.00616894733042717
NUP210P3,0.0061688301991731885
RPL21P23,0.0061685311403357375
RP11-59N23.1,0.006168501246725943
HSPD1P16,0.006167972441073194
AC144568.4,0.006167503091823866
FGF12-AS2,0.006166817393753023
RPS26P31,0.006166272481575161
RP11-47G11.2,0.006165966473770504
MT2A,0.0061655926233848595
STX8P1,0.006165414786415144
CTD-2329K10.1,0.0061652701228878766
CH17-353B19.1,0.006165199700485152
RN7SL744P,0.006165184600787432
RP11-996F15.5,0.006165136040513439
FMR1-IT1,0.006164196860503789
RP5-891H21.5,0.006164171164445505
RP5-1172N10.2,0.00616406459350269
COL18A1-AS2,0.006163970936881085
RP11-182J1.5,0.006163913360209593
FOXF2,0.006163868182956976
PPP1R27,0.0061636317785194045
CTD-3220F14.2,0.006163270548960388
RP11-802E16.3,0.0061629461718376586
RP11-508N22.6,0.006162867245383213
AC073343.13,0.006162121201178229
CTB-134F13.1,0.00616007868640847
GAPDHP66,0.006160056881671581
SH3BGRL2,0.006159695508027043
RP4-673M15.1,0.006159628042039903
RP11-179A10.1,0.006159477275326736
HIGD2B,0.006159141742628312
WWC2-AS2,0.006158962454166549
CD300LB,0.006158294824475101
AC092580.4,0.006158226105091363
Metazoa_SRP,0.006157972062447748
RIMBP3,0.006157956128650622
MYZAP,0.006157213454075442
DUTP1,0.00615720153148574
CHL1-AS2,0.006157181439514439
SRP68P3,0.006156527720996751
RP1-28C20.1,0.006156388500743391
LINC00924,0.006156317081369855
RP3-416J7.1,0.0061560769319339475
RP1-45I4.3,0.0061559880840968305
VIL1,0.0061559620396276086
RP11-358L22.3,0.006155927403517076
RP11-360I2.1,0.006155645488317603
LINC00891,0.006155632106492571
FAM155A,0.006155479966047527
MIR1302-3,0.006155130453267724
AC005682.6,0.006155061843936459
RP1-266L20.9,0.006154970792111607
RPL29P14,0.006154952098393836
KLF7-IT1,0.006153712797813518
NCAM1-AS1,0.006153605315915178
RP11-426C22.8,0.006152952744432311
SLC23A3,0.006152778911041533
RPS26P11,0.006152767879815802
IMPDH1P8,0.006152274803045616
RP11-983P16.2,0.006152199581111313
RP11-370A5.1,0.006152133451971539
RP11-240G22.5,0.006151921429828003
HID1-AS1,0.006151708077211538
RPS26P55,0.006151279716650146
MAFB,0.00615111644709834
AC007040.11,0.006151027829502873
OSBPL10-AS1,0.006150563654318159
PPATP1,0.006150188809542776
CYP21A2,0.006149758369158333
RP13-991F5.2,0.006149683702309668
MTRNR2L4,0.006149655864694562
AL133243.3,0.006149602207452934
RP11-701H24.8,0.006149378458379249
RP11-519G16.3,0.006149223472571044
RP11-452H21.1,0.006148975990937043
RP11-468O2.1,0.006148632629980138
RP6-65G23.3,0.006148472110884818
ADRB1,0.00614812883137678
RP11-963H4.3,0.006148045588683598
RP11-352E6.2,0.006146655130012493
RP11-62H7.3,0.0061465505459964995
ANKRD36BP2,0.006146449692906129
AP000437.3,0.00614616732292396
CTD-2008L17.2,0.006146098025611875
RP11-302B13.1,0.006145944702967512
RP4-633O19__A.1,0.006145918523963784
FRG1KP,0.006145813394918687
SLAMF8,0.006145799955037964
CTB-54O9.9,0.006145519115523178
AC079610.2,0.006145310793485349
TRMT112P3,0.006145074521897519
RPL21P136,0.006144973089872606
CTD-2228K2.7,0.006143924540474644
MYH4,0.00614363178255773
PFN1P4,0.006143281927185603
MCCD1P2,0.006143043472718583
RP11-831H9.3,0.006142976038395164
CTC-510F12.3,0.006142696140136394
GPR171,0.006142243848559365
RNU5E-10P,0.00614221791114173
AF038458.4,0.00614194378318186
ZNF80,0.006141745224710487
SDC4,0.006141558412148856
RP4-612B15.3,0.0061412686847760346
AC005197.2,0.006141223157296025
AC145110.1,0.006141182327949742
HOXD13,0.006141149892866684
AC096649.2,0.0061411332951830395
UBOX5-AS1,0.006140639416244034
C2orf27AP3,0.006139970376236676
RP11-114F3.5,0.006139800980277635
RP11-597A11.3,0.006139684869153268
CH507-254M2.3,0.006138960366215378
PCP2,0.006138885805606461
SNORA28,0.006138723281761668
CYP39A1,0.006138689966701304
RP11-222K16.2,0.006137891085582896
AC105393.1,0.0061371314649560525
RP11-617F23.2,0.00613509736930667
GS1-393G12.13,0.006134880614657312
RP11-525G13.2,0.006134441055647476
KLHL38,0.0061337092925813795
CTD-2560E9.5,0.006133660624733544
LINC01215,0.0061334196274297065
RP11-430B1.2,0.006132969232026753
AC104623.2,0.006132963905739122
RP11-325P15.1,0.0061327460192047295
AP000275.65,0.006132019537376366
RP11-195B21.3,0.006131785079672843
FAM46C,0.006131749903775589
AC068522.4,0.006131486109699674
RP11-1023L17.2,0.006131011116651655
RP3-445N2.1,0.0061306120236402665
RP11-561I11.3,0.006130114596485509
RP11-723O4.7,0.006129786562379477
ADGRE4P,0.006129523557232432
RP1-80N2.2,0.0061294356217896735
RPS26,0.006129356646294716
RP11-345N11.1,0.00612924334126391
BVES-AS1,0.006129106261855074
AC130469.1,0.006128725764810856
CTD-3075F15.1,0.006128654470321612
RPL5P27,0.006128476005035493
MTRNR2L6,0.006127064455561608
RRM1-AS1,0.006126940145665164
MIR646HG,0.00612693728205405
RNU4-89P,0.00612644413566476
RP11-295D4.3,0.006126349993890092
RNU6-48P,0.00612621056286792
RP11-102G14.1,0.0061259284498318784
UNC93B6,0.006125420465210359
CHRNB2,0.0061254052210849355
RP11-1149O23.2,0.00612540210098605
RP11-278A23.4,0.006125271634508364
RP11-685M7.5,0.006124789018789469
CASC8,0.00612466596014748
AJ003147.8,0.006124543466431642
MT-TG,0.006124129850603099
AC061992.2,0.006123855901552904
LIMD1-AS1,0.006123687062528257
OR7E14P,0.006123674541592434
BEAN1-AS1,0.00612316350730229
RNA5SP203,0.0061228646100921795
PLPPR2,0.0061228266870455884
KB-1507C5.4,0.006122225324043443
RP11-467P9.1,0.006121600810942846
CTD-2114J12.1,0.006121176119155674
UBBP3,0.006120336042436394
KCNK3,0.006120051313993428
NDUFS5P1,0.00611992592225746
RPL7AP15,0.0061196948320271505
RP11-589N15.2,0.006118890424720978
AC024361.1,0.006118512990747872
RP1-46F2.3,0.006118303668760253
RP11-285A1.1,0.006118181139038777
DGKZP1,0.006118112189725364
AC067968.3,0.006117943359220018
CCDC58P1,0.006117803715505058
RP11-67A1.2,0.006117497761265268
SERPINA3,0.006116622357245891
RTN4RL2,0.006116365821594703
RP11-473M20.16,0.006115754551546565
RN7SL145P,0.006115420823672712
RPL35P3,0.0061153387996614045
ARHGAP5-AS1,0.0061144817711347044
RP1-29C18.9,0.0061142903772844846
RP11-69L16.4,0.006114169819708439
CSNK1A1P3,0.006114036534967143
CIPC,0.006113896809610726
RP4-761J14.9,0.006113771128750958
RP11-517B11.4,0.006113423510155817
CTD-2288F12.1,0.006112422963136613
RP11-848G14.5,0.006112073714841284
SNORA81,0.006111847301394632
RP11-248G5.9,0.006111385065671019
SNORD83A,0.006111241968742168
AC007192.4,0.006110673541833088
LEF1-AS1,0.006110626845171817
RP11-309L24.6,0.006110332571627532
RP11-777J24.1,0.006109952045208278
GS1-124K5.13,0.006108983060364308
AL023806.1,0.006108614769506495
PKP4P1,0.006108613624577883
RPL23AP32,0.006107655940255458
CTD-2316B1.1,0.006107342538359461
RP5-1009E24.8,0.0061072128957300065
RAB5CP2,0.00610612444195441
PPP1R26-AS1,0.006106056803848759
NAP1L5,0.006105719863490762
CTD-2195B23.3,0.006105456543087021
ARL4AP1,0.006105281515285447
RP11-54O7.10,0.006105217334391982
PSMB11,0.00610518819257523
RP11-529P9.1,0.006105106773421027
RGS9BP,0.006104708820590194
RP11-96C21.2,0.00610426825205544
NBPF13P,0.006104176415312943
RP4-616B8.6,0.006103645546358621
RP11-100N3.2,0.006103399657178044
SEL1L3,0.006103333835290998
RP11-477J21.6,0.0061032473308705185
RPL36AP45,0.006103155138587678
SNORA38B,0.0061029491046490445
RP11-644A7.2,0.006102885151511812
GAGE10,0.006102636105474256
ZNF460,0.006102599680653908
RPS15AP6,0.006102582769415463
TAS2R43,0.006102139851135849
CTC-467M3.3,0.006101819901553682
AP000350.8,0.006101794025491965
KB-176G8.1,0.00610129155134068
RP11-19E11.1,0.0061012904684027485
FZD10,0.006100586121591241
MEOX2-AS1,0.006100568560768426
SLITRK5,0.006100398930860912
SMCO2,0.006100315962192367
RP3-352A20.1,0.006100083396329692
MIR548AA1,0.00610000094697112
ZSCAN5C,0.006099780249823104
CTC-523E23.14,0.00609962758216521
SIT1,0.006099568639205941
FARSA-AS1,0.006099304272605463
DND1P1,0.006099101873782792
RP3-402G11.28,0.006098800330937253
SLC9A3R1,0.006098448435845573
FAM177B,0.006098274605414543
FTLP8,0.006097760890461159
RP3-416J7.4,0.006097540679777143
SUMO2P8,0.006097290786474109
AC005014.5,0.0060964392470043895
HLA-P,0.006096234439989129
RP1-167G20.1,0.0060961463397110815
RP11-434E6.4,0.006096123105342028
RP11-507K2.2,0.006094610733924915
CTB-35F21.3,0.006093321580935345
RPL23AP4,0.006092726435389989
CTD-2015G9.2,0.006092522937389652
NRADDP,0.006092388642044046
RP11-656D10.3,0.006092351674299983
AC008592.3,0.006092291669278875
CCDC75P1,0.006091466139354888
MIR325HG,0.006091403070573461
NOP56P1,0.0060913587160391055
RP11-1102P22.1,0.006091338324994274
PCNPP3,0.006090241217696128
RP11-341G5.2,0.0060895126842247915
RP11-255A11.2,0.006089008592728711
PTPRD-AS1,0.006088969765420474
RP3-439F8.1,0.0060888703895760074
RP11-107C16.2,0.006088861666953744
RP11-361H10.3,0.006087600617806225
RP11-326K13.4,0.0060875301341678555
MIR2278,0.0060874208361779624
RP13-126C7.1,0.00608686807694944
RP11-960L18.1,0.006086666064559645
RP13-1016M1.2,0.006086134124393906
SNORA2C,0.0060858544845268795
AC004490.1,0.006085844054289504
MTCO1P11,0.006085570506419437
UBASH3B,0.006084996965160509
CTD-2026K11.5,0.006084279557841705
RP11-44N11.2,0.00608386852519474
CCR7,0.006083505419206401
LINC01435,0.0060834790707129174
RP11-112L6.3,0.0060833977153956905
RP11-247A12.2,0.006083195883197936
RP4-569M23.2,0.006083090574186027
HOXC13,0.006082777496048195
SHB,0.006082684199790146
SNORD114-12,0.006082177635548101
TEX12,0.006081983423703513
RP11-420A23.1,0.006081796544930341
LLNLR-304A6.2,0.006081792675333583
ZNF571-AS1,0.006081621441773968
RPS10-NUDT3,0.006081266591725447
NANOS2,0.006081196277642401
CLK3P2,0.0060811830482408276
RP11-337C18.4,0.006080891822204565
CCDC182,0.00608072570405388
LINC00421,0.006080578564830691
OTUD7B,0.006080458381101415
AC004053.1,0.006080090554307299
AP000457.2,0.00608002796300539
RP11-676J12.4,0.006079139442087027
AC007128.1,0.006079118411134913
TRIM39-RPP21,0.006079047906185378
RP5-1042K10.13,0.006078997749760762
MT1HL1,0.0060784503702416715
FERP1,0.006078352927065257
LCMT1-AS2,0.006078231142043498
BNIP3P32,0.006078068410167439
TRBJ2-2,0.006077503808262756
ZDHHC20-IT1,0.0060773902653076806
HIST1H2BJ,0.006077367387856385
CTC-301O7.4,0.006077341874790884
C5orf52,0.006077341254208341
MIR510,0.0060771123461564845
RP11-550C4.4,0.006077076064815685
RP4-781L3.1,0.0060764896244741365
RP11-956J14.2,0.006076404601518659
CTC-525D6.2,0.006076193139398663
RP11-467D18.2,0.006075502223605043
AL163953.3,0.0060745500204088965
TMPRSS11GP,0.006074481590434756
RP11-147K6.1,0.006073943724140267
RP11-867G23.12,0.006073480868311128
RP11-82O19.1,0.006072786381413975
CTC-360G5.8,0.006072764142831237
FAM83E,0.006072397625776107
HS3ST3B1,0.006072344789741902
RP1-56K13.5,0.006071680170900447
ATP1B1P1,0.006071635433677098
EMILIN3,0.006071455322435653
LURAP1,0.006071455233443551
APOF,0.006071087246227337
AC002115.9,0.00607008317101892
RASIP1,0.006070059966757647
CYTL1,0.006069811856671653
TM4SF20,0.006069757446636875
AHCYP2,0.006069367529447663
KDF1,0.006068963826336691
RP11-160H22.3,0.006068226297753834
MTRNR2L12,0.006067581896109462
GRM7-AS1,0.006067449095112279
Y_RNA,0.0060669010688361195
LINC01102,0.006066210162259568
AC093382.1,0.006065678277004186
Y_RNA,0.006065425875667596
RNU6-1116P,0.006065425875667162
DUSP5,0.006065095210135558
IFITM5,0.0060648833189685175
C9orf16,0.006064204168628042
LINC00222,0.006064040129117413
RP11-498B4.5,0.006063128132546
UCN3,0.006063077094684985
HIF1A-AS2,0.006063010316411894
VSIG8,0.006062791725820662
CTD-2235C13.3,0.0060621475002295465
RP11-325L12.7,0.006061732704039137
CTD-3187F8.15,0.0060616367970012545
CTD-3148I10.15,0.006061448747153026
COLCA2,0.006061007026151804
U3,0.006060921403278479
NLGN2,0.006060917700514397
SNORA26,0.006060449474394405
TREML2,0.006060429300964567
RP5-849H19.2,0.006059860514767409
CTC-493P15.2,0.006059781511634591
RP11-885L14.1,0.00605946203719271
CENPV,0.006059411774092918
RP3-323K23.3,0.006059089190651925
ZNF192P2,0.006058877096023007
RP11-59H7.3,0.00605854047863643
TBC1D3B,0.006057945719435203
RP11-288G3.3,0.006057933333690155
LINC00641,0.006057852826720069
AC004549.6,0.006057447363621488
RP11-692M12.5,0.006057372637029809
PTCRA,0.00605735753685929
RPS26P28,0.006056849978495377
AC006547.13,0.006056689366996624
COX6CP2,0.006056680534973985
RP5-1142A6.8,0.006056201985820096
RP11-13K12.6,0.006055788595593973
RP11-316K19.3,0.0060556894934667566
RP11-290H9.5,0.0060553592033970325
SNORA51,0.006055267289401307
TMEM242,0.006054819820945418
RP11-210N13.1,0.006054202356034345
NACC2,0.006054094594564687
LGALS2,0.0060535227430053755
RP11-676J12.8,0.00605320706771441
RP11-307L14.1,0.006053053454251069
RP11-680G24.6,0.006052608008007988
MT-RNR1,0.006052481933949994
RP11-731J8.2,0.006052460766554085
RP11-478B9.1,0.00605240934590301
AP000442.4,0.006052038843025314
RP11-407N8.5,0.006051663714719218
RP11-542C16.2,0.006051412768357688
REP15,0.006050362093284563
RP4-655L22.4,0.006050354658948201
RP11-12D5.5,0.006050320893229911
RP11-467L24.1,0.0060497111947923985
RP11-804A23.2,0.0060492028273663265
BNIP3P37,0.006049065971703154
RP11-342D11.2,0.006048574150758844
RP11-703I16.1,0.00604850722512851
TATDN2P1,0.006048325721751652
RP11-375H19.2,0.006048252837892142
TNFRSF10A,0.006048200407916998
SLITRK3,0.006048162061691263
U73166.2,0.0060478303688353136
RP11-640I15.1,0.006047689444568629
C9orf62,0.006047683298933242
RP11-138H11.1,0.006047630252623935
RP11-382D8.3,0.006047285317161473
RP3-337O18.9,0.006046503780996198
RP11-1060J15.3,0.006046094567028051
SUCNR1,0.006045883179371319
LGALS16,0.006045604608650692
CTD-2311M21.2,0.006045395928651425
LINC00337,0.006045286652875754
CCT8L1P,0.0060447531088856435
RP11-414C16.1,0.006044702197419087
RP11-77H9.8,0.006043757831047044
CTA-384D8.35,0.006043638390620403
RPL10P19,0.006043544036847992
CDC37P2,0.006043543871092488
CH507-254M2.5,0.006043359253103125
RP11-33O4.2,0.006043288395561445
Y_RNA,0.006043004812419083
GPR141,0.006042791662595385
RNU6-195P,0.006042567027480059
CA5A,0.006042462549134972
PRR13P4,0.006041820686933364
NUDT18,0.006041397951262458
RP11-333A23.1,0.0060413472498498
RP11-175P13.3,0.006041089544997071
RP11-1112G13.3,0.00604106240309248
RP1-172N19.4,0.006040652475719779
CTD-2651B20.7,0.006040431715172606
PCDHGB7,0.006040193531698726
PRDX2P2,0.006040041106928781
LL22NC03-30E12.10,0.006039275989740195
MIR6739,0.0060390214314825115
CTC-537E7.3,0.0060386291636609765
RP1-278D1.2,0.006038538888341754
MAP3K10,0.006038023856086664
RP11-290F5.1,0.006037666008984797
RP11-435O5.7,0.006037486185410082
RP13-554M15.5,0.006036998629540222
RP11-429D19.1,0.0060363204252226535
RP11-295P9.12,0.006036253383073193
RP11-443F16.1,0.006036122811260553
RP11-345K9.3,0.006036119045717581
NUP50-AS1,0.006035493043848894
DUX4L27,0.006035099192903365
RP11-66N24.6,0.0060349079712446446
MIR6784,0.006034391776924822
AD001527.7,0.00603414298777613
RP11-12A20.6,0.006034017737641405
RP11-133N21.10,0.0060322527738299915
RP11-551L14.8,0.006032068067444596
RP11-618L22.1,0.006031906298810225
AC091132.1,0.006031869389297677
AC016907.3,0.006031758018211027
PDCD6IPP1,0.0060312705402199105
AC007879.2,0.006031148234303109
FRAT1,0.006031081133162228
RP11-1C1.6,0.006030498836339789
LINC00391,0.006029866668662518
PAPPA2,0.0060298602804907675
RPSAP75,0.006029796126724657
HLA-DRB5,0.006029391526698283
TYW1B,0.006029000725116691
RAB6C,0.006028962005344277
TSNAX-DISC1,0.006028721619811169
KCTD2,0.006028371841536485
RPS26P3,0.006027683642449547
MAPK6PS3,0.006027277329154908
GNAQ,0.006027102906647995
PLPP7,0.006026893186656746
SPNS3,0.0060267393198692645
RP11-252A24.8,0.00602668160208484
Z69890.1,0.006025771440581721
RP11-861E21.3,0.006025572511434894
RP11-745A24.1,0.006025147354982326
RP11-10C24.2,0.006024291893918176
GLYATL1P1,0.006024116317124827
NDST3,0.006024071327191499
RP11-12D24.6,0.006023285925173748
CTC-497E21.3,0.006023248402671901
RP11-325F22.2,0.006022362057950654
GPR183,0.006022317667545681
RP11-288C17.1,0.0060215945628260634
RP11-455O6.9,0.0060208577128473195
RP11-399K21.13,0.006020699897148544
PSMD6-AS2,0.006020668255527553
AC092641.2,0.006020375430824242
RP11-167N5.5,0.006020093359226819
Y_RNA,0.006019991013595818
AACSP1,0.0060195195879568396
RP11-493E12.2,0.0060193174798985755
CYP51A1-AS1,0.006019088730110538
IRS1,0.006018503294927978
BPIFB9P,0.006018368884455427
RP4-737E23.6,0.00601825626800063
PDXP,0.006017848484629769
CTD-2201I18.1,0.0060177241315578596
OR2M4,0.006017442855690605
RP4-625H18.2,0.006017181477296247
RP11-840I19.3,0.006017060654315471
RP11-500G22.4,0.006016904772329531
SCARNA22,0.006016475060433599
CTD-2616J11.10,0.006016316020145672
RP11-669N7.2,0.00601605522353759
TSPYL5,0.0060159654843306275
RP11-466F5.10,0.0060158022369533526
HMGB1P29,0.006015728985393116
RP11-431N15.2,0.006015419245871617
KIAA1614-AS1,0.006015390726188072
AC018816.3,0.0060151518023729015
Y_RNA,0.006014971459181151
SPATA4,0.0060149701403629085
STAC,0.0060148014369773555
HDGFP1,0.0060141680625035495
CTD-2281E23.3,0.006013782821848361
MTCO3P22,0.006013352792511564
CSE1L-AS1,0.006012662063796554
KB-318B8.7,0.00601229648035544
RP11-331F9.3,0.006012258004475149
RNU2-15P,0.006011989886545723
LINC01089,0.006011904231628636
CTD-3138B18.6,0.006011656076772167
FNBP1P1,0.006010576528023836
KLHL41,0.0060104774592440215
LINC00942,0.00601044044428052
AKR7A3,0.006010221422163395
FAM3D-AS1,0.006009753907381602
BRICD5,0.006009217980522114
RP11-305L7.5,0.006009164348312096
AC108059.2,0.006009039248104431
RP11-1006G14.1,0.006009027930879529
CTA-342B11.2,0.006008998926645309
RP11-73K9.3,0.006007877660635533
LINC01412,0.006007818857716537
GRK7,0.006007775919401727
CTA-126B4.7,0.0060076713469617415
ARL6,0.00600757776223997
Y_RNA,0.006007464922492969
RP11-109G23.1,0.006006857904253541
RN7SL449P,0.006005955147641829
RP11-290L1.3,0.006005480467273899
TIGD3,0.006005256316188087
AC010894.4,0.006005239034223813
MTATP6P2,0.006004120239261437
RP11-359K18.4,0.006003990051506168
ADGRF5P2,0.006003775844577007
RP11-576N17.5,0.006003666801946571
RP11-220I1.2,0.006002977930177021
DEFB112,0.006002904045543354
CHKB-CPT1B,0.006002893979634273
RP11-3D4.3,0.0060027474443322655
PISD,0.006002431963287925
MT-TD,0.006002374004503564
SPACA6P-AS,0.006001983911722043
RP11-138A9.1,0.006001528631291578
RP11-300E4.2,0.006001306835873586
RP11-70C1.1,0.006000870963493371
TRMT112P5,0.006000870737888587
RP11-635L1.2,0.006000705136391073
THAP12P2,0.006000612103053322
AC005785.5,0.006000107878095896
AP001432.14,0.006000097402317892
AC004383.3,0.005999987360318804
AC018737.3,0.005999893588046075
RP11-415J8.7,0.00599962775491231
U3,0.00599941610578142
PLXNC1,0.005999386885402682
FAM21EP,0.005998363341580808
BCL2L12P1,0.005997997285319217
C2orf61,0.005996894777163592
RP11-151E14.1,0.005996712366156562
RP11-358M14.2,0.005996601482106992
RP3-324O17.8,0.0059965591009162955
COL5A3,0.005996459270290047
UQCRHP2,0.005995974159839731
AC073043.1,0.005995863979735121
UHRF2P1,0.0059956878915543126
MIR194-2HG,0.0059956296596624945
ABCG2,0.005995586481331616
RNASE2,0.005995218903507799
RP1-40E16.9,0.005994998136482662
LLNLF-158E9.1,0.005994397345994694
RP11-661A12.9,0.005993979715920976
RP11-96O20.5,0.0059939651508807285
HNRNPA3P9,0.005993959209029496
RP11-352M15.1,0.005993521051860563
RP5-1142A6.7,0.005993452433455536
CTA-292E10.8,0.005992765361371436
MTND2P40,0.00599254673610623
RNU1-94P,0.005992389563151933
RP4-564F22.5,0.005992278543198329
CTB-181H17.1,0.005992160915953248
SNORD113-3,0.005992091732168082
LINC01058,0.005991952240636893
LHX4,0.005991624552611563
RP11-863K10.2,0.005991421193463823
RP11-573D15.2,0.005991298364746573
CTB-85P21.1,0.005990631302704722
RP11-80H5.7,0.0059905009293200135
AK3P2,0.005990368195309547
RP1-122K4.3,0.0059902436230022844
RP11-728E14.3,0.0059900940619041195
RP11-504P24.9,0.0059899931734026385
SEPT14P4,0.005989690025766133
RP11-351I24.1,0.0059889759372999726
SLC51B,0.005988653452307374
RP11-91K8.5,0.005988472712826809
RP11-69I8.3,0.005988466852877081
RP11-737F9.1,0.005987459779257646
DOC2B,0.005986753316526829
SSX1,0.005986662234299822
ASLP1,0.005986069912564448
CTD-2215E18.1,0.005985917363263461
AP000593.7,0.005985685711535143
U4,0.005985592543550518
RP11-235E17.5,0.005985573737201933
CTD-3116E22.8,0.005985186654461955
RP11-1020A11.1,0.005985183058927424
RP11-141A19.2,0.005984738990219381
RP11-291L22.9,0.005984304527292921
RP11-374P20.4,0.005984201566835114
NCRNA00250,0.005983504402357469
HOXB7,0.005983164666257902
C3orf58,0.005981899032421038
C15orf54,0.005981566688156396
MAPT-IT1,0.0059814914905021
RP11-171I2.4,0.005981472120822036
AC091177.1,0.005981148064162683
RP11-134N1.2,0.005981009946369626
RNU6-915P,0.0059808857471476545
Y_RNA,0.005980411938943899
CTD-2207P18.1,0.0059802795529117336
KIZ-AS1,0.005980041402843221
RP11-79C6.2,0.005979766909573209
AC007249.3,0.005978423909159166
RPL23AP26,0.005978314161066273
RP11-329B9.1,0.0059782481002407
FAM166B,0.005978205452133401
RP11-632B21.1,0.005978136458547297
RP11-588K22.2,0.005977361871008974
RP1-79C4.4,0.0059772624082790535
RP11-712L6.7,0.005976845379848752
RP11-227H4.5,0.005976304291280113
RPL21P111,0.005976193216907985
DKKL1,0.005976166985882334
RP11-164H5.1,0.0059752606329083885
AC103564.6,0.0059751063925441526
LINC01185,0.005975041854163695
RP11-411B10.8,0.005974854771587401
ADAM21,0.00597481103850084
RRS1-AS1,0.005974399610991063
LRRIQ4,0.005974166718876606
RP11-1334A24.5,0.005974075973272206
PCDHB2,0.005973853674431229
DNAJB5-AS1,0.005973479153906266
CTB-55O6.13,0.005973240168385082
AC019080.1,0.005972978616724116
TXNDC12-AS1,0.005972879043545612
RNU6-1091P,0.005972691962202761
AC010976.2,0.0059723095969889655
FUT9,0.0059721291009075484
ADCY9,0.005971604092143225
AP004550.1,0.005971600951572613
RP5-1024N4.4,0.005971596962348165
KCTD9P1,0.005971489709198949
TXK,0.005971330814105398
FABP7P1,0.005971273406727635
ZIC2,0.005971238918862949
CAMK2N1,0.005970356478479565
ANXA9,0.005970224659958646
RP11-778D9.13,0.005970124699401765
RP11-254F7.4,0.0059699865203117755
AC034243.1,0.005969767499466872
RP11-165F24.3,0.005969696215621891
RP11-403P17.4,0.005969498205045049
RP11-528A10.1,0.005969474504203275
KB-1980E6.2,0.005969323851128538
FBXO36P1,0.005968340393378373
RP11-972P1.10,0.005968272218438511
CTD-3028N15.3,0.005967890512772992
RP11-76E17.3,0.005967742929989392
RP11-511B23.1,0.0059675613195239955
AC007389.1,0.005967362686040228
RP11-426C22.6,0.0059662113791706245
AC004854.4,0.005965212723436351
RP11-655M14.13,0.005965042139749288
CTD-2126E3.1,0.00596498547502224
FAM162B,0.005964843426732241
SUMO2P19,0.005964836619820871
AF165138.7,0.005964444923983574
RPL12P29,0.005964333361667651
C5orf60,0.005964027620376938
GPR84,0.005963409003343836
AC226118.1,0.005962279411824861
RP11-384L8.1,0.005962207180598956
RP11-325E5.4,0.0059609185516555085
MS4A4E,0.005960651024890803
RP11-325E5.1,0.005960561796057538
AC024937.6,0.0059604406594725105
MKRN2OS,0.005960319533010684
RP11-426L16.3,0.005960166969139437
AC073657.1,0.005959955038459141
Metazoa_SRP,0.005959711326134161
RP11-67C2.2,0.005959648436260641
Y_RNA,0.005959261282943068
PABPC1P7,0.005959211235290684
AC022182.1,0.005959174083709524
RP11-123K3.4,0.005958817705057884
RP11-65N13.8,0.005958720917783563
RNU7-127P,0.0059581599288669376
SNORA80B,0.005957880066385969
ARRDC2,0.005957522757228403
TAF9P3,0.005957401481869573
CITF22-49E9.3,0.00595721588458565
AC234582.1,0.005956999985465764
RP1-50J22.4,0.005956656788600167
DLG3-AS1,0.005956588777408502
RP11-78C3.1,0.005956370409011552
RP4-576H24.2,0.00595546853716971
RP11-473M20.5,0.00595503718503249
GNAI2P1,0.00595437585317263
GSTM3,0.0059542570785544886
RP4-799P18.2,0.005953879184170912
CTD-2286N8.2,0.005953805543615908
TGM6,0.005953508278115737
CTD-3252C9.2,0.005953345631576179
MPEG1,0.0059531693588046235
CDKN2D,0.005951103495675333
LINC00894,0.005949315167986341
RP11-157L3.10,0.0059493066700377385
RP11-57H14.2,0.0059492835706407435
RP11-576C12.1,0.00594920806966372
SEPT14P12,0.005948998504244577
RP11-271F18.3,0.005948636622837999
PDCD1,0.0059485531144547145
Y_RNA,0.005947930745939163
FGF9,0.0059478095871431675
AC018735.1,0.005947786091747164
RP11-1G11.2,0.005947459542678968
AC002985.3,0.005947316414365635
C6orf229,0.005947128930916273
RP11-583F2.1,0.0059467559633069
PGM5P4-AS1,0.005946668649063157
RP11-486I11.2,0.005946508185875961
ARL2,0.00594636416168174
CLEC2B,0.00594636120733515
CTD-2171N6.1,0.005946173466026232
RP11-413E1.4,0.005945450157329166
RP5-1120P11.3,0.005945445309098038
RP11-841C19.1,0.005945101446928361
CD3G,0.005945083632137473
RP4-603I14.3,0.005944939558559064
AC127904.2,0.005944910213971632
RP11-35L17.3,0.0059447705148517535
RP11-506H20.2,0.005943112255686959
NAMA,0.005942973147540469
LINC00254,0.005942724527094823
LA16c-312E8.4,0.005942232230486616
LINC00346,0.005942176508417988
FAM231D,0.005942016668577343
ISPD-AS1,0.00594126990380871
LINC00950,0.005940752681015777
RP11-327F22.6,0.005940130796984877
RP11-159F24.2,0.005940070616467815
TPT1P12,0.00593897972434206
FAM32BP,0.005938975004144104
RP4-665J23.1,0.00593860202538118
SNORA59A,0.005938581028115083
CITF22-49D8.1,0.0059384944635656
RP11-946L16.1,0.0059383659701161854
RPL7AP73,0.005938019257335766
LAP3P2,0.005937856384233055
MIR3942,0.0059377092379460945
RP11-432I5.8,0.0059366580826345034
RP4-607I7.1,0.0059364574834989674
RP5-1153D9.5,0.005934268222160785
ASIC3,0.005934018648546545
EIF1AY,0.00593379896782442
RAMP3,0.005933758863114234
RP4-695O20.1,0.005933569870645169
RP1-111C20.4,0.005933379260581144
GADD45B,0.005933180506094259
HAL,0.005932111728715562
RP11-44N17.1,0.005931599641892626
MIR889,0.0059312964675122554
RP11-21K12.3,0.005931139325893493
RNA5SP124,0.005930880264930629
AC009414.1,0.005930676778666886
CYP2D7,0.005930564248928992
PTCHD3P2,0.005930223550868312
RP11-430H10.2,0.005930162919823199
RP11-46I8.3,0.005929721010699891
RP11-485G7.5,0.0059291991952248645
Y_RNA,0.005929154917908973
CTC-296K1.3,0.005928974073065156
RP11-111I12.1,0.005928889906190515
RP11-541N10.3,0.005927984948445524
CTA-268H5.14,0.005927371517743843
RP11-613F22.6,0.005927334037654415
RP11-863P13.2,0.0059261389989344404
RP11-484K9.4,0.005925605776976274
PABPC1P4,0.0059255987510439595
FAM66D,0.005925530589983968
MIR3661,0.00592548446239086
PJA2,0.005925370545397156
IGFBP1,0.005925346759070502
CAP2P1,0.005924717997036755
MMP17,0.005924519327917662
RP11-1E11.1,0.0059242827391073494
Y_RNA,0.005924201482246592
DSTNP4,0.0059240289483219865
PROX1-AS1,0.005923971103435252
MAPRE3,0.005923898555123688
NLRP3P1,0.005923492376397227
OR8A2P,0.00592300518383303
RP11-379P15.1,0.005922958116277802
RP11-262A16.1,0.005922305201666443
RP1-278C19.8,0.005921761627346368
CD200R1L,0.005920997406533054
RP11-212I21.3,0.005920507751736537
RASL11A,0.00592034399235836
RP11-77I22.2,0.005920224415419114
RP11-529H2.2,0.005920071079917209
RP11-467H10.2,0.005919525114417505
AC017060.1,0.005919495728614223
RPL12P7,0.005919262067291769
RP11-383M4.6,0.005919075940583701
Y_RNA,0.005918802310779738
LINC00235,0.005918662424664915
AC087350.1,0.005918582522144564
RP11-650L12.4,0.005918374031199877
SNORD59A,0.005918299326123142
RP11-243J16.7,0.005918257364533016
PCOLCE-AS1,0.005918019113577499
FAM166A,0.005917926041888331
RP11-93K22.13,0.005917902181998346
Y_RNA,0.005917284448555258
PIK3CD-AS1,0.00591679289719322
RP11-415I12.3,0.005916733952611964
CEBPE,0.005916630938937596
RP11-182J1.12,0.005916339614694115
PYROXD2,0.005916296458839628
RP11-467N20.7,0.005916081660545718
PAGE2B,0.005915979146638175
PRR32,0.005915745379966754
RP11-763B22.3,0.005915516373101121
RN7SKP23,0.005915427459482889
RP11-123J14.4,0.005915408025140055
RP11-150O12.6,0.0059148483649923925
RP11-33I11.3,0.005914302746941143
ARHGAP23P1,0.005913553138908294
DKFZP434A062,0.005913267537450034
CTC-378H22.1,0.005913217764064272
CTA-250D10.19,0.005912851979352295
NXPH4,0.0059126305260690905
RP11-529G21.2,0.005911953335970903
RP11-65L3.2,0.005911903142146285
RP11-58K22.5,0.005911769131575246
RNU6-118P,0.005911318600729318
RP11-225H22.4,0.0059112130105973375
CTD-2587H24.5,0.005910538449271451
RP11-414C23.1,0.005910472663470992
CICP22,0.005910364778459437
RP11-387A1.5,0.00590941671443087
KCTD9P4,0.005909399577229346
RP11-48G14.1,0.005908773699077028
IFNA21,0.005908377833701273
PPP1R14D,0.00590812611247653
RP11-693N9.2,0.005907639898553918
RNU6-387P,0.005907082422044526
NKG7,0.005906604164662704
AC133644.2,0.005906191440125112
AC079354.3,0.005906036442405307
NIFKP1,0.005905971996067184
LRRC73,0.005905931267012026
RP11-749H20.2,0.005905620724989345
TSPAN13,0.005905244636911422
AC007191.4,0.005905012401337451
RP6-149D17.1,0.0059047561397458795
RP11-325N19.3,0.0059045832696153445
RAB6C-AS1,0.005903663018581821
RP11-779O18.3,0.005903516936383761
MRGPRF,0.005902494344140556
MTND1P8,0.005902486764673775
CTD-3088G3.4,0.0059019271264608136
CTD-2132N18.3,0.005901753899464627
CTA-992D9.8,0.005901715623891463
RP11-309M23.1,0.0059016837539386845
CTC-467M3.1,0.005901637622311981
NIFKP4,0.0059008240236656136
RP11-752G15.8,0.005900758317051579
TNFAIP2,0.005900672374706262
MFSD6L,0.005900239484900361
RP11-646I6.6,0.005899980224216007
TEX29,0.0058996331115184425
CYS1,0.005899472828187408
CHCHD6,0.005899428956852421
RP1-182O16.2,0.005899374592467121
HMGB3P11,0.00589908279042784
COL28A1,0.00589895738999066
RP11-386G11.8,0.005898662592547489
RP11-420K14.1,0.005898577024117008
CTA-390C10.9,0.005898251548889241
F2RL3,0.005897749672731173
CTD-2609K8.3,0.005897589587455373
HCG4P11,0.005897001560426781
RP11-302K17.3,0.005896615933910775
MIR4648,0.005896213625376903
FAM201B,0.0058955714248710624
CTD-2235C13.1,0.005895082685246113
AC022431.3,0.005894747789690729
RP11-627D16.1,0.0058946222177745965
RNU6-930P,0.005892873839299719
RP3-377H17.2,0.005892693622433718
RP1-167A14.2,0.0058925001834960345
BHMG1,0.005892409520963995
RP11-524D16__A.3,0.0058923777947511614
SPATA12,0.00589155155960877
COL4A2-AS1,0.0058910373189018875
RP11-1191J2.2,0.005890752486470326
C17orf67,0.005890323524717827
LINC01273,0.005890117905494297
RNU4-47P,0.005889980477478818
CTC-535M15.2,0.005889750500407594
RPS4XP10,0.005889645210008805
RP11-403A3.1,0.005889520091624847
DNASE2B,0.005889355548960597
RNA5SP426,0.005889217217910434
CYCSP38,0.005889174029677285
ADAM1B,0.005889153164969814
RP3-496C20.1,0.005888337596614604
RP11-231I16.1,0.005888076676734092
LINC01623,0.005887826427526393
RPL21P43,0.005887439060281016
CYP4F36P,0.005886442437852123
PPIAP24,0.00588635456794874
AC006994.1,0.005886332386819907
GABARAPL3,0.005886183632631861
CTC-338M12.6,0.005886149642322687
UBXN7-AS1,0.005885907354028775
E2F3P1,0.0058857590870821834
CNTNAP3P2,0.00588537845193741
NANOG,0.005885343092633951
RP11-343H5.4,0.005885217766419482
MARCKSL1P2,0.0058848501937385
ASNSP3,0.005884816573904751
ZNF518B,0.0058847464912093455
OTX1,0.0058838542993534
TEX26-AS1,0.005883765412375653
AC015933.2,0.005883580411208007
RP11-1084E5.1,0.005883404061684699
AURKAPS1,0.005883398808019983
AC073283.7,0.0058832205369894535
LINC00668,0.005882793721744717
RP11-649A16.1,0.005882562244303821
RPL6P7,0.005882505293090899
DSG1,0.005882495717857601
RP11-793A3.1,0.005882476224246301
RP11-47L3.1,0.005882439990715797
RP11-293B20.2,0.00588221398566178
CTD-2270P14.1,0.0058803315907875586
RP11-439H8.4,0.0058801925931311555
TBX21,0.005880058490748851
LLPH-AS1,0.005879631535534793
RP11-49I11.4,0.005879522042692885
AC092755.4,0.005879386202642016
CTC-492K19.4,0.005878969091502798
NODAL,0.005878266690731394
CTD-2593A12.4,0.005877997453007491
LAG3,0.005877861354531936
CTB-39G8.3,0.005877238772982956
LINC01268,0.005876878735489573
BOD1L2,0.0058764776913640135
RP11-406D1.2,0.005876236073190291
AC004012.1,0.0058762000664499174
CTB-162J7.1,0.0058758581433346075
ALOX12B,0.005875567410848696
CTB-32O4.4,0.00587554786988059
RP11-536C12.1,0.0058754769575165835
RPL23AP97,0.005875447319491455
RP11-76E16.2,0.005875223577893377
ZSCAN31,0.005874899154887702
RP11-325O24.2,0.0058742705542136975
RP11-113K21.6,0.0058741480684668095
RP11-677M14.6,0.005873437162439652
TBCAP2,0.0058734030598263315
RP11-452H21.4,0.0058731372343160445
RP11-358B23.7,0.0058729734735504645
KCND2,0.005872043467121753
LINC01391,0.005871917395105096
MUC12,0.005871546829913562
POU5F1P6,0.005871505559558353
SACS-AS1,0.005871265179636688
LINC01374,0.005871122887963316
COX20P1,0.005871086963942909
PRELID3BP4,0.005870854605079193
MTND4P24,0.005870269546082461
UNC93B2,0.005870108026109859
PARD3-AS1,0.0058699729745040315
RP11-350J20.5,0.005869384098747133
CTD-2008L17.1,0.0058691532977064595
RP11-96L7.2,0.005868980356013669
CD3E,0.00586885887924274
RP5-862P8.2,0.005868850585088894
ETV5-AS1,0.005868746856676609
RASSF10,0.005868531873990729
RP5-1029K10.2,0.0058682014839176785
SIX1,0.00586772682074146
TMEM132E,0.0058676227205417975
RP11-1016B18.1,0.005867042625394649
CTD-2571L23.8,0.0058670411647969885
RP5-998N21.7,0.005866754404518648
AC114760.1,0.005866604660260753
DNAJC5B,0.005866443700644519
AC007787.3,0.005865945928265239
FOXL1,0.005865420585446403
AC005220.3,0.005864781000684836
AC139712.2,0.005864394237857345
Y_RNA,0.0058636938614827555
FBXO39,0.005863685310939798
TCF3P1,0.005863570581123782
HSBP1L1,0.005863094743229254
SNORA75,0.005863059083953106
MSLNL,0.005862637485811627
RP11-89K11.1,0.0058625194764118016
RP13-254B10.1,0.005862454196166991
AC140076.1,0.005862263958616779
RP11-485C11.1,0.005862129933817825
CTD-2325P2.4,0.0058619789742074555
AC009133.17,0.00586197601816964
CARS-AS1,0.005861734975433069
RP13-638C3.3,0.0058614494079223065
RP11-93H12.4,0.005861415023391049
RN7SL693P,0.0058612980168976404
RP11-148B18.1,0.005861112704297478
AC005954.4,0.005860962927081222
UQCRFS1P3,0.005860382928874851
CACNB3,0.005859878782900612
RP11-21C4.4,0.00585946430581301
CARMN,0.005859015640445751
RP11-44N21.1,0.005858939309810585
LINC00606,0.005858704416738345
AC009229.5,0.005858534137491867
RP11-350G24.1,0.005857556414522893
CTD-2135D7.5,0.005857529997721638
RP11-196G11.1,0.005857445578131098
AC006548.28,0.00585743174738136
LINC00989,0.005857342773782045
HMGB1P16,0.005857235075607312
PFN1P8,0.005857149192888177
RP11-632F7.3,0.0058565319281376
AC005523.3,0.005856491241463332
AC024592.12,0.00585641065445266
CDCP1,0.005855406651995969
VN2R17P,0.0058551462664300355
DCST1,0.005854044574682873
CTD-2639E6.4,0.005853520083873694
RP1-293L8.2,0.0058526185299984735
CTD-2047H16.3,0.0058521125522712405
LA16c-321D4.2,0.00585193625791729
CTD-2630F21.1,0.0058516721021431555
DHFRP2,0.005850640934051059
LY96,0.0058500922977849255
AC093802.1,0.00584984639023323
RP11-11N9.4,0.005849528515880425
RP11-1110F20.1,0.005849385719190719
GJA9,0.005849113320155697
RP11-379F4.6,0.00584898120690258
RP5-1057J7.7,0.0058488777375117025
RP11-71H17.1,0.005848768630761081
TMEM160,0.005848513120424539
METTL11B,0.005848176416388085
CLEC6A,0.005848071641800439
RP11-567J20.3,0.005846062770878456
SIX4,0.005846014222959025
MIR1254-1,0.0058451870701184405
RP11-278J20.2,0.005844659009778568
LINC01500,0.0058445561050659576
RP11-704J17.5,0.0058441383794761775
CTD-2384B9.1,0.005843969039216137
RP11-57H12.3,0.005843497401948284
CNTN4-AS2,0.005843438746283509
RP11-474N8.9,0.005843308439580799
ADAMTS3,0.005843037719488917
RP11-22P6.2,0.005842812623895986
RP11-177C12.4,0.005842769459367505
RP11-119H12.4,0.005842267553189519
RP11-252A24.3,0.005842075140064672
RP11-354A14.1,0.005841802868627378
RP4-631H13.6,0.005841505135158633
RP13-497K6.1,0.005841174033688544
CCDC153,0.005840855990614001
RP11-789L4.1,0.005840689219854284
RPAP2P1,0.005839602958888963
RP11-463C8.7,0.005838980923183246
LINC00242,0.005838417320565911
RP11-24C3.2,0.005838064736645754
RP11-386I8.6,0.0058380360683361505
MAP1LC3C,0.005836962658894843
KB-1125A3.12,0.005836807145630302
AP000436.4,0.005836721544817311
RP11-116N8.1,0.005836686666016822
CASC21,0.005835695031857331
RP11-6J24.3,0.005835520575923121
MT1JP,0.0058353253815414605
RP11-439C15.5,0.0058352899716396485
EIF1AX-AS1,0.00583521425479938
CTAGE14P,0.0058348306426747295
RP11-779O18.1,0.005834782003240108
RPLP0P11,0.005834702477094813
RP11-247L20.3,0.005834459284327911
RP11-879F14.3,0.005834268756155871
AC007255.8,0.005833792632050285
AP001619.2,0.005833477815135765
RP11-232L2.2,0.00583322268493769
CTD-2528A14.5,0.00583315251234977
NOG,0.0058331273850150585
RN7SL809P,0.005833090699404989
RP11-358N4.3,0.005832920139452555
RP11-365P13.5,0.005832640880301833
MESTP1,0.00583258092756227
AC008073.7,0.005832446277782153
CTA-397H3.3,0.005832433418902433
RP11-556H2.1,0.005832017819612788
PRPH2,0.005831686221435713
CRYBB1,0.005831672567997785
RP11-1E1.2,0.00583165221357965
C16orf47,0.005831511346996693
HSPE1P10,0.005831135235190524
ACSM5,0.0058309424111152725
RPL7P40,0.005829784550436057
RP13-279N23.2,0.005829522619346246
RP11-146D12.2,0.005829504287354291
RP11-867G23.2,0.005829235459493678
AF064858.10,0.005828400935684426
RNU6-32P,0.005828350717518102
CTD-2626G11.2,0.005828248669253998
CTC-425O23.5,0.005827611814108531
RP11-164P12.3,0.005826534469703587
TRPC3,0.005826517218037149
MXRA5,0.005826437758310786
RP11-351I21.11,0.005826080490982233
CAMSAP3,0.005825311848720575
RP11-537A6.9,0.005824675368732928
CTC-453G23.5,0.005824505257360455
APOBEC2,0.005824200956446969
RP11-274A11.4,0.00582379457724316
RP11-417N10.4,0.005822230205460001
CTD-2108O9.4,0.005821837667633178
RP11-426L16.10,0.0058208571988214
OR2AJ1,0.0058205528335215475
AC005329.7,0.005820225768318039
RP11-394I13.2,0.005819784620692435
P2RY4,0.005819631084845795
AC124944.5,0.005819603153325227
CH17-118O6.3,0.0058187543961243605
TUSC1,0.005818731476792483
RP11-56F10.3,0.005818691135802373
CCDC168,0.005818472584643298
RP11-576N17.2,0.005817985171064843
RNU6-967P,0.005817659559263902
RPL21P122,0.00581728544457057
RPS6KA2-AS1,0.0058171891602546
IL6STP1,0.005817158775720076
Y_RNA,0.005816846340313739
XXbac-BPG170G13.31,0.005816559701936746
RP4-706A16.3,0.005816403219703396
RP11-408O19.5,0.005816398941647957
HSPE1P11,0.005816375821829419
WI2-87327B8.2,0.005815876582636846
RNU6-343P,0.005815380689505807
DYNLT3,0.00581491455434125
LINC01169,0.005814735126764815
RASL10A,0.005814529310770646
RP11-797M17.1,0.005813798320493158
RP11-20B24.7,0.005813091492559693
RP11-693M3.1,0.005812453759218988
RP1-86C11.7,0.005812249084167965
CD3D,0.005810331979195267
CTC-260E6.9,0.005810041059815763
RP11-696D21.2,0.005809600062681415
C10orf35,0.005809565882106033
AC104634.3,0.0058092504756670086
RP5-1120P11.1,0.005809183918607956
RP11-752L20.3,0.005808874097106998
CISTR,0.005808751123022468
RP11-219G17.4,0.005808089718409729
CTD-2527I21.5,0.005807389184315749
RP4-769N13.7,0.005807206939917124
FAM189A1,0.005807059949728265
RP11-250B2.6,0.005806776679259866
LYZ,0.005806281913277168
LINC01191,0.005805771918678238
STAT6,0.0058054268464629855
RP11-541G9.2,0.005805321304385709
SNORA55,0.005805180379595417
RP11-616M22.11,0.005804976120079813
ANKRD20A3,0.005804775255260393
AMN,0.005804760878710903
AF186192.6,0.005804631499151956
AC007879.5,0.005804456222741027
RP11-202I11.2,0.005804071162603677
RP11-513O13.1,0.0058039468634249166
CYP4F35P,0.005803705324926395
CDO1,0.005803482289247847
KRTAP5-8,0.005803467181020767
HSPA7,0.0058033586503347815
RP11-484P15.1,0.0058025924749797436
ENPP7P5,0.0058017648373328715
RNU6-1048P,0.005801561513182348
MIR3180-1,0.005801432626152513
SOCS3,0.00580139017954923
RP4-591B8.2,0.005801104167410433
AGRP,0.005801031492340887
PLEKHD1,0.0058009496562138
RP11-493E12.1,0.005799890369631072
RP11-83M16.3,0.0057991699850339406
ARID3C,0.005799159624092503
RNU6-226P,0.005798854773010594
AP000487.4,0.005798657177149985
PCDHGC4,0.005798548541767376
RP11-745O10.4,0.005798278501857492
WDR66,0.00579821228152052
RP11-10N16.3,0.005798029590784754
MGC45922,0.005797910619345436
RPSAP70,0.005797239344935807
FAM225B,0.005796832432032863
RP11-68L18.1,0.005796705999595489
RP11-374F3.5,0.005796595656564828
RP1-118J21.24,0.005796549817436247
U3,0.005796416297645802
KLHDC7B,0.0057961451549226346
AC114803.3,0.005796108069217702
RP11-1149M10.2,0.005796078676977625
RP11-592H6.3,0.00579554308291803
AC008069.1,0.0057952547568000485
ZCCHC18,0.005795213840372543
RP11-133L19.2,0.00579506693538821
ALG1L7P,0.0057944918871804816
PLAC8L1,0.00579434236004452
RP11-398C13.6,0.0057940952924117085
RP11-810P12.7,0.005794080185101912
RP11-123K3.9,0.00579295515175802
CTD-2529P6.3,0.005792104571582377
AC012506.1,0.005791660305737294
GS1-114I9.3,0.005791505466628372
CDC42EP1,0.005791192065191346
RP11-53B2.5,0.005791168032561777
CTD-2201E9.1,0.005790878096736625
XXbac-BPG249D20.9,0.0057894920649599205
RP5-1070G24.2,0.005788579458729758
LINC01559,0.005787826540961003
PGM2L1,0.005787583968803105
RP11-314N13.9,0.0057871715354767626
RP11-775D22.3,0.00578664782694983
ASAP1-IT2,0.005786128628538359
RNU6-554P,0.005785753216143709
RP11-374M1.5,0.00578467098228027
RP11-885B4.1,0.00578464239294923
RP11-548K12.6,0.005784006978785819
RN7SL219P,0.005783697377676137
CTD-2313J23.1,0.005783608073392892
RP11-666O2.4,0.005783090283295398
RP11-84O12.2,0.005783064153029949
CTD-2561B21.10,0.005782429519313146
AF131215.8,0.005782235273233266
RP5-899B16.1,0.005781915899870053
RP11-374M1.7,0.005781786599069219
CHCHD4P4,0.005781567465199463
RP5-1029F21.2,0.00578154946941333
CNTD2,0.005781386235214404
RP11-449H3.1,0.005781034189477661
RP11-29H23.4,0.00578090109162217
RP11-197P3.5,0.005780304538208506
CTC-523E23.6,0.0057802429771394844
MTND4P26,0.005780184010208831
U1,0.005779623486735653
AP000282.2,0.005779282876925916
RPL12P40,0.005778741497147774
AP001469.7,0.005778667682137281
RP11-778D9.12,0.005778226397430427
AC018755.17,0.005777932345659725
CTC-490G23.4,0.0057771876093826524
RP1-167G20.2,0.005776931683900729
AC012506.4,0.005776839547815708
EFCAB9,0.0057766068401213354
RP11-483L5.1,0.005775308147903414
PRG2,0.0057753077273813205
LENEP,0.005775198656357448
ZDHHC20P3,0.005774887294072602
SNORD115-32,0.005774063905375255
LINC01625,0.0057739618990845475
RP11-766F14.1,0.005773363703001929
RP11-522B15.3,0.0057732490232130194
AC003986.5,0.0057730801293136794
PCDH20,0.00577251079446072
LYZL4,0.0057711762749268584
RP11-872J21.5,0.005771085252143196
AMY2B,0.005770355402951558
RP11-959F10.6,0.00576932498220923
RP11-90L20.2,0.0057691153274697145
HMGB1P3,0.005769070921217316
LINC00557,0.005768705567670131
CTA-360L10.1,0.005768695747841403
AC013472.4,0.005768667854761584
AC004156.3,0.005768337528119635
TSR2,0.005768211773222987
RP11-123N4.4,0.005768150864743083
C19orf38,0.005768141154960393
MATR3,0.0057681006375817565
OR8X1P,0.005767886978935304
RP11-286N22.14,0.005767482728921845
SAR1AP4,0.005767055469831655
RP11-496B10.3,0.005767036819580304
RP11-138H8.8,0.005767019371615197
XXbac-B476C20.11,0.005766853845579026
CLYBL-AS1,0.005766414766473929
ART4,0.005766342351927284
CATSPERB,0.005765911288650438
MT1A,0.005765883475504907
RP11-552F3.12,0.005765673411537234
LINC00308,0.005765313413492183
RNU7-140P,0.005764981026992542
RP11-753H16.5,0.005764808340353494
RP11-173P15.9,0.005764801201410061
GUCA1C,0.0057646533438662105
FMN1,0.005764237542874024
RNU6-42P,0.005764107918221368
RPL23AP15,0.005763847537484581
RP5-1198O20.5,0.005763245963494734
POLR2KP1,0.005762975700504743
RN7SL610P,0.005762182504831674
KLF2,0.0057614992481609655
RP11-157L3.6,0.005761059947388099
RP11-395G23.3,0.00576104750506483
RP11-881L2.1,0.005760615229550743
RNU6-611P,0.0057598750215753225
FABP7P2,0.005759719461231965
HSPB2,0.005759625378771121
GATM-AS1,0.0057595932497660676
RP11-363D14.1,0.005759482751948645
BNIP3P10,0.00575864817698947
TMEM56,0.005758358407831409
GMPR,0.005757645010187804
C11orf42,0.00575736620542234
RP1-257A7.5,0.005757012344964647
RP11-432B6.3,0.005756916727241318
TBC1D3P5,0.005756370438754599
RP1-125I3.2,0.005755990630507489
CTC-510F12.7,0.005755853125463781
SCARNA8,0.005755747031479032
AP000295.9,0.005755449067088613
RP1-40E16.2,0.005755178685777778
CTD-2540F13.2,0.005754850774780185
RP11-446F17.3,0.005754832391930151
RP11-13K12.2,0.005754574095937124
ATP6V1G1P6,0.005754442891973316
Z69720.3,0.005753788255793741
RP11-775D22.2,0.005753595272855262
CTC-510F12.4,0.005753402583036825
HMGN1P8,0.00575335861977193
RAB44,0.005753181737781961
RP11-380D11.2,0.005753155908876335
RP1-27O5.3,0.005753058283912767
RP11-244N9.4,0.00575295433245411
NOD1,0.0057529420956177295
BNIP3P15,0.00575249694142486
BOLA2P3,0.005752010690110771
AP001596.6,0.005751812125431338
FLJ33360,0.005751770748708068
RN7SL19P,0.005751721849838533
RN7SL364P,0.005750203781738235
RP11-90P5.2,0.00574957748174912
SCRT1,0.005749469966447831
RP11-394J1.2,0.0057488010931358085
RP11-481J13.1,0.005748784716172546
RP11-335O4.3,0.005748207173105141
AC024937.4,0.00574758176678875
FNDC9,0.005746468405128716
RP11-1365D11.1,0.005746300887189226
GPR68,0.005746248140258686
RPL10P9,0.005745535138500767
RP11-666F17.1,0.00574536895803485
TMA16P2,0.005745204475770975
LINC01480,0.005745034306062044
RP11-115C21.4,0.005744999005638543
RP11-59C5.3,0.005744991605287791
CFB,0.005744561316699316
CTA-243E7.1,0.005744241936186539
RP11-30P6.6,0.005743632229947328
RNVU1-4,0.005743596107053803
PRDX2P3,0.005743555538274326
ADAMTS15,0.005743525274948081
PCDHB19P,0.005743218137064197
RP11-364B6.2,0.005743142857180704
RP11-442G21.2,0.00574285076648868
PTPRVP,0.005742181463195934
MIR129-2,0.0057420653141710696
CLDN4,0.005741844342753654
AP003025.2,0.00574160985168222
LINC01607,0.005741347126637776
RP5-1096D14.6,0.005741275138287587
RP11-567C20.2,0.0057407951950714095
HOXB4,0.005740768715901938
TMSB15A,0.0057407636043280445
RP1-158P9.1,0.005740142142439252
RP11-649A18.3,0.005739058420195712
HNRNPH1P1,0.005738911627797405
RP11-216L13.21,0.005738678113314603
NPHP3-AS1,0.005738469244866553
AC104076.2,0.005738314975802668
MED28P7,0.0057382662142521305
HLA-U,0.005738245314210534
RP11-467J12.4,0.005738118245579561
RP11-474C8.8,0.00573777428951792
RP5-1070A16.1,0.005737762852155835
RP11-258F22.1,0.005737253218835474
RP3-340N1.2,0.005737033439570103
LINC00608,0.005736836695513909
RP11-158I13.2,0.005736752949335135
C1orf140,0.005735411726633219
RP11-1018N14.5,0.005735251599179102
SPA17P1,0.005734512764512627
SLC2A3P4,0.0057344753534290475
MGP,0.005734009215033427
AC093850.1,0.005733350948630451
CFAP77,0.005733273281619068
RP11-488P3.1,0.005733060279693674
Metazoa_SRP,0.005732659833569391
RP11-7I15.4,0.00573248634423482
RNU6-8,0.0057324673748079015
NXPH2,0.005732008840762359
RP11-353N4.5,0.0057320063635027535
RP5-1107A17.4,0.0057313097260993226
CDNF,0.005731052247295022
OLR1,0.005730904546443403
C1QL2,0.0057306807983614405
ARPP19,0.005728906215498094
SNORA3,0.005728573231342046
RP11-830F9.7,0.005728222922171669
RP11-11C20.3,0.0057280618240527345
KB-1836B5.4,0.005727672836161566
HLA-W,0.0057274706897384705
RP11-480I12.9,0.005727428884982391
RP11-968O1.5,0.0057273167670930745
CTC-304I17.2,0.005727129910013253
ENPP7P9,0.005726644216063807
OR2AK2,0.005726516988870678
RP11-332E19.2,0.005726505152127345
CBSL,0.005726299789770666
GSTT2,0.005726292009579077
SYCE3,0.005726255249232601
XX-C283C717.1,0.00572621885486621
RP11-328J14.2,0.00572546597046852
RP11-192M23.1,0.005724688244032642
AC242988.1,0.005724331110143835
MIP,0.005723694080927488
RP11-834C11.7,0.005723631314497681
RP11-710F7.2,0.00572352215725587
ADRB2,0.005723480129361004
RP11-529E10.6,0.005723238504680497
BMP2,0.00572281259715583
CTD-2270L9.2,0.005722786917156197
AC092168.2,0.005722159266931763
LNP1,0.005721892303752418
CLDN23,0.005721710807590023
FGF14-IT1,0.005721533621025932
HCAR1,0.00572126814567042
AC006195.2,0.0057210157452326675
AF186192.5,0.005720919733179274
RP11-717K11.2,0.005720740103835742
RPL12P47,0.005720457098594416
AC011294.3,0.005719981078683844
RP4-800M22.2,0.005719890090026629
HGFAC,0.005719853492909183
TOX,0.005719820123872693
NARF-IT1,0.005719621679027565
RP11-211A18.1,0.005718243500412319
KB-1125A3.10,0.0057180145983466765
RNU6-818P,0.005717916922097247
HMGB1P15,0.005717292193691927
CTC-499B15.8,0.005716925875313649
AC004538.3,0.005715602146212492
CTD-2555O16.1,0.0057149346151922275
RP11-543C4.3,0.005714895548147901
PPIL1,0.005713826439025612
RP1-72A23.4,0.0057138089980019015
SLX1B-SULT1A4,0.005713718563969335
MT-TH,0.005713560789078065
RP11-553N19.1,0.005713384994419673
MIR4677,0.005712773171494279
CTD-2659N19.9,0.005712444979690317
MGARP,0.0057123077312394984
YEATS4,0.005712030493162127
RPL21P92,0.005711936698614776
METTL21EP,0.005711844291728705
DOC2GP,0.005711680777783788
ERAS,0.00571144115237208
NEK2P4,0.005711363671215775
GRIN3B,0.005710404600863003
RP4-745E8.2,0.00571025618833806
RP11-38G5.2,0.005709981813507254
MGAT5,0.0057095785539774
KRTAP10-5,0.0057095196489341865
RP1-12G14.9,0.005707775725412907
FERD3L,0.005707517889754159
ZNF812P,0.005707005056981777
NPM1P45,0.005706512976630503
C2orf48,0.005706371560785276
RP11-85A1.3,0.005706139086129328
RP11-147L13.2,0.00570568082842734
AF186192.1,0.00570548038791764
SNAI2,0.005705293864708853
FRZB,0.0057050792688313045
RP1-21O18.3,0.0057049886573764174
TREML3P,0.005704752507242687
RP11-26J3.1,0.0057039615573230736
RP11-179B2.2,0.005703950058632581
RP11-91A18.1,0.005703541113921144
AC008985.1,0.005703449890133689
RP11-660M5.1,0.005703315431654486
TMEM59L,0.005703255017689887
RDH10-AS1,0.005703064168613633
AC007389.2,0.005702639414028682
ANKRD20A1,0.005702637400504269
RP11-426J5.3,0.00570227945165831
GDF5OS,0.005701406106821029
RP11-807H7.2,0.0057013217136450125
UBE2E2,0.005701048456752794
RP11-622C24.2,0.005700402940237585
CTD-2313J17.6,0.005700294426849879
VENTX,0.005699800889264907
STEAP1,0.005699619363227146
RP11-454K7.3,0.005699605523590919
PARD6A,0.005699501813526303
MIR219A1,0.005699420141577266
RPS26P56,0.005699366781500448
OR2AE1,0.005698902620300417
RP11-287D1.2,0.005697437612490743
RNA5SP379,0.005697363949474462
TMEM89,0.005697172393863074
RP11-420H19.3,0.00569702953684484
Y_RNA,0.005697011486314712
RP11-208P4.1,0.005696829995664007
RP11-365O16.5,0.005696440165637958
CTD-3224K15.3,0.005696231600956146
MIR6514,0.005696181719417335
LINC01252,0.005695832101847785
TAT-AS1,0.0056956495874933375
RP11-44D19.1,0.005695448325739836
RP11-756A22.7,0.005695382620446906
RASA3-IT1,0.005695024317948735
RP11-662M24.2,0.005694300390039551
AC011899.10,0.005693912793938558
RP11-158M2.2,0.005693603672548398
C1orf147,0.005693109373990517
RP11-678G14.3,0.005693094253356678
AC004381.7,0.005692591572815288
HLA-DQA2,0.0056924485666883075
CCDC113,0.005692381775334911
TMEM45B,0.00569197672142571
RP11-159D12.5,0.005691776902814182
RP11-541E12.1,0.005691743363886264
RP11-530C5.1,0.005691709363855225
RP11-47A8.5,0.00569126466967372
CRYAB,0.005690662729358074
RP11-646I6.5,0.0056891431038492025
DNAJB13,0.0056887371027454494
ZFP36,0.005688150271192202
CTB-12O2.1,0.005688142202749565
RP11-209D14.4,0.005687365348162486
AC104843.4,0.005686805678412356
LA16c-390H2.4,0.005686287263588629
CTA-204B4.2,0.005686282910933308
RP11-807E13.3,0.005685812396226205
AC114730.3,0.005685533090680063
AC073069.2,0.0056850194058949794
CATIP-AS1,0.005684821118643491
RP11-77E14.2,0.0056847955742896404
RP11-488L18.8,0.005684642432702361
ATP13A4-AS1,0.0056842929650034735
SALL4P5,0.005684207294197899
MIR24-2,0.005684144655390779
RP11-443B7.3,0.005684077949862149
RP11-337N6.2,0.005683836360843105
CA14,0.0056838137354911725
RP11-174G17.2,0.005683617239297855
CPA4,0.005683515666106633
PAWR,0.005683074333304557
RP11-15A1.4,0.005682262994309088
AC005229.5,0.005682037436638771
RP11-664D1.1,0.005681845282945849
RN7SL812P,0.0056818347222677545
RP11-110I1.5,0.0056815712026792
AC107218.3,0.005681419200068517
MT-TC,0.005681008489774319
SLAMF6P1,0.005680923780987454
ITGA9-AS1,0.005680741820616083
LINC00243,0.005680646923394523
HCG9,0.00568048847262294
Metazoa_SRP,0.005680477200573949
Y_RNA,0.005680129441921644
RP11-146E13.5,0.005679838090020744
MARVELD3,0.0056797415414442266
CTB-49A3.2,0.005679327777082401
HIST1H1PS1,0.005679278092392833
HYLS1,0.005679164968600381
AC023590.1,0.005678784797006964
AP001172.2,0.005678683199631718
LINC01013,0.005678416914915851
GJA3,0.005678335072247917
RP11-553A21.3,0.005678141028552044
RP11-457M11.6,0.005678123073086982
SNORD14E,0.0056779425099494525
CICP3,0.00567772005027198
RP11-183A22.3,0.00567764372044608
RP11-326C3.13,0.005677156331249418
AF127936.3,0.00567691878068676
SLAMF9,0.005675963812579502
AC008641.1,0.0056759165488652575
AC106876.2,0.005675404623234894
USP30-AS1,0.005675282943977802
DACT3-AS1,0.005675071575397535
DISC1-IT1,0.005674513843917536
PKD1L1,0.005673513743593308
CTB-47B11.1,0.005673121641962868
LINC01248,0.005672702993705002
SUMO2P10,0.005672635033833596
MIR7843,0.005672385128459135
RP11-134O21.1,0.005671917309805253
RP11-352D3.2,0.005671824713097772
CTD-3203P2.1,0.005671804585322415
Metazoa_SRP,0.005671420393021664
RP11-775C24.3,0.0056710031210699015
SLITRK2,0.0056705060202443935
LINC01146,0.005670313491330313
MTRF1LP1,0.005670260660389404
RP11-63P12.7,0.005670242106517308
MYOG,0.005670180902844613
RP11-256I23.1,0.005670070367757508
AP000577.2,0.005670056456687367
RP11-443B7.1,0.005669971295733993
U1,0.005669755939041455
CTD-2020K17.3,0.005669194092417723
CTD-2378E12.1,0.005669029823164331
RP11-875O11.3,0.005668585978376513
LINC00487,0.005668527263802701
RP11-585F1.6,0.005668368025683392
CTC-338M12.13,0.005668003377334295
RP11-266K4.1,0.005667758003900683
RP11-1084I9.2,0.005667720337011839
RP11-165D7.5,0.005666971664524895
OXTR,0.00566602734344017
RP11-20I23.10,0.005666023829291247
KLF1,0.005665932734973789
AC006994.2,0.005665671293892362
STRC,0.005665361651196118
RP11-13N13.5,0.005665286866477752
RP11-573D15.3,0.005664712233944632
RNF223,0.00566470367269395
FKBP1AP3,0.005664691266989343
RP6-65G23.5,0.005663817087111481
GOLGA6L11P,0.005663375399171118
RP11-554D20.2,0.005663013137081908
RP11-330L19.2,0.00566277315130412
MIR4754,0.005662411379355937
CTD-2371O3.2,0.0056620224858905995
CTD-2078B5.2,0.005661881833525524
GUCY2F,0.005661629907737479
BNIP3P24,0.005661153236709564
CBLN3,0.005661033014907807
SLC29A4P2,0.005660762320449737
RP11-644F5.12,0.005660744821337134
RP11-437J2.3,0.005659967086649355
C15orf59-AS1,0.005659869353114393
RPL7L1P5,0.00565982595178592
AC010731.3,0.005658932426487642
PRR13P2,0.005658921349484794
AC002519.8,0.005658816976331551
DUTP3,0.005658723822838543
RNU6-26P,0.005658542131022887
TPM3P1,0.005657794815518884
RP11-265O12.1,0.005656889561149343
CTD-3128G10.7,0.005656598515398453
ITPR3,0.005656376570798037
RP11-497H16.8,0.005655814402742883
KCNA3,0.005655438354539759
CTD-2334D19.1,0.005655344837336231
FEM1AP4,0.0056553421006818455
RN7SL192P,0.0056551337374717995
AC013402.4,0.005654077134371683
Y_RNA,0.00565369215814738
HAPLN4,0.005653642892633044
AC112198.1,0.005653455586438291
RP11-875O11.2,0.005653298836275785
VAMP2,0.00565295828550627
AC020951.1,0.0056527641568140325
C1QTNF3-AMACR,0.005652645619319729
RP11-402G3.4,0.005652616749549777
SLC10A6,0.00565211489698869
BTF3P6,0.005651025140210325
CRYZP1,0.005650919450518405
RP11-466A19.1,0.005650619253956473
HNRNPA3P14,0.005650389271519452
PKDREJ,0.005649599926384966
RPS12P27,0.005649574435313121
USP12PX,0.005649382292289405
RP11-162A12.3,0.00564909769538541
RP11-158M2.5,0.005648742453928136
RP11-508N22.9,0.005648721431201892
BHLHE40,0.005647135586211348
RNF11,0.005646924154862355
AC013463.2,0.005646677890208051
DLG1-AS1,0.005646640314224715
RP11-757G1.6,0.005646113731789478
TTC3P1,0.005645994557625544
RP11-907D1.1,0.005645648343045639
IMPDH1P10,0.005645538267479602
KRT8P11,0.00564520448788441
CTD-2553L13.7,0.005644794960706622
Metazoa_SRP,0.005643781941512196
VN1R80P,0.0056437635851116635
RP11-321E2.4,0.0056435868961269755
HNRNPA1P46,0.005643366712444673
SNORD9,0.005642699058456547
AC004237.1,0.005642532007511126
PCDHGC5,0.005642419224488582
RPS10P18,0.005641995793380646
SALL4P6,0.005641838443550009
ITGB2-AS1,0.005641613679321898
RP13-614K11.2,0.005641349220346336
RP11-444E17.6,0.00564089355280034
CSNK1A1P1,0.005640519891074557
RPL35AP31,0.005640279769956659
RP11-798G7.8,0.005640255972937092
PTGER1,0.00564020445780014
LINC00345,0.005639803930204904
AC007391.2,0.0056387419604971315
RP11-439E19.7,0.005638683508670438
AC131056.3,0.005638669757683519
LMO7-AS1,0.0056378326811934295
RP11-3D4.2,0.005637565277864086
CTAGE11P,0.005637462951512429
CTC-1337H24.3,0.005637419643255953
RN7SL834P,0.005637256998334492
DOK4,0.00563657815464128
RNU4-14P,0.005636486750125083
EXOGP1,0.005636211877940656
RP11-345J4.6,0.0056361317923041675
RP5-1177I5.3,0.0056355345342230445
RP11-116N8.4,0.005635162777276719
RP11-273G15.2,0.005635089959966903
AC007682.1,0.00563447390995219
CHRNA9,0.00563366286734564
FBXO16,0.0056336483679926665
GRASP,0.005633483027755944
LINC01222,0.0056334662745392665
RP11-45A16.4,0.005632506092496929
AC006026.13,0.005632412314811917
RP11-177G23.2,0.005631800006035381
Y_RNA,0.0056317189997631256
RP11-930O11.3,0.005631306635400334
NANOGNBP3,0.005631273451193918
ZSWIM5P2,0.005631252872902954
CTD-2014D20.1,0.0056311821980728665
RP11-273B20.1,0.005630772853496928
ANKRD20A18P,0.005630543173992269
ID2-AS1,0.00563046829286374
RP11-131H24.5,0.005629703253186707
ATP6V0D2,0.005629699349811115
MAP3K5,0.005629636358591757
TBC1D3P1,0.005629502153946416
NR2F2-AS1,0.005628926816461113
SPRY4-IT1,0.005628877257807447
RP11-16E18.1,0.0056284517395318225
ANKRD45,0.005628192946855132
NDUFB2-AS1,0.005627870058557973
MAGEA7P,0.005627670520016125
RP11-498D10.8,0.0056261682950612
CTD-2587H19.2,0.0056257346345102875
ANGPTL6,0.005625698840282106
RP11-359G22.2,0.0056248220259988374
ST3GAL1P1,0.0056247649681896005
PCAT14,0.005624610478967932
RNU1-67P,0.005623717748250781
TUBB3,0.005622821913392548
JUNB,0.00562254959437387
NUMBL,0.0056217642497852745
RP11-337L12.1,0.005621382928490456
CYCSP42,0.005621382928489596
CXorf65,0.005621019032444022
KB-1440D3.14,0.005621004805514655
RP11-184M15.2,0.0056209302559038846
RBMXL2,0.005619867671921384
ONECUT1,0.005619615840531488
RP11-169E6.1,0.005619004594933515
RP11-894P9.2,0.00561888282267763
CTD-2283N19.1,0.005618435837743019
RP11-495P10.3,0.005618141465176991
RP11-342A23.1,0.0056176833822804695
LMTK3,0.005617504422044721
CTD-2126E3.3,0.005617346860388475
RP11-944C7.1,0.005617152845948295
PCAT29,0.005616668988890948
PSMA6P4,0.005616581098279773
AC006026.1,0.005616268893834024
LINC00336,0.005616224731581582
RP11-577H5.5,0.0056156902217545995
RP11-48F14.2,0.005615521242270155
RP11-115H18.1,0.005615365156967558
RP11-50D9.3,0.0056153567014764
FLRT2,0.005614914167344231
RNU6-88P,0.00561470700705661
MOAP1,0.00561453460262783
RP11-417L19.2,0.005614438567619329
RP11-145M9.5,0.005614371080743157
ICAM1,0.005614246400820001
RP11-54A4.2,0.005613298882695363
LINC00552,0.005613249054496667
XXYLT1-AS2,0.005612984045323173
GHRLOS,0.00561254226885268
RP11-513D5.2,0.00561253313509879
FAM89A,0.005612447718241426
RP11-777B9.5,0.005612201283710587
RP11-154P18.2,0.005611882510480429
CTC-265N9.1,0.005611842415460211
TRBV2,0.00561151120016859
RP11-382M14.1,0.005611331079326498
MIR1224,0.0056113291122953015
RP11-114N19.3,0.0056109606444305765
ACA59,0.005610810233065408
RP5-1174J21.2,0.0056106888114083745
SNORA72,0.005610234093511999
ALOX12P2,0.005609929201865883
RP11-354P11.4,0.005609674952475629
RP11-464D20.6,0.005609623891225174
CD2,0.005609128364249111
KRT8P45,0.005608967041704659
RPL9P5,0.005608697432532141
MRPS31P2,0.00560864807273623
ACTG1P10,0.005607835931469106
CTD-3234P18.6,0.005607389405442386
KARSP1,0.005607219117869753
CELA1,0.005605659698862938
RP11-52B19.1,0.005605544125608083
MIR3681HG,0.005605011128723665
KRT8P41,0.005604305525382693
CTD-2555K7.1,0.005604247172243747
ZNF736P9Y,0.005604019596657003
RP3-408N23.4,0.005603961089184338
RP1-56J10.8,0.0056039314900704984
RN7SL600P,0.005603758472610478
LINC01301,0.005603745034884921
NDUFB4P8,0.0056025979537142724
RP13-131K19.1,0.005602504442491782
RP11-707O23.1,0.005602480302343794
RP11-471J7.1,0.0056019344617182065
FDPSP4,0.0056019042453693945
Vax2os1_3,0.005601429840119025
RP11-47I22.2,0.005601138548649788
RP11-463C8.5,0.0056005512184887215
CTC-565M22.1,0.005600440391896733
CTD-2292M16.8,0.005600276307530169
GOLGA8O,0.005600055407075415
LINC00167,0.005598745076550625
FOS,0.005598536044040368
RP1-206D15.5,0.005598315191519764
RP11-323I15.5,0.005598302451144786
RP11-242J7.1,0.0055982832657034
CTC-281F24.1,0.0055981383188534115
RP11-61L19.1,0.005597793667016016
RP11-304L19.12,0.005597617804027327
RP11-1C8.4,0.0055974634062155955
RNU6-1178P,0.005597184115443366
RPL7P46,0.00559702308328647
KRT18P57,0.005596127491728673
AGBL5-AS1,0.005595368748103292
CTD-2026G22.1,0.005594694596764735
RP11-54O7.3,0.0055944926367763525
LL21NC02-1C16.2,0.00559428447662599
C2orf40,0.00559384862839053
HSPB3,0.005593425931467132
AC015849.16,0.005593417434078838
RP11-407N8.6,0.005593045591177799
AC084117.3,0.005592913793798622
PSORS1C2,0.005592892362580565
RPS24P18,0.005592769919756076
RP11-261P13.6,0.0055914430151250225
RPL29P19,0.005591152556237447
MGC32805,0.005590771231357178
ODF4,0.005590534054176861
RNU6-528P,0.005589258982744257
GAPDHP22,0.005588751859764203
AC091633.2,0.0055886903212489115
TRAPPC13P1,0.005588560732183905
RNA5SP425,0.005588241593341456
RP11-465L10.10,0.0055877868879419
RP11-17A1.3,0.0055871824865811465
RPL23AP20,0.005587134287513174
ZSCAN5B,0.00558680013122027
RASD1,0.005586713094220675
RP13-20L14.4,0.00558649163754688
CTC-535M15.1,0.005586235341419292
RP3-323A16.1,0.005586165215671882
RNU6-1024P,0.0055860509802430755
AC073109.2,0.005585781419897967
RP11-527D7.1,0.005584464197530245
CCNB1IP1P1,0.005584357074505661
RP1-228H13.2,0.005584269029921682
DPYD-AS1,0.005584166364999379
RP11-406O16.1,0.00558294117217382
POLR2CP1,0.005582191306654996
LINC01269,0.005582060904859522
MTATP8P1,0.005581473198946671
PIM2,0.005580651539181521
RN7SL262P,0.005580453257235981
RP11-178H8.7,0.005580286458861868
RPS12P31,0.00557985886258328
A2ML1-AS1,0.005579843728413393
RNU6-762P,0.005579227906105303
HINT3,0.005578423193303149
RP11-762B21.5,0.005578148867835989
SNORD6,0.005578092327678344
RNASE3,0.00557775710845314
LINC01598,0.005577063223464568
ZBED9,0.005576757507592547
RP11-16E12.1,0.005576181286148956
GPRC5A,0.005576117816876518
RP11-449P15.2,0.005576068466785181
CTD-2015H6.3,0.005575308222424055
RP1-102K2.8,0.005574947856187885
CTC-507E2.2,0.005574791189572443
PCDHB3,0.0055741591812900615
RBM5-AS1,0.005573411525456899
UPK3BL,0.005573285901515441
SNHG25,0.0055731933795012375
RP11-640B6.1,0.005571966634939766
RP11-545M17.2,0.00557183003535525
CACNG1,0.005571408902023779
RP1-225E12.3,0.00557077363069278
RP3-477M7.6,0.005570493656816319
RP11-22B23.2,0.0055696953355313964
RP11-325L12.6,0.005569423528396283
C15orf48,0.0055690147220184534
GLUD2,0.005568355574903523
IPO8P1,0.005567507470527534
AC097381.1,0.005567480917433646
CTD-2349P21.11,0.005567233557490629
NT5CP1,0.005566900641400795
RP11-1080G15.1,0.005566648238897605
AC017035.2,0.005566578245375703
MIR4420,0.005566577961143559
RP1-81D8.5,0.0055651637748679265
CLEC4F,0.005564526129875429
RP11-867G23.13,0.005563769776654437
RP11-158I9.8,0.005563769217442245
RP11-203M5.7,0.005563331963672489
CBX3P3,0.005561962038859305
RP1-69D17.4,0.005561952634486919
RP11-567M16.1,0.005561866644499926
CHAD,0.005561708959065819
AC063976.7,0.005561494363836427
RP4-568C11.4,0.0055609520725711115
RP11-742B18.1,0.005559635212179684
AC006372.4,0.005559310821042873
UCKL1-AS1,0.00555928041783411
GDF15,0.005559151045099057
CRB3P1,0.005559053232104473
HIPK1-AS1,0.0055584381510244895
RP6-109B7.5,0.005557469963089177
ZBTB7C,0.005556902769576706
AC093106.6,0.005556700583614749
CTD-2621I17.6,0.005556683444271779
SNRPCP14,0.005556542833219259
SMO,0.005556526237363343
RP1-134E15.3,0.00555651440272691
RP11-191L17.1,0.005556200233366075
RP11-69J7.1,0.005556127692426051
RP11-1348G14.6,0.005556078608447937
RNU6-512P,0.005555951323801764
RP11-521C20.5,0.005555848553308446
RPL35AP4,0.00555560791358145
CTD-2062A1.2,0.005554915229881801
RP11-106D4.2,0.005554507060524291
LINC00958,0.0055535139622197955
CTC-304I17.4,0.0055534480708879
AURKAPS2,0.005553027762593613
CTD-3194G12.2,0.005552511945251231
RP11-439I14.1,0.0055523649249868325
LINC00970,0.005552260479480602
AC010761.13,0.0055521702034382215
RP11-92K15.3,0.005552053475932054
MTDHP4,0.0055519489811360215
RP11-106M3.2,0.005551049583236359
CTD-2517M22.14,0.005550264684142095
RP11-345P4.6,0.005550081901656179
CTAGE13P,0.005549643715589107
ENPP7P12,0.005549589601757365
RP11-820I16.1,0.005549328431393965
WIZP1,0.005549226865491448
CREB3L1,0.005549043155916807
BMS1P2,0.0055487066060537086
LINC00519,0.005548491176166406
bP-2189O9.2,0.005547839459372877
RP11-644C3.1,0.0055476497867215915
PCDHA5,0.005547534867674002
RP11-247A12.7,0.005547411356076471
ABHD11-AS1,0.005547254697362701
RP5-903E17.2,0.005547101846356874
CYYR1-AS1,0.0055458182862522035
AP000320.7,0.005544743044706057
RP11-495K9.8,0.005544419785385117
RNU6-583P,0.005544211225265116
RP11-49O14.2,0.005544181456317211
CTD-2587H24.1,0.005543822271328012
RP11-347C18.4,0.005543774831765236
HIST1H4H,0.005543168323347453
LINC00843,0.0055431634968985
RHOU,0.005542829821958555
RNU5A-1,0.005542696741978736
RP11-458K10.1,0.005542016079025687
LL21NC02-21A1.1,0.005541467502365087
CTGF,0.005541424893732133
RP11-467L19.11,0.005541112483801917
CTD-2337A12.1,0.005540965572160182
TSPAN1,0.005540845228104811
ZNF322P1,0.005540818580616317
RN7SL561P,0.005540726727286246
RPA2P3,0.005540726551451656
LMTK2,0.005540448766278114
RP11-463O9.2,0.005540323154978851
RP4-718P11.1,0.005539995050243556
RP11-666A20.4,0.005539562667109764
SOX2-OT,0.005539455583725296
HOXD12,0.005539258592353754
MAGEH1,0.00553904134483605
RP11-322D14.2,0.0055388959786001266
RP11-702H23.4,0.005538889022707401
RP11-503N18.5,0.0055385815537893094
USP3-AS1,0.0055384660845973115
ZSCAN5DP,0.005538416504927213
RP11-256L6.2,0.0055384129398766
RSF1-IT2,0.0055383691342813625
AP000697.6,0.0055381885051319565
RP11-218I21.2,0.005537388901550997
RP5-1142A6.2,0.0055372568017282775
RP11-299J3.6,0.0055371879078008985
AP000462.3,0.005537130299867749
MTND4P12,0.0055346198875911275
RP11-527N22.1,0.00553449745664116
MKRNP2,0.005534426783928651
LGALS9DP,0.005533678107569953
RANP8,0.005533143814064132
VN1R104P,0.005531877948290245
MYL6P4,0.00553181562852398
MIR6511A1,0.005531753325335011
CH17-351M24.1,0.005531633453148119
MIR1285-1,0.005531469772443859
C1orf64,0.005531276715253651
MLK7-AS1,0.005531098448848271
TBC1D9,0.005530360288245662
RP11-307C19.2,0.005529942859213607
LINC01546,0.005529823724745645
SAPCD2P3,0.005529792761678733
CTD-2313N18.7,0.005529301118552573
PPP3R1,0.0055291991740901245
ADAM21P1,0.005529037947164945
KIRREL3,0.0055283720311695836
HCCAT5,0.005527986316389661
FAM46B,0.005527365015634273
RAB4B-EGLN2,0.005527299606889435
SRSF10P1,0.005527191822752673
RP11-2C24.5,0.005526886884692317
MIRLET7D,0.005526551584122904
RP1-290F12.3,0.005526495574955783
KANSL1-AS1,0.0055261553532634355
RP11-81H14.2,0.0055261397346321895
RP11-161H23.5,0.005525492761182718
RP11-307L14.2,0.005524963512037675
RP11-93G23.2,0.005524734801679745
KRT8P14,0.005524398551636882
AC008088.4,0.005524326386858705
AB015752.3,0.005524229238007568
RP11-1137G4.3,0.005523869126169323
RP1-278O22.1,0.00552382951846297
RP11-62G11.2,0.0055230418675390434
RP1-68D18.2,0.005522530735867575
CTD-2526L21.3,0.005522248496109755
CTD-2130O13.1,0.00552215851499728
RP11-360L9.7,0.005522115935786802
RPSAP23,0.005521835885264175
PARGP1,0.00552166218361988
RP11-425D17.1,0.005521625142084564
USP51,0.005521604359797178
AC079779.5,0.005521382730221945
CTD-2571L23.9,0.0055212020147716746
C1orf105,0.005521139858793754
ARL17B,0.005520893223052353
RP11-810P12.5,0.005519987095603666
SNRPGP14,0.005518967041370569
RP11-773H22.4,0.005518875977438312
RP11-266E8.2,0.005518619311317631
KRTAP5-14P,0.005518258901007159
RP11-477D19.2,0.005517961324179584
ZNF295-AS1,0.00551759496982575
MIR3176,0.005515817373041482
RP5-1009E24.9,0.005515048550105752
DBX1,0.005515006595941248
MIR5695,0.005514707356120901
FCGR3B,0.005514608655224351
CLEC4E,0.005514515514687659
AC084219.2,0.00551425259507266
CTB-51A17.1,0.005514219430952327
RP11-575F12.1,0.005512126460063631
RP11-626G11.5,0.005510979422654147
AATBC,0.005510716996539688
AC007161.5,0.005510516432342289
ABTB2,0.005510312311782285
RP11-94C24.13,0.0055100720492154975
SPDYE7P,0.005510060466833279
C4orf32,0.005509608470078435
RP4-569D19.8,0.005509130362358865
GOLGA6L7P,0.005509049276875397
RP11-732A21.2,0.005508622476257006
RP5-1107A17.3,0.005507859237506177
MIR6859-4,0.005507810800420166
RP11-923I11.5,0.005507540341106279
NFIA-AS1,0.005507480882034639
RP3-341D10.1,0.005507143580548747
RP11-621L6.3,0.005506814900581979
RP1-118J21.5,0.005506707935326666
HIST1H2AL,0.0055063242651425875
PLA2G5,0.005506259824682005
MIR320E,0.005505834652941226
AC018712.2,0.005505593442884069
RP11-946P6.6,0.005505303047834321
RPL36AP15,0.0055048457959114725
SECTM1,0.005504619753265623
AC069257.6,0.005504571205368526
RP11-505K9.4,0.005503975394921808
RNU2-7P,0.0055036241504475775
RPEP3,0.005503125259066585
RP4-680D5.9,0.005503090586657721
RP11-616K22.1,0.005502261687724493
RPSAP50,0.005502253851332919
KB-1507C5.3,0.005501620198673812
CTD-2044J15.1,0.005501608783780508
SNORD1B,0.00550149259073369
RNU6-331P,0.005501237243846547
SPDYE20P,0.0055007774829344495
SPON1,0.005500292760168362
HSPD1P11,0.005499312403869814
FAM206BP,0.005499279862949099
RYBP,0.005498966250159951
ST6GALNAC2,0.005498645376085661
Metazoa_SRP,0.005498612637016323
RPL15P4,0.005498121073940434
DUXAP8,0.005497280233805577
RP11-733D4.2,0.00549683711969676
RP11-588L15.2,0.0054967849739903174
CDH20,0.0054966845514754226
U1,0.005496251188867345
RP4-550H1.7,0.005496042213578194
RP11-530A18.1,0.005495961690910821
SNORA11,0.005495174416767926
LRRC19,0.005495116387835036
RP11-61J19.5,0.005494998043556171
OVCH1-AS1,0.005494659579362681
TSSK1A,0.005494466603500284
RP11-972P1.8,0.005493766512815173
MIR129-1,0.0054936244683496905
CTB-25B13.5,0.005493470858389806
ZNF33BP1,0.005493447103968246
GXYLT1P6,0.005492841970766379
SMIM1,0.005492749631833734
RP11-218F4.2,0.005491785029227934
CTA-221G9.10,0.0054917238939529755
AC002059.10,0.005491587151358289
RNY1P9,0.0054911117811822716
RPL23AP64,0.0054908649415097086
BRWD1-AS2,0.005490773176891538
STK19B,0.005490430205905981
RP11-111A21.1,0.005490265283217466
RP11-498M14.2,0.005490146580409512
RNU6-1004P,0.005489679808121018
RP11-686D22.5,0.005489560238231831
RP11-25I15.3,0.005489498138961913
SNAP23P1,0.00548941818174091
CTD-2256P15.1,0.005489061411451337
RP11-31E13.2,0.005489056944236144
GBX2,0.00548814951427787
CTC-506B8.1,0.005486959816476736
RP11-72I8.1,0.005486100476894988
RP11-368I7.6,0.00548581727368158
BRWD1-AS1,0.0054855011960156
RP11-9M16.2,0.00548519913132597
CTD-2192J16.11,0.005484908919207686
JPH1,0.0054843259818361315
RP11-699L21.1,0.005484284846256554
RP3-355L5.4,0.005484106831383658
LINC00907,0.005484057523942724
FTOP1,0.005483642190695749
CDKN2B-AS1,0.005483409822098256
PITRM1-AS1,0.0054830549874640795
HCN3,0.0054828719035300705
RGPD4,0.005482830861523104
NDUFB11P1,0.00548247496470966
TMEM108-AS1,0.005482088438732045
RP11-283G6.3,0.0054820752476185085
RNA5SP43,0.005481281143163646
EIF1P4,0.0054811308406738195
MIR26B,0.005481014945055475
LINC00634,0.0054809903694106816
RP11-885B4.2,0.005480948192471047
RP13-297E16.4,0.005480469215324111
RP11-857B24.1,0.005480445151050755
RP1-20N2.8,0.005480124130972228
C15orf56,0.0054798124001415
KCNQ1OT1,0.00547942702512767
RP11-440D17.4,0.0054792870679830205
RP11-457M11.5,0.005479221292261385
CTC-232P5.3,0.005479164230862098
CTD-3224K15.2,0.005479109594561948
MESP1,0.00547898426016324
NPIPA8,0.005478780500798904
RP11-185J20.1,0.005478710847309757
RP11-23N2.4,0.005477994666727491
LIPN,0.005477861322700739
C1orf143,0.00547771860605623
LINC00927,0.0054773467679941545
RP11-369K16.1,0.005477176601190179
CXCR6,0.005476888805512194
CSPG4P11,0.005476724634572949
EPHA5-AS1,0.005476429862571143
CTD-2054N24.2,0.005476172567921024
KLHL2P1,0.005475692295070178
FAHD2CP,0.0054754406881717625
RP11-513G19.1,0.0054753423802690855
RP5-965G21.6,0.005475144842447406
RP11-231G15.3,0.005475097636108897
KRBOX1-AS1,0.005474599672245666
RP11-378E13.4,0.005473918851297757
RP11-400K9.3,0.005473224856314669
RP11-148B18.4,0.005473095024200338
AC055733.1,0.005472285353221132
CTD-2530H12.4,0.005471976476933399
CNN3P1,0.005471441433738057
RN7SL405P,0.005471303411715285
MAPK6PS6,0.005470506120277318
STC2,0.0054700442776509026
RP11-257K9.8,0.005469714998027844
CTB-92J24.3,0.00546948597602165
RP11-522B15.4,0.005468805166229403
MIR1226,0.005468700797324084
CTD-2373N4.3,0.0054686714656655535
AP001257.1,0.005468481659011393
SRPK3,0.005468458996855486
RP11-379K22.3,0.005467534200284965
TPT1P13,0.005467532789286739
U1,0.005466942745647476
RP11-227F19.5,0.0054669338723989545
RP11-115N4.1,0.005466077769821652
RP11-367N14.2,0.005465214554825377
SLC22A18AS,0.005465012395951665
RP11-538D16.2,0.005464892874801125
RP1-151B14.6,0.005464036940545129
RP11-192H23.6,0.0054639884857405245
SELL,0.005463909167035046
PRDX3P4,0.005463607723119364
RPL7L1P3,0.005463105493869897
RP11-372E1.7,0.005463080028987517
RP11-395I6.3,0.005462976723683312
C9orf47,0.00546292972012983
HCG24,0.0054629067198480145
RP11-218C14.8,0.005462574627938326
LINC00936,0.005462235335624452
RP11-84A19.4,0.005462189594268986
RNU6-795P,0.005462124421209585
CSNK1G2-AS1,0.005461456681698774
IL36G,0.005461359083418276
RP11-107F6.4,0.00546058116759264
RP11-543N12.1,0.0054604290532006845
A2M-AS1,0.005460139074338044
ANKRD26P3,0.005460117877939192
TMEM81,0.005459842085247828
RP11-299H21.1,0.005459562610805704
B3GALT1,0.005458152999621797
RP11-324J3.1,0.005458143932347047
COLEC10,0.005457827081743385
OSR2,0.005457694155657889
AC002044.1,0.005457666567458494
G0S2,0.005457600897778508
FBN2,0.005457257581909774
CTC-336P14.1,0.0054571124486533585
RP11-972L6.2,0.00545706664071408
TMTC2,0.005456775747860428
RP11-638I2.9,0.005456658258667584
RP11-1102P16.1,0.005456172679530647
RP11-770J1.7,0.005455342018334666
HDAC1P2,0.005455261201476615
AC053503.12,0.005455056760411408
CACYBPP1,0.005454508561210999
AMH,0.005454466121327718
SDCBPP1,0.005454458870040169
FAM86GP,0.005454164710053122
BMS1P1,0.0054539617369571865
RN7SL32P,0.005453361209703506
OR7E22P,0.005452555570980336
NSUN6,0.0054520478628079586
RNU6-940P,0.005451908258816421
RP11-629O1.2,0.005451732849486662
OGFRL1,0.005451597876727439
GS1-304P7.1,0.005451111052887104
MTRNR2L10,0.005451096269112692
PEBP1,0.005450032777863566
RP11-483I13.6,0.005449940217586666
RP11-407G23.1,0.005449159621450486
ATAD3C,0.005448545133090656
RNU6-821P,0.005448510772048068
RP5-827C21.2,0.005448261751272722
NOC2LP1,0.005448093446289887
VN1R107P,0.005447938427169372
SLC25A6P4,0.005447524523260218
AC008060.7,0.005446845924488027
SNORD116-24,0.005446829646525448
RP11-664H17.1,0.005446261539795852
RNA5SP111,0.005445090640007796
NEDD8-MDP1,0.005444946921178896
RP11-83B20.2,0.005444521656696457
RP11-950C14.10,0.005444487172017016
HERC2P7,0.005444219737142995
AC002383.2,0.005443935750140323
AP000357.4,0.005443793843721643
RN7SL854P,0.005442989280392176
TBC1D26,0.005442885054108747
LINC00637,0.005442658824686491
RP11-296I10.5,0.0054426261010230344
L34079.2,0.005442572078778678
RP4-736H5.3,0.005442516200416734
KB-1458E12.1,0.005441680944786431
PPP1R2P6,0.005441648868097963
RP11-830F9.5,0.005441438980619852
CTD-2263F21.1,0.0054412175810478304
RP11-85G18.6,0.0054402946287130036
RP11-14C10.5,0.005439964157540827
TRAV8-3,0.0054393837108930275
FAM225A,0.005439285980190699
C10orf111,0.005439220325197317
DPRXP6,0.005439106432424868
CTD-2516K3.3,0.00543826498157384
RP1-37C10.3,0.005438068335642325
RP11-785G17.1,0.0054379976452603816
RP11-274H2.3,0.005437760139790954
BRD2-IT1,0.005437458760159606
BCRP4,0.005437435189458552
AC007228.8,0.0054374245271201676
C7orf77,0.005436445243385629
CTC-367J11.1,0.00543542388673303
HIST1H3C,0.005435080836971218
TCONS_00029157,0.00543493193317555
CH17-373J23.1,0.00543478189865679
AC006486.9,0.0054343494575150725
FAM27E2,0.005434177817293034
RP11-148B3.2,0.0054341340004489605
RP11-468E2.6,0.005433449721025083
AC084809.3,0.005433315716630485
AC079612.1,0.005433236929881182
MIR3142HG,0.005432496098315896
GRK1,0.005431541193347094
RP11-1006G14.2,0.0054313706726393535
RP11-96K19.4,0.005431255477265222
CD1D,0.005431233477284398
AC004893.10,0.00543099518398069
RP11-305D15.8,0.005430117323970072
ACOT12,0.0054299270005216185
PLAC8,0.005429802733405585
AC079776.4,0.0054295297051788075
RP11-343J3.2,0.005429113051390651
CMTM8,0.005429072326039584
AC024560.2,0.005428808427904083
RP11-98D18.15,0.005428756848151969
MARCKSL1P1,0.005428535205696423
AC007000.10,0.005428344100424446
AC144835.1,0.00542815160804935
CTBP2P7,0.005427557126520656
RP11-563K23.1,0.005426628100317862
RP11-552J9.9,0.005426521625333835
RP11-136C24.2,0.005426479295785212
IFT74-AS1,0.005425647047774093
RP11-452L6.7,0.005425141982225953
RP11-234O6.2,0.005424973662850837
AC005796.2,0.005423686449854248
LTB,0.005423457166686205
RP11-157J24.1,0.005423397083909086
RP11-73M7.6,0.00542303528539261
TUBB8P11,0.005422729162670921
CTD-2574D22.6,0.005422427098799266
RP11-830F9.6,0.0054223158377441965
CTD-2306A12.1,0.005422271017732378
RP11-216B9.9,0.005422231304539941
RP11-661C3.2,0.005421645264466396
AL590762.7,0.005421167619381541
RP11-137H2.4,0.0054207540275225015
RP11-323H21.3,0.005420276829648246
RP11-350N15.4,0.005418679287223568
RP13-977J11.3,0.005418635698806037
EIF2S2P5,0.0054185831482677785
RPL32P33,0.005418049258884552
PAPPA-AS2,0.005417857627300861
RP11-473C18.3,0.0054177328210527845
CTA-407F11.8,0.005417314024796314
RP11-255G12.2,0.005416096961031685
YEATS2-AS1,0.00541467111423641
RP11-218M22.1,0.0054146240023813415
IL22RA1,0.005414527187441465
CEBPB-AS1,0.0054138715987882505
ADAMTS7P4,0.005413562712991749
MUC20P1,0.005413235898263002
MEX3B,0.005411030102667234
RNU1-70P,0.005410979097887412
BBOX1-AS1,0.005410935677558741
DDR1-AS1,0.005410857964487701
RP11-161M6.2,0.0054097472035623375
SPIN2A,0.005409214222494361
ARL4D,0.0054089905327396074
KIAA1549,0.00540824907791628
LA16c-306A4.1,0.005408048271604419
RP1-319M7.2,0.005407685670715427
MTND4P3,0.0054076754160313325
RP11-53B2.3,0.005407668206861439
RPL21P32,0.005407536523109981
RP11-466G12.2,0.005407520104337748
CTD-2319I12.3,0.00540722763888895
TMOD2,0.0054062055102156855
GNRHR,0.005406184219853182
F10-AS1,0.005406127068522721
CSRP3,0.005406026210889649
UCA1,0.005405894066931438
RN7SL34P,0.005405555152578882
ZNF774,0.0054054356077497335
RP11-702H23.2,0.0054045342390723625
MIR607,0.0054040316188688
RNA5SP442,0.00540343726716999
RP11-197N18.7,0.005403313393031498
RP11-283I3.4,0.005402967057781141
CTBP2P5,0.005402315630522858
GZMA,0.005401758181896055
RP11-666O2.1,0.005401391064048823
SLC35E1P1,0.005400530796974084
TFAP2A,0.005400126506121124
RP3-445O10.1,0.005399944553268616
RP5-834N19.1,0.005399925747073816
KRT17P4,0.005399273136365795
FOXF1,0.0053992685159980945
UBE2V2P3,0.00539894473382776
MIR3151,0.005398886240699785
RP11-403I13.5,0.005398754353566216
RP11-164C12.2,0.005398673900601756
PCDHB5,0.005398586211417411
CTD-2521M24.13,0.005398491042110848
AC007405.8,0.005398434445140631
RP11-536O18.1,0.005398017816535017
AC026150.6,0.005397838470628174
HMGA1P4,0.0053976859629033735
MAGEA6,0.0053974911566990694
IRF6,0.005397415962457717
AC011718.2,0.005397264870086379
RP11-314N13.10,0.005397196618265926
RP11-158L12.2,0.005396262406606393
RP6-114E22.1,0.005395870715931384
RP13-786C16.1,0.005395434526177993
RP11-13J8.1,0.005394951594330576
CTB-118P15.2,0.005394800290402495
CFL1P6,0.005394796377435477
RP11-113I24.1,0.005394644190878498
AC016292.1,0.005394453943614674
RP11-68I3.10,0.005394152630233362
SETP17,0.0053932942204582375
PRR13P1,0.005393009833922393
HORMAD2-AS1,0.0053929516758461
MBNL1-AS1,0.005392319853702377
RP11-766F14.2,0.005391577603660857
ENOX1-AS1,0.005391385817713362
RP11-182J23.1,0.005390070521390006
RP11-29H23.6,0.005389539165853991
DMRTC1,0.005389383438450118
NKILA,0.005388930019869965
LOXL1-AS1,0.005388813723655564
RP11-474G23.3,0.005388427461035477
ASB10,0.005388114450766909
C1QTNF9,0.005387587421223394
CTD-2086O20.1,0.005387528962004284
RP5-956O18.2,0.005386325886544039
RP11-185O21.1,0.005385964433518277
RP11-338N10.2,0.0053859633291350835
RP11-115J16.1,0.0053859340379231934
POM121L9P,0.005385501816330852
PCBP2P3,0.0053854606396103845
ANKUB1,0.005385328659349721
GNB3,0.00538513861930869
RP11-549K20.1,0.005384939166365152
RP11-493L12.4,0.005383939965543775
CA8,0.005383937382892785
CTD-2515H24.1,0.005383324059581314
RP11-216B9.8,0.005382884782858406
RP11-286O18.1,0.005382793284582013
CTC-270D5.1,0.005382263996615149
RP11-1101H11.1,0.005382057650916608
RP11-159H10.1,0.005382025755615177
RP4-633I8.3,0.005382005447654472
RP11-379F4.9,0.005380033304553218
MIR6746,0.0053795905207577365
AP000797.3,0.005379394002483637
MMP9,0.005379048123553548
ACTG1P18,0.005379019606441359
LINCR-0001,0.005378728544973931
RP11-111H3.3,0.005378667525966992
LINC00612,0.005378654250253716
MSTN,0.005377965481827166
RP11-340E6.1,0.00537789323976226
C1DP5,0.0053774390562473205
RP11-609D21.3,0.005377390946315876
RP11-334E6.2,0.005377385134142709
GGT8P,0.0053771863068013655
MIR135A1,0.005376470307980007
TRIM50,0.005376122548137154
LA16c-390E6.4,0.005375862382068994
RP11-462B18.3,0.0053757775771189585
PRDM14,0.005375763048687058
RP11-566K19.5,0.005375260350554858
RSL24D1P3,0.005375165352936898
MIR3164,0.0053749662087520765
CELP,0.005374650638595009
RP11-637O19.2,0.00537461883240893
NANOS3,0.005374369074479525
AC005355.2,0.005374131012671094
ZDHHC20P1,0.005373773457611536
AL121578.7,0.005373617840962928
CH17-270A2.2,0.0053733384369025385
RP11-218C14.5,0.005373287105983464
GPR179,0.0053729659725967206
RP11-408J6.1,0.005372869482616835
UNC93B7,0.0053725048494685035
CTD-2009A10.1,0.005372386735714335
RP4-798A10.4,0.005372346971570052
SRPX2,0.005372129523543373
RP11-26P13.2,0.005372109643038466
Y_RNA,0.005371413176134746
RP11-326J18.1,0.0053713952844785025
B4GALT1-AS1,0.005371365919133225
ASB9P1,0.005371272829188798
LINC01624,0.005370415858651644
RNY1P4,0.0053701963679607355
BMP8A,0.005369741482924038
HOTAIR,0.00536873952668146
RPSAP22,0.005367953688315771
AC092614.2,0.005367833490325142
LINC01315,0.005367210140479271
ACBD7,0.0053667112794206885
MIR3622A,0.005366643932770665
AGPAT4-IT1,0.005366607139915362
RPL26P28,0.005366556020085024
RP11-84A19.3,0.005366456987167679
PKIA-AS1,0.005366344347537581
RP5-1115A15.1,0.005366279304300305
FUT5,0.005366166556157123
RP11-735A19.3,0.005366108519531462
RP11-277P12.20,0.005366090141684438
RP11-181G12.2,0.005366082566574117
KCNIP4-IT1,0.005365345510037391
CTD-2538C1.3,0.005365160228570835
TMEM63C,0.005364624391311372
AC017101.10,0.005364520918847069
CCDC13,0.005364410945671631
C6orf106,0.00536424133950014
C1orf100,0.005364083301971972
Y_RNA,0.005363673889714246
IFNL1,0.005363579028617962
PCA3,0.005363521749727729
EEF1A1P41,0.00536352020212235
RP11-420K8.1,0.005363019673773672
AC013439.4,0.005362588496705734
RP11-792A8.1,0.005362540454952682
AP000347.4,0.005362155789455368
AC006296.2,0.005360987900127464
PGM5P4,0.005360270101358352
CTD-2184D3.7,0.00535967025451403
CTC-448F2.6,0.005359501521817067
RPL23AP88,0.005359004087300338
RP4-705O1.1,0.005358904592953629
SNORA46,0.0053583817792426285
CCR4,0.005358134750402133
DPPA5P1,0.0053577160625375864
VTRNA1-1,0.005357486445634281
RP1-224A6.9,0.005357267738368362
RP11-143K11.7,0.005356919039240428
OLA1P3,0.00535626842606857
RP13-554M15.2,0.005355572490703491
KRT18P7,0.005355411868269201
ACCSL,0.005354826950585551
Metazoa_SRP,0.005354776169631081
MLNR,0.005354572402009149
RP11-252O18.3,0.005354419646089922
RP11-247C2.2,0.005354276943940448
CH507-154B10.1,0.005354008282583742
Y_RNA,0.005353103640187949
RP11-38L15.3,0.005352862108700958
SIDT1-AS1,0.0053523545197305695
RP11-184I16.4,0.005352308110020006
RP11-43N5.1,0.00535216993480614
TRIM75P,0.005352070607224524
RP11-751H17.1,0.00535127414853629
CTSLP1,0.005351044983124135
LINC01237,0.005350488940917327
Z83844.1,0.005350470348082091
RP11-380M21.4,0.0053502103869669144
AC093716.1,0.005349596316472769
RP11-176D17.3,0.005349575355139698
RP1-172N19.5,0.0053486338601049345
RP11-253A20.1,0.005348477577459556
F12,0.005348244106635321
FOSL1P1,0.005347884933177093
RP11-560A15.3,0.005347823794681123
Y_RNA,0.005347760641872124
TIMD4,0.005347430916600765
AC079781.7,0.005347214458850345
RP11-800A3.7,0.0053470756158369515
GLRXP3,0.005346891224577921
RP11-325I22.3,0.005346849479965386
RP11-368M16.7,0.005346533528747631
RPL7P12,0.005345966456513032
RP11-397D21.1,0.005345780337030362
LINC00396,0.00534522296452045
RP11-452D2.2,0.005345047808280645
SPTLC1P2,0.00534448344090929
RNU6ATAC,0.005343118532363247
THEMIS3P,0.005342815542612969
SNORD123,0.00534222527036828
RPL7P57,0.005342125582663197
RP11-679B17.2,0.005342105237743001
RP11-64C12.8,0.005341900988459139
RP11-776H12.1,0.005341223105564335
CTD-2583P5.3,0.00534120246929163
XXbac-BPG308K3.5,0.0053411968908002394
Y_RNA,0.0053411567144374065
Y_RNA,0.005341104154192913
RP11-156F23.2,0.005341017579903671
TRMT112P4,0.005340791139683854
AC004485.3,0.005340487439683982
GABRR3,0.005340197098325031
LINC00500,0.005339980229479352
CNIH3,0.005339598263138846
IL17C,0.005339174342215473
PPIAP32,0.0053389581388100515
RP11-155G14.1,0.005337657386959025
OR2B6,0.0053370073278826095
UBBP5,0.00533673210719087
ANOS2P,0.005336666313426636
ASS1P9,0.0053360234687951785
EEF1A1P31,0.005335608244942252
IRX1,0.005335201861668365
RP11-626P14.1,0.0053351105945889645
AC079466.1,0.005334657165405509
DUSP1,0.005334656330604336
FAM27C,0.005334449691705737
CTD-2169H9.1,0.005334107806183068
RP11-394I13.1,0.005333631492037703
RP11-326C3.15,0.0053328205468254
RP11-54O7.16,0.005332332347723451
CTC-454I21.3,0.00533099716820042
LLNLF-187D8.1,0.005330552989918641
HOXD8,0.00533019486151799
RP11-117D22.2,0.005329204461893484
FAM90A2P,0.005329193023107244
INHA,0.00532909632968355
RN7SKP251,0.005327787743389169
RNU6-322P,0.005327639167112153
AC003005.2,0.005326685646730132
AC138472.6,0.005326389133037839
RN7SL251P,0.005326134403223163
C2orf69,0.00532514281876987
LINC00694,0.005325013111648937
AC006129.1,0.005324545836897128
RP1-149A16.12,0.005324524063259765
TCF24,0.005324424574106794
GJB7,0.005324414357989776
MAP3K8,0.005323863878755952
RP11-269G24.7,0.0053238265684896
AP000688.14,0.00532309983053208
RP11-736K20.6,0.005322696940142446
RP11-10L12.2,0.005322284741910831
RP11-1080G15.2,0.0053216638802331875
Y_RNA,0.005320786100868014
SNORD3B-2,0.00531892360205784
AC005546.2,0.00531891917667263
RN7SL724P,0.0053180064989499344
RP3-511B24.5,0.005317891992531437
RP11-286O1.1,0.005317583189752004
ANXA10,0.005317554353875924
GDPD1,0.005317530277362549
CTC-493L21.2,0.005317406614823084
IQCF4,0.00531735994823306
AC007899.3,0.005316616645368083
RP11-378E13.3,0.005316171210321317
MIR643,0.00531616869519308
GUSBP10,0.005316091727814258
RNA5SP477,0.005315952224897728
MTATP6P27,0.005315873624715045
LINC01341,0.0053156551374484145
BORCS5,0.005315496122619697
ALDH1L1-AS1,0.00531546117932948
XKR9,0.005315141610481467
AC091153.4,0.00531405806515644
RNU1-63P,0.005313837258495015
C5orf67,0.005313802882469185
RPL18P10,0.005313558741690416
CLIP1-AS1,0.005312778637144303
RP11-76P2.4,0.005312546435539571
AC006116.20,0.005312187064728354
XKR3,0.00531208460826655
OR2C1,0.005311933584775208
RP11-415A20.1,0.0053118361907783795
TAS2R13,0.005311766790659742
RBM46,0.0053115193934532975
C1orf167,0.005311175817597983
MIR503HG,0.00531116773226465
CTA-212A2.4,0.0053111531892221335
RPL9P30,0.005311138704978738
CCL16,0.005310959113224514
PGBD4P2,0.005310672541419784
CCDC105,0.005310521455998679
BIK,0.005310513027347128
ABCA17P,0.005310450242283073
KRTAP5-10,0.0053102320668496315
AC009495.2,0.005310050731324639
PBOV1,0.005309834351100855
RP11-92K15.1,0.005309764454107884
RP11-521L9.2,0.00530966168128939
AC004854.5,0.005309378989325488
RP11-76E17.4,0.005308710996459644
PABPC1P11,0.005308116778799795
GNAT3,0.005307774645214931
TIMM8AP1,0.005307452758801841
CTD-2026D20.2,0.0053070980687410065
HIST1H2BL,0.005306653920479745
CTC-203F4.2,0.005306330329288886
CTB-39G8.2,0.005306195300150402
CPLX3,0.0053061757928706274
RP13-672B3.2,0.00530578048364626
RP11-68I3.5,0.005305398374420889
AP000925.2,0.0053053088150493
RP11-447L10.1,0.005305270910106919
RP11-700H13.1,0.005305100255067465
KNCN,0.005304297806908746
AC007792.1,0.00530420919924386
RP11-795J1.2,0.005303821634519024
RNU6-388P,0.005303799607243606
OR52B3P,0.005303553257648999
CCDC71L,0.0053034444749780925
RP11-752G15.10,0.005301755680306192
RP1-102E24.8,0.005300395811219504
AP000439.1,0.005300152261483188
RP11-219A15.4,0.005299989656582575
RP11-68I3.7,0.0052994497086873895
AC003986.6,0.005299134582315155
RP11-454P7.1,0.005298839607044829
AC144652.1,0.005298837198132014
TRBV28,0.005298383499666927
OR2L5,0.0052980630070457585
RP5-855F14.2,0.005298037200036151
AC125421.1,0.005297907412827659
RP1-45C12.1,0.005297612562358914
SNORD124,0.005297570596989684
RP11-571E6.1,0.005297547917483572
AP006621.6,0.005296453096044587
RP11-517C16.4,0.005296183230504753
RP11-6O2.2,0.005296092588885361
TBL1XR1-AS1,0.005296018872741476
RP11-510I21.1,0.005295998691461171
RP11-689J19.1,0.005295792619577891
RP11-197N18.8,0.005295576004874062
RP11-237P21.1,0.005295066601096285
RP11-496N12.6,0.005294868918094173
SLC26A7,0.005294594792282731
RP11-258C19.7,0.005294569352445372
GPRC5D,0.00529436342014006
TTTY14,0.005293454503053845
KB-1615E4.2,0.005292969638624311
RN7SKP80,0.0052929166802387455
U8,0.0052928834473110345
RP11-512N21.3,0.005292842394669065
LAIR2,0.005292782550114158
LINC01405,0.005292572174989676
RP11-430C7.2,0.00529236121469978
HCN4,0.005292130977912547
CYCSP49,0.005291597845716401
RP11-783L4.1,0.005290575193125625
MIR381,0.005290544142129042
CTC-343N3.1,0.0052901674060219705
RP11-153M7.5,0.00528987242640667
RP13-401N8.3,0.005289863644296456
RP11-133L19.1,0.005289599417953815
AC034110.1,0.0052895914041455674
RPL5P15,0.005289246991196885
RP11-798G7.5,0.005288305136228399
AC012307.2,0.005287984774151281
MRPL15P1,0.005287797537062772
AC104113.3,0.0052869365904085934
AC007292.4,0.005286798361429362
RP11-752L20.5,0.005286763617138265
CTB-60E11.9,0.005286285281469301
RN7SL236P,0.00528598178101086
KAAG1,0.005285668356974346
RNA5SP515,0.005285447961476135
IL12A-AS1,0.005285111835360101
GPR101,0.005284479979095209
ZSCAN10,0.005284306583421104
AP001610.5,0.00528308930045896
STEAP3-AS1,0.00528291694078515
RNU6-1110P,0.005282699203883525
RP11-566K11.4,0.005282233014012532
RP3-407E4.4,0.005282193276978422
DTX4,0.005281147458141155
LY6G6C,0.005280436800913779
AC004840.8,0.0052794504165387685
TCEAL7,0.005279431859732455
RP11-991C1.1,0.0052792333078166675
CPOX,0.00527914395222767
GRPR,0.005278980697899619
CH507-9B2.1,0.005278895490726099
RN7SKP160,0.005278665285707457
CTD-3193K9.1,0.00527841878231773
RP5-827E24.1,0.005278295449845724
RP11-517A5.7,0.005278242800034915
AC118754.4,0.005278182451954928
CEP295NL,0.005277955692010087
OCIAD1-AS1,0.0052775775053411815
RP11-521L9.1,0.005277450273196961
RP11-83B20.1,0.005277369297569671
RP11-49K24.8,0.005277329987077246
RP11-138A9.2,0.005277016448006195
RPL39L,0.005275604440474808
LINC00323,0.005275321632964552
MIR3688-1,0.005274629111855033
RP11-407P15.1,0.005274500861513236
GK-IT1,0.005274499549428249
AC005614.3,0.005274487101637021
NFE2L3P1,0.0052744645886700844
RP11-849F2.4,0.0052740324164397695
ACTL6B,0.005273824908331657
GCNT6,0.005273309709138457
RP11-728K20.1,0.00527265921698098
RN7SL471P,0.005272641117973457
CTD-2313J17.1,0.005272417852126496
RP11-568N6.1,0.00527210671930074
RP11-386I8.4,0.005271973752439864
ENO2,0.005271682343508997
RSU1P2,0.005271635931811669
RP11-457M11.7,0.005271336350218738
DPY19L2P5,0.0052707988192322
RP11-118F19.1,0.005270648294183767
RP11-4B14.3,0.005270621676840417
LINC01531,0.005270290925627899
RP11-366M4.11,0.005270032009033157
RP11-315D16.4,0.0052695415791262626
RP11-495O11.1,0.0052695400649233875
MRPS18AP1,0.005269117728892795
ERVFRD-1,0.005268277848610481
AC005722.4,0.00526810840770229
RP1-265C24.8,0.00526749073720706
RP11-169L17.5,0.005267413950749101
RP3-388N13.3,0.005266981326578701
RNASE13,0.005266551114756071
TAS2R7,0.005266527371244189
CICP24,0.005266250857676668
RP11-362F19.1,0.005266132637576146
RP11-523L20.1,0.005266049969378038
FRMD6-AS1,0.005265948163265539
CLEC4C,0.005265580243026655
RP11-1000B6.2,0.005265546498282064
AL356289.1,0.0052654073169064956
PGM5-AS1,0.005265259250935551
RP11-85L21.4,0.005265166495497288
AC113188.2,0.005264586287655013
RP11-785H20.1,0.005264312626485553
RP11-172H24.4,0.005264294887402778
NDUFAB1P1,0.00526365979466181
RP11-566J3.2,0.005263601454242562
GATA2-AS1,0.005263497280649661
TMEM150B,0.0052629408379200665
RP11-152K4.2,0.005262686499235192
RP11-113K21.3,0.005262610828242183
RP11-400K9.4,0.0052620847327061295
RP11-718B12.2,0.005261480093231496
RP11-192H23.4,0.005261349755077265
RP11-1081M5.3,0.005260890883319342
SLCO5A1,0.005260712444543446
RP4-671O14.6,0.0052606757130085925
GLUD1P7,0.005260504129163728
RP11-127B20.2,0.005260356113747837
RNU1-129P,0.005260349427414707
CTA-384D8.34,0.005259712975179189
AC073641.2,0.005258852349437161
RP11-753H16.3,0.005258205377301952
RPL23AP91,0.005258046324192499
RNU6-37P,0.005257419530166935
ZNF648,0.005257077445284774
HIST1H1T,0.005256690027599273
RP11-515O17.2,0.005256535037254744
AC006116.14,0.005256466570853618
OLFML1,0.005256340463840311
CTD-2006C1.10,0.0052558712859117175
HIST1H2BF,0.005255234375373375
RP11-488C13.4,0.005255143190102616
RP5-874C20.6,0.005254853274662976
RP11-736P16.1,0.005254764200192763
RP11-212D19.4,0.005254676995501212
DPRXP4,0.005254641415640483
CTD-2509G16.2,0.005253396669620854
FAM132A,0.005253362722240659
XCL2,0.00525332635567201
RP11-161I6.2,0.0052528988359883035
ODF3L1,0.005252887443685512
CTB-31N19.4,0.005252521648751554
RP11-993B23.3,0.005252425401776784
LINC00499,0.005252269209718519
AP001056.1,0.0052521134964467284
RP13-554M15.8,0.00524922865091973
CTD-3094K11.1,0.0052489921734387955
GBP1P1,0.005248402354795241
RP11-319G9.5,0.00524776795387259
SMAD9-IT1,0.005247472404070101
RP11-135N5.3,0.0052473326190458445
SOD3,0.005246845025219747
RARRES2P1,0.005246825634119741
RIN1,0.005246696096898757
RP11-69M1.1,0.005246622813736748
CICP5,0.005246622732349141
RP11-214O1.2,0.005246559538899481
AC008984.2,0.0052462527648149135
HIST2H3D,0.005246048810111647
THBD,0.005245967175451186
CTC-550B14.7,0.005245685097684311
RP11-613D13.5,0.005245664869362102
ASPDH,0.00524559292757994
RP11-690D19.3,0.005245535493969744
CASC11,0.0052452654280773624
AGAP10P,0.0052449785923253545
RP3-527G5.1,0.005244049713718455
RNU6-190P,0.005243555503583106
CMB9-94B1.2,0.005242854804547766
GDPD4,0.0052424731555176995
RP11-10N16.2,0.005241518669463598
CTD-2006M22.2,0.005241125681068573
RP11-572N21.1,0.00524107093329312
MLN,0.0052403615521837785
ENPP6,0.005239834267018185
PGCP1,0.005239749353926915
MTRNR2L1,0.005239606880739914
FYTTD1P1,0.005239477208890554
RP11-626E13.1,0.005239435843560512
RNU6-407P,0.005239240911989346
Y_RNA,0.005237413278260895
RP11-153M7.3,0.005237410987993098
RP11-154B12.3,0.00523688451262489
RP4-530I15.9,0.005236657856369674
AC055866.1,0.005236584491740931
RP11-520D19.2,0.005236175397038943
LINC00310,0.005235795760111414
CTC-398G3.6,0.005235485669589721
PEG10,0.005235476517574238
RN7SKP296,0.00523511948399148
ACA64,0.00523507499164685
RNU1-122P,0.0052349927163835705
RP11-535C21.3,0.005234772324917896
TEX37,0.00523462038484608
AC018832.1,0.005234509689697889
HRAT92,0.005234180006881642
RN7SL381P,0.005233296592234113
MORC1,0.005233179250294856
MTND3P25,0.0052330611868515765
RPL3P11,0.005233060621044931
LINC01019,0.005232964298329639
TMEM105,0.005231671094562062
MT-ND2,0.00523119787985751
CTC-137K3.1,0.005231014352816093
IFNNP1,0.00523091048695485
PP14571,0.005230735460406251
AC007563.4,0.00523061995426727
RP11-583F2.6,0.0052294249781987346
LINC00452,0.005228449370202816
CTD-2655K5.1,0.0052283563585238954
HMMR-AS1,0.0052279051404688906
RP11-1C8.6,0.005227391596801718
RPS26P40,0.005226970077101985
RPS4XP23,0.005226888155662155
RP11-171I2.3,0.0052260717922781134
RP4-765C7.2,0.0052259862677361225
RP11-181K12.1,0.0052251357568966015
OPA1-AS1,0.005224881761162802
CHORDC2P,0.00522409084797085
RP4-673D20.4,0.005223881346721478
ATP5F1P5,0.005223658976086788
RP11-584P21.2,0.005223437533082406
LBX1-AS1,0.005223357505890723
UBA52P8,0.005223337878216657
RNU6-1035P,0.00522270618184733
RP11-165F24.5,0.00522260086533902
SNORD115-1,0.005221687872785471
CTC-1337H24.4,0.005221570476694769
RNU6-260P,0.005221529482115629
RP11-21L19.1,0.005221484927487973
RP11-656D10.6,0.005221443365934673
TRBV11-2,0.005221073794552492
BCRP1,0.005221043293578414
HNRNPA1P70,0.005220025092878739
EGR3,0.005219926260162889
AC104135.2,0.005219892701754025
RP11-464F9.1,0.005219645187797526
RP4-585I14.3,0.005219608196631376
RP11-276H7.3,0.005219485844722452
MIR6832,0.005218791607437097
RP11-463C8.4,0.005218532384418524
RP11-113D6.10,0.005217775558882905
LINC00994,0.005217410764625734
MRPL35P3,0.005217379795254571
AC022182.3,0.0052172345904867015
RP11-98H4.1,0.00521713160200069
CADM3-AS1,0.005216773621779983
RP11-267D19.2,0.005216659995716317
ZNF750,0.005215757404708632
CCL22,0.005215461967918425
PRSS51,0.005214452282625035
LRRC55,0.005213607788538441
RP11-135A1.2,0.005213257632056821
RP11-96H17.3,0.005213248472881219
XX-C00717C00720L.1,0.005213192520667945
RN7SL124P,0.005213121481469479
LINC01574,0.0052128630302059175
RP11-170L3.4,0.00521246612400197
CDR2L,0.005212317155046984
RP11-79H23.3,0.0052120873000838985
RPS24P7,0.005211871719523009
PRR13P3,0.005211619563633736
LL21NC02-1C16.1,0.00521141558907414
BCRP3,0.0052109374299419125
RP11-472F14.4,0.005210588792321998
KRT17P5,0.005210342330524652
KDM5C-IT1,0.005210113849483962
AP000569.9,0.005209983601813785
AC009120.11,0.005209737109361079
RPS12P17,0.005209282374219268
SLC2A1-AS1,0.005209038108453446
RP3-510O8.4,0.00520831850818085
AC010084.1,0.005208262627014223
MAPK6PS2,0.005208142266578468
RP11-16B13.1,0.0052079499990503545
RNA5SP118,0.005207414168961878
MTHFD2P1,0.0052061676247349056
RP4-614N24.1,0.005205747205501107
VDR,0.005205660649196001
IL9RP3,0.005205592389100995
THEM7P,0.00520532910397224
RP11-559M23.1,0.005205317328108827
CASC6,0.005204998433419748
RP11-546B8.3,0.005204565156362493
RP11-120K19.4,0.005204312163671096
SETD6P1,0.005202987132011721
PRLHR,0.0052029183392978485
HOXC8,0.005202752003035981
RP11-312B8.2,0.005202717110922885
RPS11P6,0.005202113115684563
RP11-823P9.3,0.005201929367644972
RP11-525E9.1,0.005201566451851714
FAM126B,0.005201527483393924
OCSTAMP,0.005201416469744659
LRRC3C,0.005201343981862286
AC018867.1,0.0052011813701140774
RAET1E-AS1,0.00520096253586652
CD200R1,0.005200786813410372
AC103564.7,0.005199966491470592
ADAMTS19-AS1,0.005199758822680648
RP11-421P23.2,0.005199717666490661
RP11-844P9.5,0.005199646485482569
RPS14P4,0.005199608340885142
RNA5SP28,0.005199165991804533
RPL30P11,0.005197794723759439
RP11-93G5.1,0.005197678909730012
RP11-649G15.2,0.005197654964184352
FAM157C,0.005197199352307914
AC008592.8,0.005196269720701228
CLDN3,0.00519588004867903
CTD-2012K14.6,0.005195635066188049
ERP27,0.005195444612182002
WNT6,0.005195375387500329
TRGV4,0.005195328714477277
RP11-13A1.2,0.005194789802061917
RP11-91K8.2,0.0051946241118791415
RP1-41C23.4,0.005193006466070765
AC008697.1,0.0051929985927635074
PTGER4P2-CDK2AP2P2,0.005192500795799542
RP13-608F4.5,0.005192398518100962
TUBB1,0.005192241041464272
LINC01336,0.005192103983645445
RP11-1C8.7,0.00519151093606925
ANKRD18DP,0.005191221027507075
UNQ6494,0.005191145178527841
RIPPLY1,0.005190950129834912
ZNF37CP,0.005190428334877162
CRYGA,0.005190359997720873
RP11-173A8.2,0.005189974953003114
RP11-247A12.1,0.005189578349427172
DNAJB7,0.005189212296233702
PRSS53,0.005188585237378669
RNU1-132P,0.005188542212215489
Y_RNA,0.005188192665246165
RP1-13D10.2,0.005187987176836609
SLCO4A1-AS1,0.005187679751516543
RP3-412A9.12,0.005187291818458195
EGOT,0.0051868657163644544
RP11-38L15.2,0.0051867980155266115
RP11-45P22.2,0.005186729075481675
PLA2G4B,0.005186188011635626
AC021106.1,0.005186007033392242
YPEL4,0.005185861253524218
BCL2A1,0.00518565089334881
RP11-492D6.3,0.005184742924425672
NPM1P14,0.005183585898249568
CTD-2619J13.9,0.005183320767685082
RP11-17E2.2,0.0051830934303886056
OVOL2,0.005182978583003231
PLCH1-AS1,0.005182457848740953
RP11-113K21.4,0.005181630579774498
RP11-659E9.4,0.005181428372924518
RP11-167N4.4,0.005181013648173543
AC010890.1,0.005180949847673102
AC011738.4,0.0051808397420969885
RP11-894J14.5,0.005180768930558772
RNU2-6P,0.005180766994726247
SLED1,0.005180512299526027
AC017104.2,0.005180090335522837
UBE2Q2L,0.005179070070359213
AC016910.1,0.005179018827510332
COL15A1,0.005178636960380989
AC005777.3,0.005178546165651058
AC013268.3,0.005178409367516101
CTC-308K20.4,0.005178397592109647
NPM1P52,0.005177567149821675
RP11-31L22.3,0.005177544183634558
BMP8B,0.005177283130467704
AC009299.3,0.005177124378972865
RP11-427P5.3,0.005176706317178231
TAF1L,0.005176637355872112
CTD-2134A5.4,0.005176618216699107
RPL21P107,0.005175781062989804
HMGN1P13,0.005175237384774256
FDPSP7,0.00517490246979434
PGM5P3-AS1,0.0051748479414129795
AC092687.5,0.005174829622298511
LINC01556,0.005174564710146875
RP11-154D6.1,0.005174395638650694
RLN2,0.005174327406316508
EZR-AS1,0.005174278040436601
BNIP3P25,0.00517408289094727
RP11-469H8.6,0.00517344357988203
CARM1P1,0.005172722573536968
CTBP2P6,0.005172202404813788
RP11-203J24.8,0.00517213462965287
AP000688.11,0.005172133068373979
RP11-440L14.4,0.0051709566207299084
PGAM1P4,0.005170794477664089
HK3,0.005170637580316856
RP11-227H15.4,0.005170529307521752
RP5-1059H15.1,0.0051704759368118355
AF224669.3,0.0051703399372521565
RP13-766D20.2,0.005170334277960658
FXNP2,0.005170113389821737
RP3-467L1.6,0.005170093530596784
RP11-238K6.1,0.00516983602203508
BATF2,0.005169613045683318
RPS23P6,0.005169605349762793
RP11-184M15.1,0.005169187607258778
SAMD7,0.0051690968368155
MIR1249,0.005168510062480855
RP11-923I11.4,0.005167726459997591
RP11-1094M14.8,0.00516723563349302
RP11-141O15.1,0.005166875524511824
PROX1-AS1,0.005166849648247867
CTD-2576D5.2,0.0051666897564924446
ST6GALNAC4P1,0.005166639878985036
RP11-713P17.4,0.005166490156754128
AC064853.3,0.005166289217321973
CTD-2249K22.1,0.005165856088230927
CNFN,0.005165819377709915
CTA-797E19.1,0.005165701284395694
TTC39C-AS1,0.005165200410916869
CAB39P1,0.005165063816032091
HIST1H2AI,0.005163001221937272
LINC01347,0.005162795101301158
CTD-2619J13.27,0.005162735942205785
HIST1H4F,0.005162699643188897
AKR1D1P1,0.005162582844729503
RP11-47G4.1,0.0051622072710692905
RP11-104L21.3,0.00516218258820319
SNORD73B,0.005161483448642962
CTD-3105H18.18,0.005161451918532638
SLC25A6P5,0.0051614337080112555
LA16c-359F1.1,0.005161174675636859
ENDOD1,0.0051604309974841115
AC021218.2,0.005160192563573479
RP11-484O2.1,0.005159573793568367
INSL5,0.005159288270646077
AC068492.1,0.005158511236117384
AC079630.4,0.005158317911694655
RP11-245C17.2,0.005158111328127061
RP11-498D10.3,0.00515792216376587
C1QL1,0.00515782450969241
CDC42EP3,0.0051576038095199495
RP1-63M2.7,0.0051574739276883585
LINC00393,0.005156369791171819
RP11-439I14.2,0.005155393344356571
ADIRF-AS1,0.0051553814574676025
RP11-745I13.1,0.005155013225191473
OLMALINC,0.005154955684186515
RP1-29C18.8,0.005154881379498466
UNC5D,0.005154758346844345
RP11-1012E15.2,0.005154399461304641
HMGN1P7,0.0051542025012085435
RP11-429O1.1,0.00515403238763545
EEF1DP3,0.00515384565125933
KIF1BP,0.005153837739683045
AP001630.5,0.005153802526882244
RNU1-16P,0.005153665174087004
AC139099.4,0.005153549049719925
RP11-432I5.2,0.005153372390004849
MALAT1,0.005153255006888109
RNU6-1098P,0.0051531546536200176
RP11-18B16.2,0.005152975077486186
RP11-368J22.2,0.0051527635204094485
AC133141.1,0.0051523194212665735
RP4-533D7.5,0.005151855777517418
RP11-379B18.1,0.005151764174615729
RP11-692N5.2,0.005151662204548074
MMP23A,0.005151537854328381
AC073072.7,0.0051514534515015075
RNU6-1144P,0.005150424345460887
TARBP1,0.005149798825486234
RP4-575N6.5,0.0051496153863155696
RP11-410D17.2,0.005149575040210119
ZBTB20-AS1,0.005149294287086705
RP4-657D16.6,0.005148972664065479
AC092431.3,0.0051484242169164635
RNA5SP39,0.005148192059110215
RP5-1050E16.1,0.005146857884457617
RP11-569G13.3,0.005146110306995747
DTX1,0.005145825538379774
RP11-475E11.9,0.00514577976446376
CXCL10,0.005145699349993083
NPM1P47,0.005145232084503272
RP11-1094M14.5,0.005145051081667569
RP11-709A23.2,0.0051436584380624775
KB-1000E4.2,0.0051432011383740275
RNU6-1045P,0.005143018660937316
RP11-160E2.6,0.005142973552438486
LMNTD1,0.005142602365549519
AP000438.2,0.005142475297182965
RP5-978I12.1,0.0051424322710902515
CTD-2382E5.6,0.005142145753786302
SOX17,0.005141965699383729
DLX2-AS1,0.005141514103063232
RNU6-1321P,0.005141415634358497
RP11-227G15.8,0.0051411006208926645
RP11-9H20.2,0.005140740707503687
Y_RNA,0.005140541920143395
CTB-161M19.2,0.005140342903921588
ULBP1,0.005139945939589889
KDELC1P1,0.005139204574673142
XXcos-LUCA11.5,0.005138778018281784
IL10,0.005138594108370406
MIR6719,0.005138593381669821
RP11-400N13.1,0.0051383851083787535
AJ009632.3,0.005137758763882694
CTB-61M7.2,0.005137130032849747
RP11-515E23.1,0.005136649370441809
MRPL37P1,0.005136473905571675
CTA-972D3.2,0.005136153397328641
RP11-384P7.5,0.005136064541749845
OR5BT1P,0.005136028159246099
RP11-403A21.1,0.005135606457954877
AC012513.4,0.005135606389902048
HAS3,0.005135472111732546
STIM1,0.005135435999207901
CLDN1,0.005135285274626985
RP11-383H17.4,0.005134733846512593
RP11-13N13.6,0.005134353623040461
RP11-553P9.3,0.005134000592954704
RP11-806O11.1,0.0051338891490306125
LINC01151,0.005133722522104294
RP11-319E12.2,0.0051336682339052
SEC14L6,0.005132763267017427
RP11-45M22.5,0.00513234622964537
RP11-556G22.2,0.005131973136116968
MAP1LC3BP1,0.005131171120698058
IFNL3P1,0.005131084194898957
RP11-557H15.3,0.0051305989226319414
RP11-545A16.3,0.005129696413185861
MED15P5,0.005129323144725488
RP4-631H13.5,0.005129157250111
PDE6A,0.005127751796383136
SNORD53_SNORD92,0.00512739725958169
RP11-232L2.1,0.005127148052650184
CTD-2162K18.4,0.005126931006921216
MAOA,0.0051266519574497986
RP11-565P22.2,0.00512661257731304
RP11-397P13.6,0.005126260758132722
RP11-75C10.9,0.005126053411244053
RP3-403L10.3,0.005125796170050737
PPP2R3A,0.005125784039932976
AC124944.3,0.005125494916419101
XIAPP3,0.005125397736959599
RP1-140K8.1,0.005125090472100562
RPS12P18,0.005125060900619629
PDIA3P2,0.005124994414848908
DDIT4L,0.005123806147344934
BCAR1P2,0.005123805011173276
C14orf105,0.005123744945303444
FOXD4,0.0051230044299019
RNU6-1311P,0.005122925720577011
RP11-289F5.1,0.005122878878693886
LLNLR-304A6.1,0.0051213867863244295
DPY19L2P4,0.005121385029224879
MIR1276,0.005120895636498068
RNA5SP122,0.005120784891817162
TMED8,0.005120129639537453
SNORA43,0.005119981661930864
MIR320B2,0.005119640663051519
RP11-627G23.1,0.005119576255773055
MRPL50P2,0.005119556848909972
FAM136BP,0.005119400804577811
RNU6-432P,0.005117959488544491
CTD-2576D5.1,0.0051176525200686525
Y_RNA,0.005117461337955996
RP11-75C10.7,0.005117447802549584
RP11-343H19.1,0.0051170741603310975
MIR4489,0.005116624533913932
UBE2Q2P6,0.005116244771633901
RP11-1026M7.2,0.005115784036340521
RP5-1142A6.5,0.0051157527959816915
RP11-10E18.7,0.005115632520336951
RP3-508I15.20,0.005115577455277427
RP11-81A1.4,0.005115054493714983
CAPN14,0.0051149883481533855
CTD-2021A8.2,0.005114835705683288
RP11-19O2.1,0.005114734101725748
RP11-540O11.4,0.0051145332123379884
AC003986.7,0.005114437528416871
Y_RNA,0.005114147765001402
TTC3-AS1,0.005114005515760993
RP11-481J2.1,0.005113471659235935
RP11-700H6.4,0.005113383994192556
RP11-35O15.2,0.005113279822511543
XKR4,0.005113053163313067
AP000351.3,0.005112964751487941
CDRT1,0.005111796261001489
AP004290.1,0.005111542174146766
RN7SL558P,0.00511150472990985
RP4-647C14.3,0.005111025943512381
VAV3-AS1,0.0051107190053692
VCAN-AS1,0.005110623490224038
FAM24B,0.0051104539240770346
ORAOV1P1,0.005110217910810295
RP11-93I21.3,0.005109390423514207
RPS3P1,0.005108721810519888
MIR4300HG,0.00510866356250415
RNF216-IT1,0.00510786024591489
LINC01338,0.005107798332356097
FAM138B,0.005107742196915719
TSPAN33,0.00510757539988137
AC010975.1,0.005107538332534919
AC017002.1,0.005107282258658879
RP11-452K12.7,0.005107201015663084
RP1-247F3.1,0.005107018656794713
C10orf62,0.005106759102883166
RP11-371I20.2,0.005106729187162587
RP11-893F2.14,0.005106124283007034
DLEU1-AS1,0.005106121584234703
RP11-428G5.5,0.005105701927592098
RP11-439I14.3,0.005105556298854275
LINC01090,0.005104766274549407
C7orf62,0.005104647010456744
AC090952.5,0.005104422773328487
Metazoa_SRP,0.005104390737629367
RP11-556O9.2,0.005104056971076384
CTD-2651B20.3,0.005103937029669904
RN7SL172P,0.005103338730589025
RP11-54I5.1,0.005103096597803308
RP11-388M20.1,0.005102991245208188
RP11-457I16.2,0.005102647748733185
PLA2G4C-AS1,0.005102295469389944
ATP5G1P1,0.005100675738015131
AGGF1P3,0.00510038286345534
TCN1,0.005099840856959897
RP11-477G18.2,0.005099576271113568
CTD-2373H9.5,0.005099525687709705
SLFN12L,0.0050994357087747804
MTUS2-AS1,0.005099346592692849
RP11-174G6.1,0.005098749583729054
OVOL1,0.005098391704409243
GZMK,0.005098269553100143
C14orf169,0.005097697625521215
MEF2C-AS1,0.005097676638893163
GLIS2-AS1,0.005097373049856563
ERVK-28,0.005097131238523574
DMBX1,0.005096921174568734
AC005517.3,0.005096742744840597
RNU1-138P,0.005096265014505043
KIR2DL3,0.005095365970073387
RN7SL491P,0.005094790298633102
PKD1P5,0.0050947536795778806
RP11-15I11.3,0.0050946554136519
LRRC6,0.005094614814357192
ACA64,0.00509455186174022
RP11-6I2.3,0.005093815827867368
CTD-2542C24.5,0.005093497227116274
RP11-64C12.3,0.005093472209439088
PPP1R3C,0.005093105467921281
AL161668.5,0.005092872773525685
RP11-461A8.5,0.005092870077369858
PIGR,0.005092830586723294
CCT6P2,0.005092669238333208
CEACAM4,0.005092654600253213
DGAT2L6,0.0050917564817507515
RP11-112J3.16,0.005091531771661404
RP11-227G15.2,0.005091344519845396
RP11-212F11.1,0.005091108206084467
RP11-67L14.1,0.005089931131136958
EEF1A1P21,0.005089556429659717
AC010974.3,0.005089027338066714
RP11-238F2.1,0.0050885930405006625
RP11-408A13.4,0.005088325879259969
RN7SL513P,0.005088108657889576
RP13-884E18.4,0.005088027882416519
RP11-544A12.5,0.005087754669929991
RP11-159D12.3,0.005087459999115608
CTA-246H3.12,0.005087225398506025
FOLR3,0.005087196645389891
RP3-336K20__B.2,0.005086251305311083
AC016745.3,0.0050858853544228835
ITGB6,0.005085877927960282
ZFY-AS1,0.005085638156785251
RP11-442O1.3,0.005085413045510179
RP11-758P17.2,0.005085043172863616
RPL23AP56,0.005084928318747303
RP1-34L19.1,0.005084256328854142
RNVU1-6,0.005083454395082064
LINC01107,0.0050826919735530145
FABP3,0.005082016138386856
UQCRHP1,0.0050819871192706225
HIST4H4,0.005081819634158265
GK-AS1,0.0050812199358441345
RBM20,0.005080819492620543
RP4-533D7.4,0.005079775319633554
ADAMTSL4-AS1,0.005079137927389974
RP11-386I23.1,0.005079054140238129
MIRLET7I,0.005078967097059601
CTD-2562G15.2,0.005078249316807888
CHRND,0.005078165922672098
RP11-380I10.4,0.005078161607488363
MIR3153,0.0050778024379363376
RP11-958F21.1,0.005077705839370353
MIAT_exon1,0.005077526974929327
ATP6V1G1P2,0.005077489516008609
RP1-90J20.8,0.005077075980630303
RSU1P1,0.005075685809578533
RP11-159K7.2,0.00507550117839692
CHCHD2P6,0.005075389400608768
SNORA69,0.0050753044267588
COX7BP2,0.005075152571810643
RP11-115C10.1,0.005074823243682256
HLA-DPB2,0.005074723846855688
RP11-20B24.5,0.0050743793857382655
PAICSP3,0.00507280205940704
SNORD115-14,0.005072752328914702
CDC42P2,0.005072020881258595
RP11-366M4.12,0.005071821480975988
RP4-811M8.1,0.005071472725307062
RP11-1100L3.7,0.005071391175922364
AC159540.1,0.0050711478063223195
AC007880.1,0.005070983812308716
MTND2P23,0.0050708819043756076
RP11-699L21.2,0.005070253315389689
RP11-165M1.1,0.005070124229404282
RN7SL606P,0.005069432478638969
LINC01272,0.005069332991581923
ATP6V0CP2,0.00506914626472987
CTSV,0.00506865144112651
TRIM51JP,0.005068078477422578
RP11-17M16.2,0.00506797632720749
AC013402.5,0.005067676653373174
RPS18P1,0.005067434219611779
CHCHD10,0.005067397982288144
RP11-281A20.1,0.005066735372377346
RP3-523C21.2,0.0050661979693419285
RP11-281A20.2,0.0050659819668525344
AC011515.2,0.005065746803855541
CDHR2,0.0050656975688320475
RP13-43E11.1,0.005065681869917364
RNF152,0.005065667950616952
RP11-486A14.2,0.005065602140683634
RP11-214O1.1,0.005065586066526198
RP5-1031D4.2,0.005065355292520579
RP11-52B19.10,0.005064711203823209
Y_RNA,0.005064301489722324
BNIP3P26,0.005063718059922461
RNU6-137P,0.005063693137811274
RP11-317B7.3,0.005063410367701425
RP11-145A3.4,0.005063150878420115
RP11-50B3.2,0.0050631402241853056
TARID,0.005062928698274012
NCR3LG1,0.005062736082418
MIR3936,0.005062630481191357
CTD-3051D23.1,0.005062559141431418
NMBR,0.0050624647609036535
MKI67P1,0.005062222663479739
DIRAS2,0.005062218348592658
CTD-2600H12.2,0.005061630393211652
RP11-788A4.1,0.0050615191707946644
RP11-665C16.6,0.005061503164628234
LINC01167,0.005061451244642913
CTAGE6,0.005061386613438588
ENPP7,0.00506126544975368
AC003956.1,0.005061006587814942
SNAI1,0.005061005312097083
PRSS44,0.005060904278148725
C1QL4,0.005060780154157818
RP11-86K22.2,0.005060669115846004
RP11-190A12.9,0.005060638683176572
CTC-458I2.2,0.005060608868731248
RP11-51J9.4,0.005060299684265055
RP11-70C1.3,0.005060241729397972
RPL13AP,0.0050601591956081216
RP1-128O3.6,0.005060156373885882
CCDC96,0.005059835000441049
CCDC170,0.005059729242961982
RP11-963H4.2,0.0050592121498523445
AC005550.5,0.0050590552794478145
CICP27,0.005058860163571206
OR8B7P,0.005058472103380536
AC006019.4,0.00505747084611542
NKX6-1,0.005056679382124659
RP3-359N14.1,0.005056567889451708
CTD-2307P3.1,0.005056563908614095
KARSP3,0.005056235229200857
ZNF702P,0.005056212587688477
RP11-226M10.3,0.005056043898543613
FLJ40194,0.005055762383937951
CTD-2105E13.16,0.005055724460735826
RP1-251M9.2,0.005055683151319802
RPS29P23,0.005055386508658373
CTC-287O8.1,0.005055385054438285
RP11-426L16.9,0.0050550994843130284
RP11-554L12.1,0.0050548508310190796
CECR3,0.005054184861406427
RNU6-799P,0.00505399252401249
RP13-638C3.2,0.005053718547385078
GOLGA6A,0.005053520184560835
RP11-106M3.5,0.005052455663529524
DDX39BP2,0.005052236105577085
HAMP,0.005051792896072203
RP11-252A24.5,0.005051750140103293
RP11-770G2.2,0.005051606013514102
RPL7P41,0.0050513602979990095
RP11-480I12.5,0.005051181897497046
RP11-65M17.1,0.005050664143395821
RP11-109L13.1,0.005050231301223344
AC015849.13,0.00505020816551252
AF111168.1,0.005049990319652271
SERPINE3,0.005049976292974183
ZSWIM8-AS1,0.00504959702518049
RAPSN,0.005048697476894651
RPS7P6,0.005048500177233986
HMGB1P41,0.00504819447330029
RPL21P33,0.005047697229092558
HHATL-AS1,0.005047682457425533
Y_RNA,0.005047041607854697
RP5-1092A3.5,0.005047035462351142
RP11-259O2.1,0.005046686828162552
CTD-2659N19.4,0.005046450719730529
RP11-341D18.5,0.005046375312356171
RP11-264L1.3,0.005046263142026754
RP11-64D24.4,0.0050454494300657465
NEGR1-IT1,0.005044867827218239
RNU6-522P,0.005044196575035428
RP11-445O16.3,0.005043948335879623
AC004160.4,0.005043511034088026
TRBC1,0.005043327640116229
CTB-171A8.1,0.005042506068010849
RP5-1116H23.3,0.005042456744281793
RP11-100K18.1,0.005041528816579647
ELANE,0.0050413997879728825
RP11-676J12.7,0.005040626181437606
RP11-292E2.2,0.005040561065394097
GRK5-IT1,0.005040557522711874
LINC01018,0.005040557217397526
RNU4-23P,0.005040276625426384
RP11-239H6.2,0.005040240468561265
TEKT5,0.005039869653303518
GAPDHP14,0.00503972210857013
SNORA9,0.00503926999648189
AC004471.9,0.005038939124550718
CTB-32O4.3,0.005038859531149219
NAT2,0.00503828090991027
MIR210,0.005038204415310699
CTD-2523D13.2,0.005038076475445511
RP3-465N24.5,0.005038017247038687
RP11-582E3.2,0.0050377594892031695
CTB-60B18.10,0.005037425786912229
RP11-390K5.3,0.005037215150471643
SNORD114-31,0.005037184417518236
RP3-325F22.3,0.005037065167765214
ZEB2-AS1,0.00503521403683135
GOLGA6L17P,0.005035028979003238
RP11-1060J15.9,0.0050344771866485385
RP11-131M11.3,0.005034104683654667
RP11-369E15.1,0.00503397952185695
RP11-174C7.1,0.0050337720372339925
AC110299.5,0.005033747495530422
NUTM2B,0.005033680102839324
MTCO1P17,0.005033290657010012
OR2T8,0.005032543904521459
RP11-164P12.4,0.005032519757089395
AL772307.1,0.005032444638232344
AP006621.9,0.005032203322848035
DUSP26,0.0050313762094457305
RP11-358N2.2,0.005030912924704074
RN7SL444P,0.005030827687759089
RP11-347I19.7,0.0050301311739205995
EHMT2-AS1,0.005029925977052044
ZNF680P1,0.005029025816904045
BCL7A,0.005028525098067112
HCAR2,0.005028331759968059
OOSP1,0.005027912285749907
KRT28,0.0050269569257941045
RP11-23J9.4,0.005026844234867935
GRAMD4P7,0.005026770075654048
AF127577.11,0.005026344985796594
FOXD4L6,0.00502466533045259
LL0XNC01-116E7.4,0.005024606756753132
UPK1B,0.005024604601865434
RP11-268P4.4,0.005024581289292027
AC069257.8,0.0050235115434089025
ELOVL4,0.0050234479072114955
RP11-3P17.4,0.0050233073232513
RP11-408A13.3,0.005022314467117738
HCG4P8,0.005020872792221617
RP5-1174J21.1,0.005020858309180835
CTC-265F19.1,0.0050204226664510646
RP1-302G2.5,0.005019200786209358
NADK2-AS1,0.0050185547950577945
CTD-2542C24.8,0.005018102085908388
RP1-56K13.2,0.005017899987708207
RP11-309L24.2,0.005017846653401961
MTRNR2L8,0.005017635202287461
SNORD115-17,0.005016869475273754
CTC-273B12.5,0.0050162461735336564
RP11-96A15.1,0.005015550019802087
RPL39P26,0.005015324924236296
BLZF2P,0.00501522625337919
KLF7P1,0.005014743877653059
NNMT,0.005014466853109516
LINC01100,0.005014420558483989
AC011995.1,0.005014324965080992
GAST,0.00501432293229616
COX6CP1,0.005013170567995798
HAO1,0.0050130276223876195
CTD-3126B10.4,0.0050128892654457986
RP11-2N1.2,0.005012509698132656
UPP2-IT1,0.005012426330786426
RP1-35C21.1,0.005012377631753898
RP11-211N8.6,0.005012294846897931
AP003774.6,0.005012013728834214
AC073326.3,0.00501200311453091
AC097468.7,0.005011689212324594
RP4-569D19.5,0.005011461957868652
OR52N1,0.005011257388595967
ABCC9,0.005011252794969327
CTD-2349P21.3,0.00501100740479895
ZG16,0.00501087445990364
GAPDHP15,0.005010516757444098
SEPHS1P6,0.005010200081482488
RASEF,0.0050101941162622576
KLF3P1,0.005010179633355394
OR2T33,0.005009798833193113
RP13-923O23.6,0.0050081703855712366
AF131215.3,0.005008082111679355
RP11-167H9.5,0.005007888506605384
RP11-242C19.2,0.005007855565678479
GJC3,0.0050076309861138875
MIR769,0.00500745056276516
RP11-575M22.1,0.005007135996754959
RP11-405M12.4,0.005006295340137414
AF011889.5,0.005005674728821954
SNORD115-21,0.005004642050643142
RP11-286H14.8,0.005004596584699135
RP5-934G17.6,0.005004504994428219
RHOD,0.005004207569044147
CHCHD2P2,0.005003994810994673
AP000281.2,0.005003457017347296
SNRPGP17,0.005002983133100509
CTB-11I22.2,0.005002411907714199
CH17-53B9.4,0.0050023079995353695
RNA5SP78,0.005002251973434983
RP5-1112D6.4,0.005002200177598371
KPNA7,0.005002011724857177
AC073869.2,0.005001579469910946
C10orf113,0.005001308097695715
NAT8L,0.0050012975938248
PRKACG,0.0050012818356743455
SV2A,0.005000859606342148
RP11-344A16.2,0.0050008335794446915
Y_RNA,0.005000481193445927
AC097713.3,0.005000423660131246
EPHX3,0.005000029765613362
AP004782.1,0.005000013838223484
RP11-344E13.4,0.00499940494491524
RP11-3B12.2,0.004998864002405713
HAND2,0.004998575440302254
RP11-550A5.2,0.004997975442413996
TAS2R3,0.004997713208845953
FIGLA,0.004997550995722819
RP11-145M4.2,0.004997533392387168
RPS26P34,0.004997448557599833
LY6L,0.004996906464439212
AC009495.3,0.0049964429588972405
RP11-384C4.2,0.004995971772058414
RP11-293D9.2,0.004995798304359186
MGC15885,0.004995338588539031
SNORA63,0.00499515738603032
RP11-768B22.2,0.004994693631417989
S100A12,0.004993830105070106
AC118758.1,0.004993531551669561
RP11-309L24.10,0.0049926725644133686
BPIFB2,0.004992092049706466
RP4-654C18.1,0.00499208825949399
RP11-580I1.2,0.004991842865179
RP11-544M22.3,0.00499170683396368
CTC-457L16.2,0.0049910073392799075
TFP1,0.00499081657451935
RP11-449L23.2,0.0049907498047655485
LINC00457,0.004990706332555252
TUBG2,0.004990300930599234
RP3-325F22.5,0.004989781731241577
RP11-434D2.2,0.004989589770007678
EPN2-AS1,0.004989046278404091
RP11-261C10.7,0.004988814351954486
RP11-468E2.2,0.004988640658600577
AL022345.7,0.004988078517115523
FAM78B,0.0049877148036541925
RP11-484D2.3,0.004987646683548875
RP11-383G6.3,0.004987046250395624
GDF5,0.0049866652790099145
RP11-799B12.1,0.004986591843964535
AC105402.3,0.004986547788365919
RP11-545M17.1,0.00498652404527198
RP11-89M20.1,0.00498644340671019
BCL2L2,0.004985742087822001
AC079781.8,0.004985360408447796
RPS20P20,0.004984872004042202
EPHA3,0.004984788870863892
RP11-239E10.2,0.004984742788990265
CTD-2034I21.2,0.004984739779978378
RP11-736E3.1,0.004984360291000246
RP11-363L24.3,0.004983672222131897
AC013264.2,0.0049832851889855465
RP11-61K9.2,0.004983215411590035
HCG22,0.0049823185094321635
RP11-342I1.2,0.004982306128421125
RP13-638C3.6,0.004981343791974332
Y_RNA,0.004981293591515373
SCGB1D5P,0.004981024817520038
RP11-428C6.2,0.004980346011472588
AZGP1P1,0.004980297801855919
TRIM58,0.004980086200391772
FAAH2,0.0049796885339171
GPAT2P2,0.004979609778268272
TM4SF19-TCTEX1D2,0.004979226977495046
RP11-282I1.1,0.004979114793248746
MT-ND5,0.004978803064479546
FAM177A1P1,0.004978275860253684
HES7,0.004977823298824514
AC005281.2,0.004977435331683364
AC003075.4,0.004977419557517424
MIR765,0.004976714460591616
RP11-613C6.2,0.0049761579958655065
RP11-822E23.7,0.004975723715989532
AC006960.5,0.004975434745973
OR2D2,0.004975369065302139
RP11-521C22.2,0.00497526495965829
VRTN,0.004975214432249144
CERS6-AS1,0.004975095653991557
IGHV3-22,0.0049745100877095945
RP11-290F24.6,0.00497410427563923
CTD-2260A17.3,0.0049739847953781
SNORD12B,0.004973588109160983
AC130469.2,0.004973513330015215
RP11-370B6.1,0.004973400792578074
NFE4,0.004972266035969802
RP11-526I2.5,0.004972240711277572
CTAGE10P,0.004972184916700663
RP11-452J6.2,0.0049712694706245215
RP11-364B14.3,0.004970881959076174
PDK4,0.004970847380210669
CCDC13-AS1,0.004970148051147327
RP3-400B16.3,0.004969624704280344
CTD-2410N18.3,0.004969035243764683
KRT18P17,0.0049689142254595395
MIR6745,0.004968277182341445
C12orf50,0.004968110759745
TMEM174,0.004967112898161146
CCT7P2,0.004966110161698306
C1DP3,0.004965540073355394
RP11-613H2.3,0.004965489990540475
RP11-335O13.7,0.0049654520416850595
LILRP2,0.004964115973619253
KNOP1P2,0.004963781941060909
RP11-553D4.2,0.004963488339073818
OR7C1,0.004963325766860257
RP11-532F6.3,0.004962808144775007
RP11-173B14.4,0.004962673244100201
RP11-44F14.6,0.004962606287520667
ASS1P7,0.004961940526542333
CER1,0.004961886544313522
RNU6-178P,0.004961776024328776
CTC-360G5.6,0.004961291625893872
AC016716.2,0.004961113879495568
MURC,0.004960978635041217
LINC01053,0.004960882145668897
MT-TF,0.004960661479850737
CTD-2517M22.17,0.004960566855511452
RP11-315O6.1,0.004959757818706171
APOA1-AS,0.00495848445010438
AC012363.13,0.004957863113706869
CXCR1,0.004957568435640722
P2RY12,0.004957478213809004
AADACP1,0.004957382486608445
HNRNPA1P76,0.00495692620224142
RP11-196E1.3,0.004956073741934393
RNU6-456P,0.004955834610708012
RP4-777O23.3,0.004955403442692806
RP11-539L10.4,0.004955356865526178
YWHAG,0.004953569883705832
LINC01358,0.0049534228941238235
RP11-574F21.3,0.004952986865506955
CICP23,0.0049529807195747115
RP11-48B3.2,0.004952915820156935
RP11-759A9.1,0.00495215757436298
CTC-457L16.1,0.004951616440063045
LINC00929,0.004951195446879777
RP11-1081M5.1,0.004950115384132667
CTC-563A5.4,0.004950059260461844
RP11-483E23.4,0.004949825345858884
TRBV5-6,0.004949581035291048
METTL15P3,0.004949424529745887
KCNJ2,0.004949053631265758
GLIS3-AS1,0.004948945114440949
LINC00498,0.004948936331914252
AC011997.1,0.004948914786251313
RP11-96D1.8,0.004947558323137387
SNORA71A,0.004946925428561543
RNGTTP1,0.004946233789993388
LRRC10,0.004946144369167127
RP11-150C16.1,0.0049453978820804805
ACTBP6,0.004944578809110633
MTND4LP5,0.0049445362927295925
SRD5A3-AS1,0.004944234829265253
OR10AH1P,0.004943872568257214
RP11-205K6.3,0.004943590696647902
PROK2,0.004943005784808134
RP11-483H20.4,0.004942960411041949
RP4-781K5.6,0.0049425084030030415
PTP4A1P2,0.004942126648762552
RP11-506K6.4,0.004942086470359843
TRBV26OR9-2,0.004941913499674873
RNU1-124P,0.004941553382296846
CALM1P2,0.004941336069735125
RP11-498M5.2,0.004941233696276651
RP11-83C7.1,0.004941062917397355
AP000302.58,0.004940373083135878
MTCYBP13,0.004939476705127411
VSTM2B,0.004939278325419066
RP11-530N7.3,0.0049391279523329345
KCNA7,0.0049384529581266365
RP11-203L2.3,0.004938405034970856
AP001439.2,0.004937740215312822
RP5-1177M21.1,0.004937688683922509
RP11-432J24.3,0.004937646321157858
RP3-455J7.4,0.004937543025360523
AC012506.3,0.004937210351104555
AC008278.3,0.004936810025349642
TIFAB,0.004936212777234545
CITED4,0.004935517652578062
RP1-182D15.2,0.004935451406550448
MRGPRF-AS1,0.00493524111062842
RP11-76N22.1,0.004935122690104427
LTC4S,0.00493504883937447
RP11-690I21.1,0.004934736218151424
CTD-2377O17.1,0.004934683160554422
RP5-906A24.1,0.004934211787390029
AC064853.2,0.004934074961799088
RP11-797H7.5,0.004934060232500299
GDF2,0.004933794945978516
RP11-741G21.1,0.004933648948012846
CTC-526N19.1,0.004933172229040206
MYL9,0.004933102137650754
ADAMTS12,0.004932983930925957
RP11-575B7.3,0.004932787647362377
RP11-572C21.2,0.004932706404901139
AC006227.1,0.004932429642471554
RP11-308D13.3,0.0049322944014249855
PRR9,0.0049318586682390335
RP11-215E13.1,0.004931690602421706
ZNF474,0.0049313147818294744
RP11-70D24.4,0.0049312787556632254
ANKK1,0.004931057235055148
RP11-85G20.2,0.004930771129512662
RP11-384K6.8,0.004930668276916505
FGF12-AS3,0.004930406734307364
RPS6P20,0.00493012845777179
RP11-80H5.2,0.004930024729137601
MIR3677,0.0049297267580783325
FMR1NB,0.00492941356011525
RP5-935K16.2,0.0049281723672767236
FAM180A,0.004928103222950597
TAS2R64P,0.004927732060865481
GAS8-AS1,0.0049274475015583154
MEIS1-AS3,0.004926801818401371
RP11-143M1.3,0.0049267522218110135
LINC00311,0.0049261204065343105
DUSP5P1,0.004925835654098488
RP11-399K21.10,0.004925758535063125
FOSL1,0.004925405117897003
AFAP1-AS1,0.004925391295500466
GAPLINC,0.00492529526741634
BYSL,0.004925194528235615
RPS15AP9,0.0049251738653737715
AF277315.19,0.00492489154705481
AC012462.2,0.004924379987229133
HHIP-AS1,0.004924357937458355
RP1-239B22.5,0.004923869115334435
TOMM20P2,0.004923450829412901
RP4-530I15.6,0.004922829846462637
GAPDHS,0.004922421683076866
AP000962.1,0.004922314671150999
AC005304.1,0.004922147949926373
RNA5SP242,0.004921309142072048
RP11-2E11.5,0.004920848018432855
CTC-523E23.11,0.004920568400912229
RP11-486M23.1,0.004919409936644755
RP11-303E16.9,0.004918383362488945
ZC3H12A,0.0049173639508516085
AKT3-IT1,0.00491724124572661
RP11-557H15.4,0.004916917324318453
RP11-350N15.6,0.004916792903750177
HCG4B,0.004915915379363078
RP11-25O3.1,0.004915872619320563
RP11-638I2.2,0.00491582532859591
AP000230.1,0.004915732195934287
RPL21P66,0.004914726917471015
RP11-101E7.2,0.004914573627966323
LL22NC03-88E1.17,0.004914034975588862
MRPL41,0.004913968670204684
MIR186,0.004913666544067913
RNU6-1280P,0.0049136179819344985
LRRC37A6P,0.004913146421637293
KLRC3,0.0049124792556525625
ATP5G1P3,0.004912455912447633
CTB-50L17.9,0.004912363084785113
ATP8A2P2,0.004912246684541059
LINC01296,0.004912139278029463
RP4-788P17.1,0.004911738599423231
CTD-2196E14.5,0.0049115431824226265
S100P,0.004911455880148682
RPL23AP50,0.004910914226148394
RP5-916L7.2,0.0049107952291384495
RN7SL625P,0.004910634081840678
LINC00620,0.004910465388982187
C20orf78,0.004910356105998372
RP11-134G8.5,0.004910212337779604
RP11-588H23.3,0.004909753762069566
OSTCP6,0.004909370638318621
RP5-827A12.2,0.004908349917506985
MRPS21P2,0.004908295798091958
AC106801.1,0.004907990837508127
Metazoa_SRP,0.004907976435389007
MMP21,0.004907966135888225
AC017079.3,0.004907191670370669
RP11-749H17.1,0.00490687122801086
FAM210CP,0.004906649319351299
RP3-514A23.2,0.004906511106971542
RP11-140L24.4,0.004906346026800031
CTB-134H23.3,0.004905929459585806
ISG15,0.004905509936405898
RP11-413H22.3,0.004905345977254417
MS4A10,0.004905047941087186
FGF7P8,0.004904596384667868
EPO,0.004903422881480594
LINC01056,0.004902911494960178
CTC-209H22.3,0.004902316684222762
ELK2BP,0.004902088885629192
RP11-566K19.11,0.004902081154117186
RP11-367G6.3,0.004901981731441047
Y_RNA,0.004901480212844299
RP11-266K4.13,0.004901113857866158
CTB-140J7.2,0.004901051031348358
TCTEX1D4,0.004900889578402634
MT3,0.004900421190491403
LINC00313,0.004900031735430808
RP11-1113L8.1,0.0048984236053272795
RP11-416H1.2,0.004898262981752964
KBTBD6,0.00489816208632036
RPL32P9,0.004897749667251765
RP11-29G8.3,0.0048974054177889186
CYP21A1P,0.00489739510420206
LINC01444,0.004896916687337744
RP11-534L20.5,0.00489629067055786
DANCR,0.004896168841016864
SNORD121B,0.004895952325922514
AC073284.4,0.0048957830465795465
FAM204CP,0.004895733614642773
RP11-248J18.3,0.004895720750528519
LINC00853,0.00489525287800071
AMMECR1LP1,0.004895119025485928
RNU7-45P,0.004895039817550794
RGAG1,0.004894888070621963
SPIB,0.00489475637027364
RP11-860B13.1,0.004894743790869733
GS1-57L11.1,0.004893981648105782
RP11-764I5.1,0.004893912645370913
AL157359.4,0.004893829625866744
RP11-874J12.4,0.0048936612134583375
SNORD56B,0.004893441920239585
TRAV8-4,0.004893391868462914
RP5-940F7.2,0.004893356367832388
G6PC,0.004893206854634877
TUBB8P9,0.004893125496902007
PADI1,0.0048929986667717055
PDPK2P,0.004892081787043404
ABCC2,0.004891969728248132
RP11-203M5.2,0.004890994657704203
CTC-448F2.4,0.004890874321716166
SNORA3,0.004890699494740874
PFN1P3,0.004890698805534236
AICDA,0.00489026442376458
LINC00475,0.00488988401933847
FLJ27354,0.004889658234556166
RPL9P31,0.004889545291201027
RCN3,0.004889396934818569
ULK4P2,0.004889054601510152
NDUFB9P1,0.004888958931787656
RNA5SP309,0.004888942943619369
ACTBP12,0.004888499054792361
RP1-313L4.3,0.004888188446061935
RP4-613B23.1,0.004888029122038511
RP11-598F7.4,0.004887987918955237
RP11-480D4.7,0.004887341509429047
AC025811.3,0.004887192698861314
RP4-697K14.15,0.004885828647959331
AC092384.1,0.004884960997309768
AC087499.10,0.004884484105682719
RP1-102E24.6,0.0048844330796943515
RP11-66H6.4,0.004883939229232576
RP11-296O14.2,0.004882755511143791
PCDHA10,0.004882024876440436
PRSS12,0.004881312625973777
RP11-168L7.1,0.0048811923015164614
RP11-567M21.3,0.004880997115018581
RP5-984P4.6,0.004880870939017037
RP11-354K1.1,0.004880227962805508
RP11-661A12.5,0.004879948605131756
RP11-114F3.4,0.004878704559684554
AC007040.8,0.004878475160559516
RNU6-886P,0.004878429372953063
RP11-647O20.1,0.004877899787939786
LINC00484,0.004877591287769576
TREHP1,0.004877576784786178
RP11-15I11.2,0.004877399671977289
RP5-1172A22.1,0.00487725387908308
NXNL1,0.0048765544500528795
MOCOS,0.004876539225286487
RP11-517B11.7,0.004876289441805708
Metazoa_SRP,0.004875749645118559
RP11-998D10.4,0.004875647393282043
CTD-2587H19.3,0.004874979001364916
CTD-2245E15.3,0.004874867041507945
RP11-143A12.3,0.004874348682772054
RP5-1065J22.2,0.004874105143450483
SNRPCP3,0.004873795715675383
AC104024.1,0.004873532256694371
S100A8,0.004873233152650296
LRRC3-AS1,0.004872600916910873
RFPL1,0.004872353981148491
C16orf74,0.0048721604854908415
AC094019.4,0.004871628487978487
RNU6-97P,0.004871271641949935
XPNPEP2,0.004871073324005242
AC093901.1,0.004870786767748985
CTD-2278I10.4,0.004869871997171993
AC003088.1,0.004869788031904764
SLC9A6,0.004869702411897989
RP11-691N7.6,0.004869352377201789
N4BP3,0.004869314229590872
RP11-484N16.1,0.004869301152231894
AL590763.5,0.004869263505805663
RP11-401P9.6,0.0048689084684668945
TMEM191B,0.004868729346092292
RP11-281O15.4,0.00486868774683627
RP11-25O10.2,0.004868573949381126
RPL23AP86,0.004868049096545454
RNU4-82P,0.004867489297818839
EPGN,0.00486735164738342
CTD-2619J13.5,0.004867119492571091
RP4-550H1.5,0.0048670261692462715
RP5-1154L15.2,0.004866791242526984
AHCYP3,0.004866395661256859
RP4-799P18.3,0.004865832047175822
AC093627.12,0.004865550325473607
OR1N1,0.00486537266425736
RP11-388C12.8,0.004865108570769603
RNA5SP187,0.004864670220968623
KLLN,0.004864099336838338
RP11-588P7.2,0.004864013300646065
ACADL,0.004863609461413221
LINC00877,0.004863107126573017
Y_RNA,0.004863076762709689
RNU7-71P,0.004862479442190703
AC009518.2,0.004862181105086342
RP11-53B2.1,0.004862172698531141
SMIM5,0.004862113982802579
NXF4,0.004861717774423721
RP11-563D10.1,0.004861430452718933
LINC01233,0.004861314232031483
STX16-NPEPL1,0.00486059191467673
FO538757.2,0.004860399992344881
RP11-648M2.1,0.004859409528435079
TMEM72-AS1,0.004859295000771733
CCL14,0.0048589093331899945
KCNJ13,0.004858799053380909
RP11-350N15.3,0.004858300743886216
AC091814.3,0.00485815962860173
RP11-227L6.1,0.004857720887740656
SPERT,0.004857150735995877
MZT1P2,0.004856797702424169
KCNE1B,0.00485679298463179
HPR,0.004856637503708169
RP11-659P15.2,0.004856334677932868
MUC2,0.00485580305868735
PWAR1,0.004855458960001239
RP11-118K6.3,0.00485545863929885
RP11-222K16.1,0.00485525390209736
SUMO2P15,0.004854998934253784
FOXP1-IT1,0.0048541982830055605
DPP4,0.004854171113672453
FLJ46066,0.00485400925437118
RP1-229K20.5,0.004853649907935869
LINC00278,0.004853585860345977
TM4SF5,0.004853432431767402
HNRNPA1P38,0.004853257382544824
SNORA58,0.0048531500658116275
HIGD1AP18,0.004852400712861108
QRSL1P3,0.004852224394013213
TRIM61,0.004851944489364568
LINC01388,0.00485172095282137
ASCL4,0.0048514644733367715
CTD-2501E16.2,0.004851406262626844
RP11-124D2.7,0.004851008746627549
RP11-861A13.3,0.004850883900598144
NAALADL2-AS2,0.00485047661348837
RP11-111K18.1,0.0048503518742578034
LINC01359,0.0048501453122481355
RP11-1094H24.4,0.004850073238585924
RP11-72L22.1,0.004849661147736194
LPAL2,0.004849344099511088
MIR6772,0.004849186400590384
IBSP,0.00484910835977652
RP11-578F21.4,0.00484892960300778
CTC-441N14.1,0.004847404190753844
AC137932.4,0.004847215659846461
RP11-259K15.2,0.004847111764074005
RP11-632P5.1,0.004846860438671196
RP11-262H14.3,0.004846785744300276
HIGD1AP15,0.004846783050237878
RP11-256L6.3,0.004846603432842017
RP1-27K12.4,0.00484651906185609
CTD-2349B8.1,0.004846317676951215
HSD3BP3,0.004845892624287697
PRF1,0.004845867992401446
FP325317.1,0.0048451802965684306
TRERNA1,0.004844572085559491
RP11-368J21.3,0.004844454591609354
LMNTD2,0.004844241793176445
RP5-1142J19.1,0.004844162611649452
RP11-146F11.2,0.004844117585070486
RP11-540K16.1,0.004844093023199804
AC055876.1,0.004844027571667318
RP11-435D7.3,0.00484320990537592
AC018442.1,0.004843100994483576
MIR4671,0.0048426933618604924
VN1R96P,0.004842654579555563
AC091729.7,0.004842428330517339
CTA-339C12.1,0.004842199634116562
SNORD116-14,0.004842123153258263
FNDC7,0.004842097562570318
SNRK-AS1,0.004842028767571812
RNU6-1153P,0.004841729619317242
RP11-329J18.4,0.004841719594004748
RP11-867O8.5,0.0048415676258634285
AC006042.8,0.004841236724214012
TMEM252,0.004840843623703724
RP11-640N20.9,0.00483990131366408
A4GNT,0.004839670448894632
HIST1H1D,0.004839499852741919
RP11-554A11.4,0.00483927499061445
AC004471.10,0.004839033536929993
CTD-3088G3.6,0.004838042631821765
SPATA31B1P,0.0048378962225420034
RP11-480C16.1,0.004837810493504299
RP11-5G18.2,0.004837405986355323
RP5-849L7.1,0.004837198594379822
U4,0.004836285641071493
HIST1H3J,0.00483540693885913
KB-1639H6.2,0.004835402897375848
MIR6819,0.004835262184009093
RP11-507B12.1,0.004834346877060979
RP11-488C13.6,0.004834323559341918
HCAR3,0.0048343191184253495
SCN1B,0.0048336792135736
RP11-10J21.4,0.004833467463781681
RP11-255P5.3,0.004833127159755203
CTA-212A2.2,0.004832435142871912
RN7SKP124,0.004831883077845443
RP11-547M24.1,0.004830661251418115
RP1-47M23.3,0.004830405004328449
RP11-428G5.1,0.004830333288836755
LINC01035,0.004829536787097715
HSD17B3,0.004828852346476817
RP11-321A17.4,0.004827878807256958
AC003080.4,0.004827623755053287
AK4P4,0.004826503332414981
RP3-339A18.3,0.00482639805310838
RP5-1189B24.1,0.004825999561861938
RP11-21C4.5,0.004825633863313186
RP11-976B16.1,0.00482529023857256
Y_RNA,0.004825187925127682
CDSN,0.00482492774628175
RPL23AP30,0.004824893697044799
RP11-820I16.2,0.004824854389725039
RP11-344N10.2,0.004824784074480516
RP11-152O14.1,0.004824408539809687
RP11-278C7.5,0.0048242165110086895
LEFTY1,0.004823629390649037
SPATA18,0.004823313404807555
RP5-940J5.8,0.004823245741034113
RP11-379C10.4,0.004823244899741702
THRB-AS1,0.00482303242019154
RP11-613F22.8,0.004822192634289876
LINC01213,0.004821945841940899
HBM,0.004821801523018452
RP11-528M18.2,0.004821734866815753
RP11-747H7.3,0.0048216532511803035
GOLGA2P8,0.00482126085447231
AC083949.1,0.004821248976608401
MIR4254,0.0048211847120588
RP11-21B23.2,0.00482113491075186
RP11-462B18.1,0.004821122916863902
AC004231.2,0.00482089357351044
RP11-61L19.2,0.0048203812486890315
CD163L1,0.00482027743699642
PCDHB6,0.004819384114962248
MPRIP-AS1,0.004818917283830084
PRND,0.004818709070825742
RP11-749H20.1,0.004818220339538679
RP3-425C14.5,0.004817657209993279
RP11-30K9.6,0.004817275085800875
RP11-3G20.2,0.004817224928212763
RP11-356M20.1,0.004816564447683804
TM4SF1-AS1,0.0048157327061069625
AC009060.1,0.004815641377908276
RP11-215P8.4,0.004815474563220649
ASMTL-AS1,0.004815319850977468
RP5-971N18.3,0.004814695814545505
Y_RNA,0.0048146423201843175
MIR3168,0.004814037857828502
TFCP2L1,0.0048135926360927585
RP11-903H12.3,0.004813105033461143
RP11-1055B8.10,0.004813068396179058
MIR3692,0.004812670929063087
RP11-585P4.5,0.004812582204921962
MIR4701,0.0048124646590579755
RP11-411B6.6,0.004812229179261348
RP11-667M19.2,0.004812137410942863
SLC5A4,0.004811467012021271
RPL7AP57,0.0048109432093242106
TMEM179,0.004810720253913296
RP11-328C8.4,0.004810401966121075
CDH15,0.004810325331858804
RP11-490G2.2,0.004810124836761048
AC009022.1,0.004809623592593048
AC073115.7,0.004809588788881356
TNXA,0.004809267569461016
RGS2,0.0048092560435593285
CTD-2299I21.1,0.0048080987982255284
RP11-6F2.5,0.004806436245326814
RP11-47I22.1,0.004805523521151926
RP11-536G4.2,0.004805453059205885
CTC-512J12.6,0.00480509490854183
RP11-107I14.5,0.004804710757837841
AC009878.2,0.004803847526565649
LINC00700,0.004803517581260968
RP3-414A15.10,0.004803351777111394
RPLP1P13,0.004802567873837754
TRPM2-AS,0.004802118828473612
AC004076.7,0.004802098585196809
AC104654.2,0.0048010969401307965
RP11-697H9.3,0.004801036237361629
CTD-2568A17.8,0.004800872938203037
CTC-344H19.4,0.004799839898835093
YWHAQP5,0.00479965116995753
RP11-64C12.6,0.004799371009977413
MIR223,0.004799099965503124
SNORD115-22,0.004798876282187898
CTD-2544M6.1,0.004798412016952444
Y_RNA,0.004798399741406908
RP11-71E19.1,0.0047982650387667965
AC145124.2,0.0047979913976781766
AL591893.1,0.004797967635452084
RP1-315G1.1,0.0047978016891623365
RP11-50B3.4,0.004797438153327206
FEM1AP1,0.004797164181286325
RPL12P44,0.004796543519560295
RP5-1024G6.7,0.004796445127506232
RP11-217L21.1,0.004795428836209791
ZMYND19P1,0.004794338744159692
RP1-69D17.3,0.004793644973451609
CTD-2309O5.3,0.0047925037836686986
RP4-718D20.3,0.004792416670053271
SLC22A24,0.004792396208975554
RP11-17P16.2,0.004792166245191223
SLC36A3,0.004792021343971657
RP11-1134I14.4,0.004791922352024413
RP11-269C4.2,0.004791703805390196
RP11-326I11.5,0.004791537318627026
C6orf222,0.0047911467816288385
CTC-273B12.10,0.00479097778633347
HEATR9,0.004790714809412106
RNA5SP219,0.00479051212029432
RN7SL531P,0.0047904489960967425
HAGLR,0.004790215288902961
AC090505.6,0.004789746225175572
ZBTB40-IT1,0.004789597501195095
CTD-2561J22.1,0.004789299844385298
RPS3AP24,0.004788655200082
AC135178.7,0.0047884327324471425
TLR12P,0.004788416338180604
RP11-177B4.1,0.004788335952656234
RNA5SP217,0.004788296680096734
CTD-3093M3.1,0.004787633605795895
MAFA-AS1,0.004787109164165717
GHc-857G6.7,0.004786039611570291
TECTB,0.004786010054955549
KCNU1,0.00478591099068561
RP11-909N17.2,0.004785502286650607
AC007787.2,0.00478536867005738
RP3-467K16.7,0.004785297292997238
AC069063.1,0.004785025003298482
RP11-58C22.2,0.004784820118195321
CDKN2AIPNLP2,0.004784441285490259
RP11-556G22.3,0.004784166601984471
EFCAB6-AS1,0.004783606679624962
MARK2P9,0.004783338530913154
RGS17,0.004783050033726678
RP11-1134I14.6,0.00478286341397661
RP11-292E2.1,0.004782591495635129
RP5-1027G4.3,0.004782501287092538
CD300E,0.0047817488489547
EDRF1-AS1,0.004781576046594385
BLACAT1,0.004780325518582937
RP5-879K22.1,0.0047801972193299335
RP11-457K10.1,0.004779887838857777
CTC-350I8.1,0.004779869414321498
ASH1L,0.0047795645864638905
LINC00211,0.004779070283798729
PCDHA2,0.00477886175129734
snoU13,0.004778444706305648
RP11-49K24.4,0.0047784153475033736
RP11-666A8.8,0.0047783863968087065
PPP1R26,0.004778297206743257
ORM2,0.004778132062389143
HIST1H2BO,0.004777840522615084
RP11-322E11.5,0.004777531080980761
RP4-591N18.2,0.004777219225376025
HLA-DQB1-AS1,0.004776427073643375
RP11-447H19.4,0.004776310494274664
Y_RNA,0.004776223545664331
MIR4257,0.004776130923547277
RP11-20I23.8,0.004775662935726718
SLCO6A1,0.004774899338169267
SNORD117,0.0047746133059557265
LINC01290,0.004774363977249254
SPATA2,0.004774271483832177
FAR1P1,0.004774268244146877
RP5-896L10.1,0.004774094997458389
LRRD1,0.004774053772722484
RP11-701P16.2,0.004771265157485407
RP11-57G10.8,0.004771071024454451
AL137860.1,0.004770965071349757
RN7SL81P,0.004770791037103862
AMHR2,0.004770526322032591
CDC42BPG,0.004770494321128529
CTC-441N14.2,0.004770484911094402
RP11-288L9.1,0.0047700535851324674
HDAC1P1,0.004769865210658786
RN7SL113P,0.004769757423410736
LINC01168,0.004769562102746484
Y_RNA,0.004768983564914576
Metazoa_SRP,0.004768937777952954
RP11-697E2.10,0.004768852933329265
RP11-445N20.2,0.0047688466453558965
CCR2,0.004768399680874864
ST7-AS2,0.004768038505720359
RP11-356J5.12,0.004767752780613626
RP11-270M14.5,0.0047677246254104666
RNU2-63P,0.004767681393706268
RP13-565O16.2,0.004767363951948589
RN7SKP70,0.004766285277742749
RP11-484L7.2,0.004766262830552152
RP11-83B20.4,0.0047657846630239815
HIST1H2BM,0.00476574116588717
RP11-618P17.4,0.004765641352259027
OR2A1-AS1,0.004765140908098942
RP11-20I23.3,0.004764379842956089
LCE3A,0.004764103771975558
RP11-230F18.5,0.0047640815364440574
PCDHB12,0.00476395239461578
ONECUT3,0.004763930387385879
FOXH1,0.004763700360456863
TMSB4Y,0.0047635725331591355
IGSF11-AS1,0.004763146471546032
TRBV3-1,0.004762968458783696
RPL7P28,0.004762768921329984
DHDH,0.0047627254691060775
RP11-402L5.1,0.004762359677486746
RP11-1017G21.3,0.004762292815997681
RP1-155D22.2,0.004762191853660381
RP1-77H15.1,0.004760696004720177
RP11-160H22.5,0.004760492211600512
LINC00462,0.004760471905736275
RP11-235E17.3,0.004759852143468486
LINC00368,0.004759737148901897
CTB-180A7.8,0.004759621645469459
HYDIN2,0.004759593242766052
RP11-381N20.2,0.004759392667777448
TGFBR3,0.004758335890020009
AC023271.1,0.004758074064653868
RP11-603J24.21,0.004757971793397731
MIR4530,0.004757706697757034
NPW,0.004757611422360778
RP11-514F3.5,0.004757439176793558
FAM187B2P,0.004756451863063702
AC053503.11,0.004756310383641809
MIR548AR,0.004756162051299778
SNORD3B-1,0.004756066091864376
RP11-158I9.5,0.004755845164591838
NDUFA3P4,0.004755015766287925
LINC01586,0.004754835499391426
CYCSP27,0.004754690966085952
CH507-9B2.2,0.0047545193983160195
CTD-2332E11.2,0.00475448530975619
RP11-1008C21.1,0.004754340801305081
RPL23AP90,0.004753946946733184
RP11-269M20.3,0.004753927622675981
RPS26P52,0.00475336564919237
IGLL1,0.004753304480877674
AL590762.10,0.004752840471031353
ASS1P5,0.004752776322611355
RP11-44I10.3,0.004752561439233108
AC008154.4,0.004752404282648161
RP11-84C10.2,0.004751587368890963
TNFRSF10D,0.004751467817846314
RP11-231G15.2,0.004751350170212632
HIST1H2AH,0.004750811794791409
RP11-426C22.1,0.004750254078820222
ZIM2,0.004750087245390699
Y_RNA,0.0047499463099854545
ABCD2,0.004749640966143635
KHSRPP1,0.004748495283987794
RP11-666A20.3,0.004748218027214038
LINC01549,0.004747913120196326
RP11-277P12.10,0.00474705859983819
RP11-359E10.1,0.004747050923000433
AC012065.5,0.00474659649982505
C16orf90,0.004746360397107566
LINC01034,0.004745981910057171
RP11-42A4.1,0.00474583160797616
RP11-480C22.1,0.004745805077533745
RP11-615I2.1,0.004745481394218823
RNU6-784P,0.0047446765135004025
RP11-27G24.1,0.004744208723503627
RP11-10H3.1,0.004744155669178577
RP11-441O15.3,0.004744126887981221
MIR2116,0.004744001116703057
CCDC150P1,0.004743910986662635
LIPC,0.0047431509843978625
CTD-2269F5.1,0.0047429743744672815
SNORD72,0.004742696888386855
RP11-100E13.1,0.004742143858898862
AL355480.2,0.004741920771639302
TRBV21OR9-2,0.0047419191197858165
HBZ,0.004741882697256912
RP1-293L6.1,0.004741788656739556
RP11-720N19.1,0.004741510035981182
NUDT19P3,0.004741182122375095
RP11-661C8.3,0.004740936973334574
AC005355.3,0.004740835641539729
CST2,0.004740742182376672
MIR365B,0.004740634880989396
RP5-1050D4.4,0.004740473912570578
RP11-274J7.2,0.00474042131113143
PCDHGA1,0.004738973552216713
CTD-2302E22.1,0.004738836152630541
MIR378H,0.004738813198836255
RP11-375I20.6,0.004738798339087445
HAGLROS,0.004738734475936054
UBE2Q2P1,0.004738370387529748
INSM1,0.0047379554007073955
RP11-286N22.6,0.004737335787848846
RP11-241F15.1,0.004737333940250263
RN7SL751P,0.004737323388284769
KCTD8,0.004735727391588571
CTC-512J12.7,0.004735438175758422
AC098820.2,0.004734835011534923
RP11-46F15.2,0.00473483372008278
RP11-376N17.4,0.0047343795942142945
AC016717.1,0.0047341603438261996
U1,0.004734136962176411
RP11-348M17.2,0.004733819980378849
AC011239.2,0.004733600333615954
YBX1P4,0.0047334940760046865
SHISA3,0.004732779710048973
MIR3180-4,0.004732183109261314
AC108868.5,0.004732070713394796
RP11-571I18.4,0.004731824802464619
RP1-169K13.3,0.004731736650240957
PDE3B,0.004731640490472911
RP5-1031J8.1,0.00473121092094302
CTD-2619J13.1,0.004731170836105942
RNU4-8P,0.004730895886788251
ACP5,0.004730642097772874
RNU6-942P,0.00472994354178536
HMGN1P26,0.004729907009389119
AC012354.6,0.004729874651503203
RP11-417F21.2,0.00472962011385972
MIR4782,0.004729320335868243
RP11-358H9.1,0.004729308782713804
RP11-161D15.1,0.004728948176494017
CTD-2207A17.1,0.00472835356011477
STPG3,0.0047283456176217716
SLC20A1P2,0.00472823193938924
SNORA32,0.00472821362979718
RPL7P14,0.004727942989704289
RP11-120M18.2,0.00472720930177337
KNOP1P5,0.004726984616074834
PSMA2P1,0.004726572978350309
RPL7AP64,0.004726017667104467
CTD-3064M3.7,0.0047259460127495045
RP1-102H19.7,0.00472448873952909
RP11-398A8.1,0.0047240689473329375
IDI2,0.004724064438388357
RP11-982M15.5,0.004723323819688881
RP11-767L7.1,0.004723232533659885
RP11-116O18.1,0.004722819449741119
RP11-288H12.3,0.004722800542247224
RP11-157I4.4,0.0047226600089927346
CTD-2373H9.3,0.004722495535432813
AC093642.4,0.004722488615863013
CLDN20,0.004722153160690109
LUCAT1,0.004721982609946444
Y_RNA,0.004721833050383149
AP000696.2,0.004721692203832753
RP11-11M20.2,0.004721627991935748
AC090616.2,0.00472147104985381
KRT18P16,0.00472131948296824
RP11-211N11.5,0.004720964717835558
GS1-21A4.2,0.004720411954359366
CTB-11I22.1,0.004720392307459127
RP11-466M21.1,0.004720205613624086
AC004775.5,0.004720130522012368
RPL30P2,0.004719970031095929
RP4-555D20.3,0.004719591971986292
IDI1,0.0047189510441765945
TTTY15,0.004718374135633075
RNA5SP508,0.004718372085117808
SLC45A4,0.00471792009741981
RN7SL591P,0.004717290286850513
RP5-888M10.2,0.00471701417875655
LINC00992,0.004716948388212562
RP11-466A19.6,0.004716767746432697
RP1-20B11.2,0.004716598370121237
RP11-514P8.7,0.0047164028066873686
MED28P6,0.004715421998161696
JAG2,0.004715231517971574
MGAT3-AS1,0.004714777765788991
UTF1,0.0047144901403395716
MPC1L,0.004714184298164669
AC079767.4,0.004714075055019999
RP11-16N2.1,0.004714004530682674
LINC00431,0.0047137296380606675
RPL37P15,0.004713618275224934
MTMR12,0.004713509251001226
AC079150.2,0.004713375362370147
TPPP3,0.0047129555772421755
RP11-70D24.3,0.004712861021724195
CHCHD2P3,0.004712202360503163
SPACA4,0.004712164467370569
GNPATP,0.004711895619222518
HAUS4P1,0.0047117305855063464
ATXN8OS,0.004711567357484826
MIR760,0.004710938987648257
RP11-1L9.1,0.004710624709226267
RP11-3D4.4,0.004710610568932228
LSM3P4,0.004710511552233935
CTB-35F21.2,0.004710459307462677
AC005307.4,0.004710344795498133
RP11-323P17.2,0.004709936072964239
RP1-5O6.5,0.004709570386174958
TBC1D27,0.004709392856565806
RP11-554D15.1,0.0047090576066050605
RNU6-514P,0.004708950152695693
BDKRB2,0.004708667000059872
GLRXP1,0.004708438361324614
RP11-491F9.6,0.004707774148584288
LRRC37A14P,0.004706148147031057
C1DP4,0.004706136089559164
RP11-151N17.1,0.004705796611383092
RP11-87G24.3,0.004705148752290382
RP11-244B22.10,0.004704382100818145
KCCAT211,0.004704308128127258
RN7SL538P,0.004704155722795188
MIR6864,0.004703590658488065
RP11-478J18.2,0.004703504366290418
AC010150.1,0.004702893955365149
RP11-70D24.1,0.004702769818322601
PCAT4,0.00470272532127946
SLC25A52,0.00470262010792744
RP11-1134I14.8,0.004702395372793459
AC068196.1,0.004702286968545925
NRBF2P5,0.004702074883096747
FLJ31356,0.004701880659050914
TMEM114,0.004701587862689912
MIR381HG,0.004701467022771696
RP4-566D2.1,0.00470143487469635
RP11-331F9.4,0.0047012984567677595
CTC-523E23.15,0.004701245266295778
RP11-761B3.1,0.004700905356969975
TRAV27,0.0047007540923745
NME5,0.0046997139217137595
AC010731.4,0.004699293965065288
KB-1562D12.2,0.004699127672665671
AC067956.1,0.004698240106371204
SNORA11,0.0046982022829899234
RP11-54F2.9,0.004698080775360917
TDO2,0.004697214540667659
RP11-105C19.2,0.0046964994335316305
RNF148,0.004696404873625625
GATAD1,0.004696213386298585
AL049872.1,0.004695856268583575
RN7SL650P,0.004695757941104945
RP11-34P13.16,0.00469558153604877
RNU6-45P,0.00469477269442637
CTC-472C24.1,0.0046945497719460254
TAT,0.004694549260184943
AC002454.1,0.004694516341517703
AJ011931.1,0.004694110171982128
TRBV20-1,0.0046939463135466505
ELMO2P1,0.00469393618050734
AC138649.1,0.004693624539128739
GTF2IP5,0.00469341004778859
RPS7P5,0.004692330870460432
RP11-857B24.5,0.004692129076889808
RNA5SP498,0.004691722381638683
RP11-611E13.3,0.004691684381353098
RP11-15B24.1,0.004691273245400443
C7orf71,0.004691202958109918
RP11-799B12.2,0.004690873537118924
LINC00939,0.004690855737589138
AC114814.4,0.004690688880051939
RP11-373D23.3,0.004689957910963629
ZNF101P1,0.004689499569667275
LINC00543,0.004687920167138318
RP11-26N15.2,0.00468702901689479
RP11-13A1.3,0.004686949806868635
KRT75,0.004686290273556258
AP001052.1,0.004686288832980394
RP4-535B20.1,0.0046862724111422175
Metazoa_SRP,0.004685495548302873
RP11-195B17.1,0.004685422145541251
RP11-483E17.1,0.004684881414285684
LINC01555,0.004684406042766461
RP11-21M24.2,0.004683408090071275
RP11-240D10.4,0.0046833635790409596
RP1-15D23.2,0.004683179552075991
C1orf216,0.004683177803434661
RNU1-61P,0.004682685115643115
AC006033.22,0.004682459421449047
RP11-407G23.4,0.004682372011871898
OR7E111P,0.004682277544293335
Metazoa_SRP,0.004682014734276012
RP11-328J6.1,0.004681726926225708
CCDC27,0.00468029649591095
RP11-549J18.1,0.004680286464454542
RP11-81K2.1,0.004679556589137556
CTD-3236F5.1,0.004679516282877489
NAV2-AS5,0.004679439943914588
KRTDAP,0.004679283826361258
RP4-803A2.2,0.004679209835936242
AC114730.8,0.004679203606220467
R3HDM2P2,0.0046784794784983635
RN7SL399P,0.004678406966861634
SNORA75,0.004677538132999054
CTD-2281M20.1,0.004677494537095287
HDC,0.0046772412544548135
PWRN1,0.004677189824130817
Metazoa_SRP,0.004676573971618155
RP11-532L16.1,0.004676117709543183
RP13-20L14.10,0.0046756286678332456
RP11-252M21.6,0.004675420330481335
AC018696.4,0.004674534414252021
RND1,0.004674471130424384
AC005154.8,0.004674419227501367
TPSP2,0.004674086108707661
DPH6-AS1,0.004674072568490465
RP11-283G6.5,0.004673659029923103
OR2T10,0.004673652206848821
BIVM-ERCC5,0.004673437514358215
AC012501.3,0.004672767096141208
RP11-153K11.3,0.004672388067589502
AE000662.93,0.00467220377411724
RP11-613D13.8,0.004671951537926936
RP11-87H9.5,0.004671881282458986
Y_RNA,0.004671534136066939
LINC00904,0.004670660670278515
SIPA1L1,0.004670322282914672
CTC-340I23.2,0.00467001756977787
OGFOD1P1,0.004669593563181139
RNU6-553P,0.004668818484891213
TRIL,0.004668715300859827
RP11-252E2.2,0.004668604409112364
RP5-1028L10.2,0.004668112314864716
RP11-439L18.1,0.004667903326107775
RP11-216L13.18,0.0046672457613618264
HIST1H3A,0.004666940103272162
RP11-44N12.4,0.0046667898075261295
RP11-706O15.1,0.0046666198812699445
RNU6ATAC18P,0.0046663346535362315
CTC-459F4.6,0.004666139997353942
VCX3B,0.004665913206090694
CTC-523E23.9,0.004665887153171073
Z69720.2,0.004665332623425457
RP11-83B20.7,0.004663962305273159
RP11-351M8.1,0.004663755056317852
RN7SL45P,0.004663395909506226
LINC01402,0.004663025371857711
RP5-998H6.2,0.004662248588095546
TRAV41,0.004662122266582296
RP11-656D10.5,0.004661064769201702
RP11-495K9.6,0.00466072640606848
AP002954.4,0.004660643452667165
KB-1589B1.4,0.004660442795837296
AP001891.1,0.004660168973062519
FXYD6P2,0.00465979737667353
RP5-1050D4.3,0.004659658099691549
NDUFB4P2,0.0046590649016391185
NDUFA5P2,0.004658900411701309
RP11-5P18.1,0.004658554515038637
RP11-686D22.10,0.004658271294577048
KCTD19,0.004657567602246781
CYP2J2,0.004657531342276037
NXPE2,0.004657376976252283
FTCD-AS1,0.0046573226290148265
EFCC1,0.00465720726353486
CTD-2507G9.1,0.004656952260862861
RP11-298D21.3,0.004656852883448879
AC007326.10,0.004656367705039105
VDAC2P2,0.004656224308340095
RP11-809H16.5,0.0046555579303155506
CTC-436P18.3,0.004655108330097068
RP11-16P20.3,0.0046542172996450505
CFAP45,0.004654065676622318
RP11-90C4.1,0.0046539784002051715
LINC01186,0.004653974255466361
GUCA1B,0.00465378341813123
RP11-142M10.2,0.004653724391437072
RP11-680H20.2,0.004653366190742711
NPFFR1,0.004652906070417323
RP11-111D3.2,0.004652699184036646
RP11-104F15.9,0.004652430320376157
RPL23AP27,0.004652356441498986
DRD4,0.004652199363167702
CTXN3,0.0046519002070030705
Y_RNA,0.004651099161688406
COL6A4P1,0.004650350700885674
RP11-324L17.1,0.00465033051527084
GNL2P1,0.004649986109926252
AL590235.1,0.004649980494237076
AL022345.10,0.004649756875021978
VDAC1P11,0.004649384090614981
RNU5D-1,0.004649292006379163
SNORD89,0.00464916184706869
RP11-443G13.2,0.004648756204187511
RP11-190A12.8,0.004647286143516552
Y_RNA,0.004647153457981189
A1BG-AS1,0.004647045961400362
ARHGAP40,0.004646904939225949
RP11-334E6.4,0.004646546613636958
RP5-1069C8.2,0.004646349951846241
CTD-3022L24.1,0.004646327675103672
RP1-102G20.2,0.004646293737633102
CIB3,0.004646259291706977
PI15,0.004645479912250987
RP13-395E19.2,0.004645411073214362
CTC-428G20.2,0.004645365481086672
PPAT,0.004644832434402621
RP11-1070N10.3,0.004644750481178505
UPF3AP3,0.004644331274424207
CTB-33O18.1,0.004643686777966029
BMS1P16,0.004643275910951869
CD247,0.004643098477247764
CTD-2012B7.1,0.0046429052034079035
RP11-407P15.2,0.004642676864999631
RP11-347P5.1,0.004641982949293147
CTD-2651B20.1,0.004641529478624974
RP11-141O11.1,0.004641373429769193
EQTN,0.004641270439529176
CTD-3222D19.4,0.004641108056336178
RP11-723D22.3,0.004640768146627752
NLRP14,0.004640540081668782
RP11-171I2.5,0.004640419217663849
IQCA1L,0.0046403308068998705
RP11-894P9.1,0.004640284824946367
RP11-428C19.4,0.004639715570222592
AC078883.4,0.004639618423445297
RP5-1057I20.6,0.004639468249289696
RP11-289A15.1,0.004639319881378404
RP11-323F24.4,0.004638770286110827
LINC00648,0.0046387039066354205
RP11-523L1.2,0.004638664771623606
RNU6-1138P,0.00463821263493216
MTND5P29,0.0046379342776451185
RP11-10G15.4,0.004636615578470533
RP11-480D4.4,0.004636348344186649
AC007969.4,0.004636246246724332
ARHGEF28,0.004635965229037889
RP11-169K16.4,0.004635310060179421
RP11-39E3.3,0.004634848573881535
AC005264.2,0.004634750691379496
RP11-670N15.2,0.004634350126807107
RP11-293A10.3,0.004634348652392056
SNORA4,0.004634309948325655
AC016629.3,0.0046340729608061945
RP11-684B21.1,0.004634051988993947
RP4-734G22.3,0.004632961813035734
FBXW4P1,0.004632950030376924
RP11-343H5.6,0.004632892116682175
KDELR3,0.004632871007557871
OR52A4P,0.004632437489505792
RP11-343C2.10,0.004632398834036057
RPL7P5,0.004632298867896048
MCM8-AS1,0.004632241032997606
LINC00582,0.004632208209344219
RNU1-59P,0.004631922663087506
MIR1302-9,0.004631813548895814
RP11-349F21.3,0.004630982069283155
LINC01521,0.0046291433344469515
RP11-159H10.3,0.004628588209043429
OR1L8,0.004628496355581766
CCL17,0.004628170584041989
AC073321.4,0.0046275072135056146
RP11-94C24.6,0.00462714913612494
STPG3-AS1,0.0046262867365199035
ANKRD26P1,0.004625990796158035
RP11-345I18.4,0.004625535972718635
RP5-912I13.1,0.004625401932505776
RP4-539M6.14,0.004624674982095554
RNU1-75P,0.0046246601364174425
TOP3BP1,0.004624565997766607
RP11-466G12.3,0.004624115349095561
RP11-635N19.2,0.004623970366688714
RP11-334E6.3,0.004623345305346982
GBP7,0.004622956167337523
FOXJ1,0.004622758379902408
XIAP-AS1,0.00462274290835128
TMEM233,0.004622584866756835
SCAANT1,0.004622531248893102
RP11-855A2.3,0.004622233547314129
MIR181A1HG,0.004621109299597284
RP5-907D15.3,0.004620990900601614
LA16c-349E10.1,0.0046206766444019725
GLYCTK-AS1,0.004620059854751215
AC008063.2,0.004619830112328664
RP5-1115A15.2,0.004619682851305132
RPS27AP13,0.004619618141810504
GPR139,0.004618686835465335
CTD-2012K14.5,0.0046185227246259035
AF001548.6,0.004618492766384698
AC114763.1,0.004618476664119716
RP11-21L23.4,0.004618111626001944
PAGE2,0.0046180481516801845
YY1P2,0.0046171322329321435
NUTM2HP,0.004616859992201685
RP3-454B23.1,0.004616753374285397
AC009303.1,0.004616579886471877
HOXA10-AS,0.0046162660744113486
RNU1-72P,0.004616099130048859
TPH1,0.004615965192318932
RP5-1182A14.5,0.00461556844858648
RFPL4B,0.004615444461628158
Metazoa_SRP,0.004614157513202042
CTA-305I2.1,0.004613814127832999
Metazoa_SRP,0.004613384309063107
XIAPP2,0.004612965948296198
CBX5P1,0.004612570092243937
NECTIN3,0.00461220959719775
PQLC2L,0.0046119006652886275
AC074363.1,0.004611811691911684
MT-CO3,0.0046111193163815315
ADAMTS14,0.004610572383706269
Y_RNA,0.0046102001864804084
RP4-539M6.21,0.004609911341478822
RP1-276E15.1,0.004609838657117696
RP11-289I10.2,0.004609455583553701
CTB-131B5.2,0.004609455043194199
AC006115.6,0.004609387401542638
RP11-178D12.2,0.0046092940299108974
RP11-525A16.4,0.004609133848320934
CTD-2227C6.2,0.00460900184016816
AC104820.2,0.004608883677487048
RP11-529E10.7,0.004607465940498457
RP11-1079K10.3,0.0046074488299422565
POLR3GP1,0.004607260435407238
RP11-439C15.4,0.004606396332818593
CHCHD2P9,0.004606394330199979
RP11-300G22.2,0.004605836411304233
RP11-229P13.19,0.004605460742440724
RP11-763B22.4,0.004605411024952848
TRBV19,0.004605410259789264
RP1-120G22.11,0.004605280764366945
RP13-895J2.10,0.0046049985017522594
LHX2,0.004604913185113356
IGLON5,0.0046048818269545985
RP11-497G19.3,0.004604081997857555
HSPA8P4,0.004603283979028478
MTCO1P42,0.00460313153575315
MIR3135A,0.004603097013592273
RP5-1073O3.2,0.0046030751615919905
RP11-315D16.2,0.004602855247421316
RP11-64D24.2,0.004602712023423117
OSTM1-AS1,0.004602569823140506
RP11-806K15.1,0.004602165668421553
CICP11,0.004601980897828472
NUCB1-AS1,0.004601624452353023
KLRF2,0.004601287851707446
RP11-794P6.1,0.004601169577094054
GBF1,0.004600664506845774
AC004448.2,0.004600134878949882
KCNF1,0.004599992156037584
RP11-231N3.1,0.004599899926162114
NLRP2B,0.004599761350505335
CXCR3,0.004599735609923067
SAMD5,0.004599542726002712
UNGP3,0.004599495818402169
NPAS1,0.004599319069589425
RP5-1068H6.6,0.004598950109716942
TBX10,0.004598894490773976
RP11-770J1.5,0.004598733001869899
SEMA3G,0.00459854090325155
AC005176.2,0.004598179861784084
LINC00544,0.0045981110399911035
USP29,0.004597834048020516
CTD-2199O4.3,0.004597801441427242
RP11-17P16.1,0.004597799543535557
DSTNP5,0.004597641480401016
C5AR2,0.004596984163863519
TRIM36,0.004596942865144637
PPP1R2P5,0.004596896715178965
RP1-59D14.5,0.004596622662356145
DIRC3,0.004596381050382851
GGTA1P,0.004596313277228728
RP11-353K11.1,0.0045961225436587354
RP11-129M16.4,0.00459595514317592
OAF,0.0045958929517032916
AC087163.3,0.0045958635833206266
RP11-358B23.6,0.004595209351966598
OR51B4,0.004595085751497007
NAP1L1P2,0.004595019015644391
CTC-479C5.6,0.00459482638297815
TRIM26BP,0.004594786006071616
TMEM200B,0.004594700841587661
RP11-556I13.2,0.004594263026118109
RP11-551G24.2,0.004594156996539199
Metazoa_SRP,0.004594046386008123
CLDN19,0.004593682087361702
GLRB,0.004593272332797041
LRRC37A11P,0.004592682152764951
RP11-571F15.2,0.004592425692660444
RP11-142L1.1,0.0045923757409204865
RP11-481E4.2,0.004592289597188217
RP11-61A14.1,0.004592000632862147
TRAV12-3,0.004591969986357334
OOEP,0.004591958176241175
RN7SL233P,0.004591282540537371
RP11-84A19.2,0.004589762060598354
RP5-828H9.1,0.004589369738295245
MRPS31P5,0.004589218027660862
GSTM5P1,0.004588939465760581
PLA2G10,0.004588710336283542
RP11-4B16.1,0.004588069350666176
PDCL3P1,0.004588057436571924
RP11-433J20.1,0.004587925946397368
RP4-777O23.2,0.004587872881755158
RNA5SP467,0.004587339967990936
CTD-2369P2.5,0.00458713480065966
SCNN1B,0.004586195107950146
FLT1P1,0.004585335611107003
DNAH5,0.004585305836561915
CBX1P3,0.004585271159208656
C8orf86,0.00458510060023556
RP11-552M14.1,0.00458504716099935
CTD-2622I13.3,0.004584996449622774
MGAM2,0.00458476876317645
OR2I1P,0.004584654624953465
RP11-798M19.3,0.0045844911091920985
SPTLC2,0.004583801098057919
ASB5,0.0045833670383908336
U3,0.004583312555761444
RP11-437J2.4,0.004583256488741169
RP11-22L13.1,0.004583187139087644
MTCO3P13,0.004583075337314878
TRBV7-5,0.004582665121970824
CITF22-92A6.2,0.004582249732588555
CTD-2529P6.4,0.004581993625478755
IGKV6D-41,0.004581665819667493
MYRFL,0.004581319502702435
MIR634,0.0045812844380520076
AC005550.3,0.0045811765496016985
SNRPCP1,0.0045810364242717975
RP1-128M12.3,0.004580544131285493
AC104781.1,0.004580504515580945
RP11-455J20.3,0.004580072942278894
RN7SL614P,0.004579980166077031
MCCD1P1,0.004579954198234096
MIR137HG,0.004579207264331091
RP11-567F11.1,0.0045790215771688795
RP11-680F20.9,0.00457851710324782
RP11-305O4.3,0.004577595501165993
OSM,0.0045774245822842235
AC002056.5,0.004577153227524531
FRG2C,0.004577062734141727
RP11-178L8.5,0.004576566544312994
CHIC2,0.004575875565040035
RP1-41C23.1,0.0045758554279100375
FUT7,0.00457563523477706
RP11-121E16.1,0.0045753867193319316
ZNF969P,0.004574850451515479
ANKRD20A2,0.004574396258783326
CTD-2561B21.4,0.004573888908169604
RNU6-1206P,0.004573749960291424
RP11-843A23.1,0.004573562998855674
RP11-309H21.3,0.004573412157085074
TRBV30,0.004573176218696817
PGBD3,0.004573161472983858
CYP4F24P,0.004573027914925562
RNU5F-1,0.0045728978187383335
LINC01436,0.004572426289127335
RPS3P2,0.004571796830352867
HLA-T,0.00457127560677346
NDUFA6-AS1,0.00457121198277245
MEP1A,0.004570373249326749
RP11-403I13.9,0.004569151402229606
RP1-16A9.1,0.004568982875060643
RP3-380B8.4,0.004568845714335166
C1QTNF9-AS1,0.004568442830464155
RP11-616M22.2,0.004568080261321421
CTD-2165H16.3,0.004567964385323266
SHISA9,0.004567642030977745
RP5-1186N24.3,0.00456761484941128
RP11-642D21.1,0.004567482794605151
RP3-436N22.3,0.00456707091588232
LEMD1,0.004567014456535734
CTC-529I10.1,0.004566828469836854
TEX2,0.004566266656778261
RP4-738P11.3,0.004565909571641516
AF127577.13,0.004565855599660402
RP11-33I11.2,0.0045656156299752745
RP11-12A2.1,0.004564767478748216
RP3-416H24.1,0.004564439251393573
FAXDC2,0.004563898173976836
FARP1-AS1,0.004562806422667351
RNU2-22P,0.004562681521339219
RP3-337H4.10,0.0045626713642975434
CAMK1,0.004562465157335637
RP11-487E1.2,0.004562136637377258
RNU6-1189P,0.004561520079380588
VSX2,0.004561516340070375
SLC22A31,0.004560646610697103
RP11-174F8.1,0.004560452391373672
FFAR2,0.004560449581029745
RP11-713P17.3,0.004560004574061568
FAAHP1,0.004559979567238814
RP11-572F4.1,0.004559677504642736
HAPLN1,0.004559655061204312
CHST4,0.004559556146657904
RP4-784A16.3,0.004559211997884009
RP11-384O8.1,0.0045585817924526225
RP11-549L6.3,0.004558235564396199
RP11-93O14.3,0.004557608598921438
RNU5B-1,0.004557243249127547
RP11-325L7.2,0.004557019549024176
MYBPC3,0.004556863284222531
RP11-246K15.1,0.00455668409354915
RP11-181B18.1,0.004555779129907763
RP11-637O19.3,0.004555610996097331
RP11-102L12.2,0.004555380089983581
PNMA1,0.004554662045562932
RP11-523L20.2,0.004554309107443554
RP3-402G11.25,0.004554147977976802
RP11-179B15.5,0.0045535765133530885
CTD-2024I7.13,0.004553551349603511
RP11-2E11.9,0.004552567282786818
RP11-74M13.4,0.004552491715609155
CMB9-22P13.2,0.004552417941879129
CD79A,0.00455237745734172
RP11-867G2.8,0.00455173186205867
RP11-310P5.1,0.004551319827958634
RP11-19E18.2,0.004550951426189158
Y_RNA,0.004549943797702164
OR8S1,0.004549829188523213
FOXA3,0.004549602721928531
RN7SL784P,0.004549258697589444
GSX2,0.004548962147942561
TSKS,0.0045486711649123535
AP001055.6,0.004548398411300442
CTC-457E21.1,0.0045481618438938925
RP11-831A10.2,0.004547673919484973
AC000120.7,0.004547118781105654
ALG1L14P,0.0045468270745680165
MEGF9,0.004546447954812396
Y_RNA,0.004546056352008125
MIR659,0.004545990155903231
Y_RNA,0.004544907865546962
CTB-193M12.3,0.00454431050932204
XKRX,0.004543947917588445
MIR3613,0.004543916021780873
RP11-82L7.4,0.004543520119082605
RP11-349A8.3,0.004543066859434953
RP11-243M5.3,0.004542696221870824
AC008746.10,0.004542407811364425
WI2-85898F10.2,0.0045422314886998435
RP13-128O4.3,0.004542177731220634
AC011284.3,0.004542082611503873
OCM2,0.004541808318116762
HUS1B,0.004541497867101101
Y_RNA,0.004541363508895198
RP11-305E17.4,0.004540230698146317
RP11-609L3.2,0.004539654166316183
CTA-268H5.12,0.004539489992614825
MIR371B,0.004539187858489563
RP4-710M16.2,0.004539122841388179
ZNF98,0.0045390634417648516
RP11-147G7.3,0.004538107128839185
RP3-431P23.5,0.0045380603695240685
CTA-363E6.2,0.004537883925061058
AC078842.4,0.004537448901262264
RP5-1195D24.1,0.004536983891017074
CCT6P4,0.004536821428621285
RP5-965F6.2,0.004536756502772331
AC026188.1,0.004536418646066826
CCL2,0.004536266697903422
RP11-89C3.4,0.00453624904529363
TRBJ2-3,0.004536218459551292
RP11-347C12.3,0.004535343545835049
SNORD63,0.004535109679402024
AMIGO3,0.004534674566834981
XXbac-BPG170G13.32,0.004534646242340677
ADAMTS8,0.00453301431964413
MTND2P28,0.004532910186315612
RP11-546O6.4,0.004532681586440492
CTD-2561B21.11,0.004532538357876557
RP4-740C4.7,0.004532387520567971
RP11-219E7.3,0.004532237301588319
RP11-665G4.1,0.004531822773767671
RNU6-30P,0.004531329945889305
LINC00290,0.004530982130260799
CD207,0.004530644140546523
AC073115.6,0.004530569238284893
TEX35,0.004530512948140132
NPM1P11,0.004529964782532629
AMIGO2,0.004528882421561159
AC002429.5,0.0045287447589902035
AC015922.7,0.004528490806088789
CD52,0.004528462362348094
AC019186.1,0.004528322922208569
KLHL30,0.004528270432085046
LINC01482,0.004528215227682817
ARL14EPL,0.004527990959543875
Metazoa_SRP,0.004527802125742182
KCNK5,0.004527596685833886
CLPSL1,0.004526539593795133
RN7SL154P,0.004524833826521173
LINC01033,0.004524611592099928
RP1-187B23.1,0.004524565061485472
TBCC,0.004524333887581012
CTC-412M14.5,0.0045239798277782965
ASAH2B,0.00452385402953194
RP11-640L9.1,0.004523811841367966
SUMO1P1,0.0045234628681404794
KIAA1456,0.004523157780567989
RPL23AP28,0.004522836704597173
SH2D1B,0.00452249033156743
IFNWP9,0.00452239701512725
RP11-436D10.3,0.004521779275912372
RP11-335G20.7,0.004521667710176167
SCARNA13,0.004521352398438119
RP11-281O15.5,0.004520773943054645
C1orf146,0.0045201874493586485
RP11-132G19.3,0.0045199529877326455
LY6G6E,0.0045192462407308495
PLS3-AS1,0.004519133191073573
Y_RNA,0.004519126522679741
SNRPCP10,0.004518682343234582
CTD-2526A2.2,0.00451864390289777
RP1-313L4.4,0.004518446972041539
RPS26P21,0.0045169641485017795
RP11-306I1.2,0.004516605704366637
GLUD1P8,0.004516187675887966
KRT18P5,0.0045160067431370176
RNU6-625P,0.004515949433016809
RN7SL202P,0.004515331342010556
RP11-650K20.3,0.0045147219237685185
VN1R2,0.004514370545405263
L1TD1,0.00451405287465268
CELF2-AS1,0.004513846278364126
RP11-662J14.2,0.004513118472167256
RP11-24C14.1,0.004512756556278129
GOLGA8T,0.004512614826448398
ITPKB-IT1,0.004512238588110552
RP11-569A11.1,0.004512116901137015
MIR641,0.00451160058414238
RP11-213G2.1,0.0045115795572309965
RN7SL577P,0.004511239796484284
AC083864.3,0.004511193955455032
GS1-165B14.2,0.0045108042389401725
TRIM44,0.004510491208676336
RP11-556O9.3,0.0045100938877618325
LINC01180,0.004510067096376896
MIR4296,0.00450954178070534
RP11-494M8.4,0.004509295325834635
RP11-439M15.1,0.004508895857398142
RP4-668J24.2,0.004508503123781958
AC008592.5,0.004508282020958806
AC108004.2,0.004508268276518809
RP5-1139B12.2,0.004507721937439836
MIR3690,0.004507504893401567
IL18RAP,0.004507331477542604
RP11-150O12.3,0.004506627122528999
RP11-579O24.1,0.0045065816166363565
RP11-597D13.9,0.004505519908323751
Z84721.4,0.004505285376003569
RP11-703M24.5,0.004505136838454876
RP11-214O1.3,0.004504904723369063
VHLL,0.004503622866386076
RP11-120A1.1,0.00450350220613682
CTD-2026K11.2,0.004503448929852471
RP11-794C22.2,0.004503089468737216
RP11-1148O4.2,0.0045029277127753104
AF064858.8,0.0045028325176361675
MIR4313,0.004502350670016368
WFDC10A,0.0045021978713301524
CTB-13F3.1,0.00450075899248015
RP5-1018K9.1,0.004500695635369572
CTD-3116E22.7,0.004500024193422595
RP11-337A23.5,0.0044999197231725225
TRBV29-1,0.004499010267177904
FANK1,0.00449803038963162
HMGB3P1,0.00449764436157289
AC007881.4,0.004496614313207329
RP11-538I12.3,0.004496260567656734
AC006130.3,0.004495968064505699
LINC01039,0.0044956474229085235
RP11-75L1.6,0.004494461862364199
LINC00643,0.004494440773314807
RP5-855F16.1,0.004494323009158091
HIST1H4K,0.004494090758912586
RNU6-304P,0.004494051077414925
RP11-358B23.5,0.004493952369208996
AC005477.1,0.004493609892869761
RP11-116D17.5,0.004493297684779121
PLA2G16,0.0044927648209153025
U47924.32,0.0044921763944987736
FAM58CP,0.004492165197531996
RP11-354M1.2,0.004491856741662318
RNU6-875P,0.004491754689387619
RP11-149I2.4,0.0044913153557887215
RP4-604K5.3,0.004491206476566443
ENTPD8,0.004491163743105674
SLC6A10P,0.00448979970693969
RP11-293M10.6,0.004489708966589835
RP3-329E20.2,0.004489676939832868
SNORD116-2,0.0044891497382702665
RP11-177A2.5,0.0044891222454048335
CICP20,0.004488921187659889
CNTN4-AS1,0.004488675394596642
RP11-526A4.1,0.004487843949672946
CTD-3107M8.1,0.004487490862212673
RP11-294J22.7,0.004487468115607809
CTD-3179P9.1,0.004487222351039823
RP1-170O19.17,0.004487182537063034
AC004947.2,0.00448605344970242
AP001442.2,0.004485611583009197
RP1-58B11.1,0.004485276184315435
RP11-376P6.3,0.004485121622025782
RP11-66N11.7,0.004485064327220947
CRHR1,0.004485053982599736
MOGAT3,0.004485048175626525
RP11-148K1.10,0.004484849407862315
RP11-474G23.1,0.004484762625337766
LINC01423,0.0044847005295959
UFL1-AS1,0.004483331274307985
CTD-2091N23.1,0.004483191158988971
SLC2A3P2,0.00448318368232026
RP1-78B3.1,0.0044825298000719
RP11-711G10.1,0.004482471248405181
MIR4635,0.004482115821801194
RN7SKP275,0.004481985585442644
RP11-728F11.3,0.004481910740527385
RP11-95G17.2,0.0044817030066204525
RP11-818F20.4,0.004481689628331611
AC083900.1,0.004481590876862484
HOXB13,0.004481103038774523
RPS6KA6,0.004480245077227986
SLC10A4,0.004479457342745347
GBAS,0.0044793938707195155
RP11-501O2.5,0.0044780680830393054
RNU2-38P,0.00447741470927612
CLRN2,0.004477022720294198
GGTA2P,0.004476969538381724
RN7SL687P,0.0044749740746831855
LY6G6F,0.00447493798949796
CTD-2369P2.12,0.004474312934454716
KLF2P3,0.004473830651405534
RP11-117L5.3,0.004472991954098547
AC005162.5,0.004472085284551065
TTC21B-AS1,0.0044720026101002265
MYOZ2,0.004471798713739139
RP4-704D21.2,0.004471720483531864
SLC9A3,0.004471703429020261
MBLAC1,0.004471703260944787
ZNF646P1,0.004470862634600412
RP11-2C24.7,0.004470136768676903
RP11-185N2.1,0.004470018820147544
PRKAG2-AS1,0.004469395169207718
Y_RNA,0.004468996558290026
RP11-544L8__B.4,0.004468697100896495
RP11-798K23.4,0.004468344922793303
NDUFB4P6,0.004468262146078924
CH507-42P11.6,0.004467747806709733
GSG1L2,0.0044670617457676
Z84812.4,0.004466098361528168
RP11-120M18.5,0.0044651969881815525
ZMYM4-AS1,0.004464892225394055
TRAF6P1,0.004464825848809202
SNORA9,0.0044645883633546305
CTC-559E9.13,0.004463873350585382
BCRP6,0.004463854660495153
GLYATL2,0.004463577143104445
OR7E36P,0.004463249393782816
AC110754.3,0.004462835085157668
RP11-191A15.2,0.004462563893832308
TMPRSS11E,0.004462282540639584
RP11-93K22.1,0.004461359627394835
RP11-541M12.6,0.004461034031361894
RP11-152C17.1,0.004460988759959137
RP11-419C23.1,0.004460682164684144
RNA5SP473,0.004460529016288819
AC007285.7,0.0044601671006208364
AC015969.3,0.004459475913858723
CTC-550B14.6,0.0044588249528566964
RNU4-62P,0.004458494667754345
TAS2R15P,0.004458435001974384
BMS1P13,0.004457641630680988
SYP-AS1,0.004457369930812728
RNU6-1324P,0.004457029180968278
RP11-505E24.3,0.004456990331940652
CALML6,0.004456925759406794
RP11-252I14.1,0.004456832734091924
HIGD1AP3,0.0044565615136322725
CXCL3,0.004456517161964996
RP3-460G2.2,0.004456114602256098
RP11-565F19.3,0.004455786948895573
NYNRIN,0.004455612369583533
MTHFD2P6,0.004455417071165906
RP11-422N16.3,0.004455239989072592
RP5-1085F17.4,0.004454903141566682
VPS25P1,0.004454254922375194
RP11-203H2.2,0.004453811165094416
AC005606.14,0.004453801699783117
RP11-15B17.4,0.004453689959577659
NDUFS5P5,0.004453605164433781
RP11-513D5.5,0.004453356953410715
RP11-52J3.2,0.004453131997935625
SNORD116-1,0.004453082760062817
CASC17,0.0044529220288949106
AC007950.1,0.004452814691309287
RP11-91P24.3,0.004452364136315851
OR6L2P,0.004451783284946955
HRASLS,0.004451638337839687
SDCBP2P1,0.004451633693986808
TRBV9,0.004451271846481508
RN7SL390P,0.004451182751372073
RP11-1000B6.7,0.004451180261372218
LINC00893,0.00445117372473967
SULT1A4,0.004451057483074492
RP11-537I16.2,0.004450523188092164
AC096574.5,0.004450283178992965
RP11-589B3.7,0.004449703018948414
MIR187,0.004449450406542186
GGTLC3,0.004449074870484997
CTC-338M12.1,0.004448921788332274
RP11-25K21.6,0.004448919126587617
MAFG,0.004448177772411151
CTC-303L1.2,0.004447710986217908
NDUFA8P1,0.004447551321613697
RP11-345J13.1,0.004447482600782193
RBMS3-AS2,0.004447199642518599
RP11-484D2.4,0.00444692861077663
RP11-42O15.2,0.004446879405696223
LINC01197,0.004446558861848529
RP11-407B7.1,0.004446497886576226
RNU4-21P,0.0044464893374038614
RP4-803J11.2,0.004446289449956472
CTD-2330K9.3,0.0044457292142446245
AC005042.4,0.0044457201818345355
Y_RNA,0.004445371974627343
EPS15P1,0.004444318297984002
RP11-803P9.1,0.004444097918580549
RP11-536K7.5,0.004443906595381072
RP11-451H23.1,0.004443871618287427
CTD-2017F17.1,0.004443773713282307
LINC00639,0.004443695568892967
MIR4740,0.004443579997602379
RN7SKP239,0.004442762614643625
TRGV10,0.004442687537455315
LINC01088,0.0044426243784063775
RNU7-60P,0.004441958733198952
RP11-50B3.1,0.004440445433712935
HS3ST3A1,0.0044400381989860545
FBXO27,0.004439517528228661
RP11-895K13.2,0.0044393827484081475
RP1-283E3.4,0.004439341082197489
AC063976.2,0.004438975358402306
AC124861.1,0.0044389572451939
LINC00578,0.0044387739994315315
RP11-206L10.8,0.004438132491435498
RP11-285G1.9,0.004437669497672651
RP11-79M19.2,0.004437031219423853
TBCAP3,0.004436425010516041
CTD-2126E3.5,0.004436360308383331
CRYGS,0.004436277726307292
BMS1P4,0.004435716960435008
MTND5P12,0.004435646618915116
FABP9,0.004435251494163307
RP11-285A18.2,0.0044350863151521
RP5-1054A22.4,0.004434314099778942
MAPT-AS1,0.004433674912325703
GDI2P1,0.004433639921161442
RP5-1044H5.1,0.004433519509309787
RP11-374M1.9,0.004433085516734892
HIVEP2,0.004432807217783686
SNORA7B,0.0044328047689424725
CTD-2302E22.4,0.004432757284994931
KCNC4-AS1,0.004432261693623922
MIR1972-1,0.004431691225621621
CTD-2555K7.3,0.004431629591260026
CTD-2246P4.1,0.004431623225291215
SNORA22,0.004431330798284129
RP11-63E9.1,0.0044313018224877735
TPSG1,0.004430909322377158
CDCA4P2,0.004430903882368874
LINC00923,0.004430887307636143
CTC-295J13.3,0.004430266334366246
GDNF-AS1,0.004430198329770443
RP11-405M12.3,0.004430194996194186
LINC00642,0.004430003369504132
EEF1DP6,0.004429904868693891
INMT,0.004429841390552066
RP11-70F11.8,0.004429221736177591
RN7SL416P,0.004429172067063136
NPB,0.004429169704508545
F2RL2,0.004429060822720964
LINC00862,0.004428886059281128
GPR39,0.004428431811611651
SLC5A4P1,0.004428186369871502
RNU6-965P,0.004428100675335511
AC005730.2,0.0044280961561656345
CTD-2288O8.1,0.004427804228495126
RP3-402G11.27,0.004427769317968118
FCF1P8,0.004427746692925609
PPIL1P1,0.004427744948717986
CTB-55O6.10,0.004427488750595491
GAPDHP33,0.004426927217467401
MTND3P10,0.004426774338277753
AC011239.1,0.0044267724582795044
ANGPT4,0.004426766740266936
RP1-292B18.4,0.004426239333531521
CTD-2284J15.1,0.004425232309929651
SRMS,0.0044251673267291574
AC025918.2,0.004425032001780364
RP11-6O2.3,0.004424978639711598
RNA5SP25,0.00442460679095738
RNY1,0.004423961831755221
LINC00575,0.004423878079525638
AC020594.5,0.004423590120483577
RPL36AP10,0.004423529564058201
RP3-395M20.12,0.004423286385083839
RP13-20L14.1,0.0044229710157572336
AC037445.1,0.004422730280755958
RP11-861E21.1,0.0044219337799997855
LINC01258,0.004421736284066828
RP11-157H4.1,0.004421288588063084
Metazoa_SRP,0.004420827546998438
DEFA5,0.004420778663515274
LINC00901,0.004420114635439647
AC087651.2,0.004419977704146298
SHC3,0.004419946364635579
RP11-365O16.3,0.004419846558961937
C2orf91,0.004419616076134777
CTD-2134A5.3,0.00441956811480579
RP11-80I15.4,0.004419416182451821
RP11-255H23.2,0.004418611328642076
CYB561D2,0.004418033540128037
RP11-449D8.1,0.004417663556126009
AC105402.4,0.004417591593899177
AC009264.1,0.004417528390993428
RSPH6A,0.00441752550620928
HAND1,0.004417418997700923
RP11-330H6.6,0.004416735150152567
RP11-331F4.4,0.004415534638039413
SYPL2,0.004414822379302452
B3GAT2,0.0044147926533934945
RN7SL568P,0.00441474595465291
CTD-2281E23.1,0.004414551880998959
RP11-392O1.4,0.004413900999919693
RP11-92C4.6,0.004413570179599057
NDUFB1P2,0.004413341980229531
SGMS1-AS1,0.004413223462908709
LINC01109,0.0044125828434056266
CTD-2140B24.6,0.004412251528980153
YWHAEP7,0.004412153805655055
HCG23,0.0044120821886997315
RP11-326K13.2,0.004412043480605259
AE000661.50,0.004412031769043678
RP11-291B21.2,0.004411909115328608
RN7SL510P,0.004411302337455908
RP3-477M7.5,0.004410906682451859
UG0898H09,0.004410455724465186
RP4-584D14.6,0.004410221640246764
RP11-463I20.3,0.00441014065978505
RP11-121G22.3,0.004409470759765528
MARK3P3,0.0044093084225076485
HS6ST1P1,0.004409101296960527
RP11-787D11.1,0.004408003525220156
AC009967.3,0.004407930778309087
EPCAM,0.00440747431674867
PGPEP1L,0.004407341866371288
TUBA3GP,0.004407293624143293
AP000997.2,0.004406635300628353
RNA5SP123,0.004406526587712098
RP11-503P10.1,0.004406434057841603
ALG1L11P,0.004406408444822018
RP11-156E8.1,0.004405987062487496
RP5-1021I20.2,0.004405939104903315
CYCSP52,0.004405767316274566
WDR88,0.004405460549229474
C1orf195,0.004405281838918168
RP11-318A15.8,0.0044052258180263615
HSPA8P15,0.004405053569634289
KB-68A7.2,0.004405048089354105
RP11-40A13.1,0.004404859394425258
RP11-553L6.2,0.004404564930601292
RP11-582J16.4,0.004404468024869809
SNORD116-16,0.004404083017679397
RP11-305O6.4,0.004403550224915449
RP11-169E6.4,0.004403380056569348
RP11-883A18.3,0.004403212189363658
RPS12P20,0.004402991406203569
MYBPH,0.004402947468941363
HOXA11-AS,0.004402878416078807
MB21D2,0.0044027659964511546
RP4-790G17.7,0.0044027479364290405
RP11-57A19.4,0.0044024940084317074
RP11-387D10.4,0.004401840612696736
RP11-304F15.4,0.004401556389891171
CILP,0.004401476739437378
NPBWR2,0.004400907346000862
PRELID3BP7,0.004399676787047311
LONRF2P1,0.0043996140349818105
FRGCA,0.004399365209028283
AP001476.2,0.004399283702371414
RN7SL526P,0.004399137667077721
OSTF1P1,0.004399108710009973
OVOL1-AS1,0.004398753208571716
RP11-441M10.1,0.004398290681697112
AC011742.5,0.004398197577878494
AC099668.5,0.00439816694061519
FAM167A-AS1,0.004398163600382993
PRRT4,0.004398066921303675
PWP2,0.0043978431445888455
RP11-400F19.18,0.004397658305102161
AP000648.5,0.004397435840319528
MIR5587,0.004397067270437335
LINC01254,0.004396987555162174
RP11-462G12.1,0.004396277350437334
RPS3AP38,0.0043956738234627825
RP11-245P10.6,0.004395484008426514
PTENP1,0.0043946354567521405
LINC00163,0.004394512534709717
IGFL4,0.004394459595016382
CTF2P,0.0043937263091422575
RPS15AP18,0.0043937040387341895
RNU6-1257P,0.00439311571164858
RP11-235C23.6,0.004392870703685606
MXRA5Y,0.0043928567616500205
RP11-118E18.4,0.004392830997620994
GAS6-AS2,0.004392615423507339
AE000662.92,0.004392457020663558
GDF10,0.004391294885578172
APCDD1L-AS1,0.004390896217638766
RNU6-519P,0.004390759811729337
RP11-5N11.1,0.004390383599049327
MIR744,0.004389406460777962
HSFX2,0.004388721850992952
RN7SL25P,0.0043880460904584416
HNRNPA1P68,0.004387808878279389
RP11-1H8.1,0.004387774894290208
TCEB1P18,0.004387723242501797
LINC01219,0.004387233074850778
AC093702.1,0.004386746733028572
RN7SL239P,0.004386637939420317
RP11-349A22.3,0.004386241408904438
HIST1H2BB,0.00438553385747926
FLJ38576,0.004385186100597561
RP11-344P13.3,0.004385075002327247
RN7SL587P,0.004384871193610036
AJ003147.9,0.004383857192943834
GPR158,0.004383601527030116
CENPVL3,0.004383568802556342
Y_RNA,0.004383398307586877
RP11-158L12.4,0.004383084139179568
RP11-375N15.2,0.004382808308477634
SLC35G6,0.004382735735803468
RN7SL189P,0.004382673127189791
RP1-137H15.2,0.004382093462482358
NOXA1,0.004381784470246194
RP11-607P23.1,0.0043811742744188096
C6orf132,0.004380689005821035
7SK,0.004380142252662522
AC073316.1,0.0043800728934278105
RP11-227G15.11,0.00437948582653122
MIR1273F,0.004379369840067559
RP11-452K20.1,0.004379244742891068
RP11-578F21.2,0.004378141025006063
MIR4715,0.0043778456760566655
RP11-83A24.1,0.004377667865043607
RP3-525N10.2,0.004377550955231036
LIF,0.0043771373795671335
RP11-266L9.1,0.004376408889270728
CTD-2534I21.8,0.004375849589361687
RP11-53B2.4,0.004375584021484505
HIST2H3C,0.004375400282179508
RP11-93O14.2,0.004375247875257077
RP11-634B22.4,0.0043752417690441844
RP3-404F18.5,0.004374828198587229
MAMDC2,0.004374763572386374
CTD-2357A8.3,0.0043740162377594
RP11-235E17.2,0.004373903077085958
RNF212B,0.0043731310138133755
RP1-117B12.4,0.004373046441528912
RP11-822E23.8,0.004372283732974061
LINC01394,0.0043720412655791005
TERC,0.00437166988705558
SOX30,0.004370529809065812
CTC-260F20.3,0.004369952808650678
RP5-1119A7.11,0.0043697746794317096
RP13-685P2.7,0.00436796437345683
OSR1,0.004367765496899382
RPL5P7,0.004367679107922878
RP11-527L4.9,0.004367121795545862
RP11-639B1.1,0.00436694184495705
PDZRN3-AS1,0.004366581939717092
TBC1D29,0.004365816093322754
FCF1P5,0.004365737642270934
SCNN1G,0.004365437949329623
AP000253.1,0.004365434826355879
AP000350.10,0.004365356235896642
GCSHP4,0.004364702591821719
RP11-1082L8.3,0.004364452030624089
RP11-638F5.2,0.004364225348628271
RP11-456J20.1,0.0043633756425576035
ARSDP1,0.004363365853461291
CHCHD2P7,0.004363135650256937
AC015923.1,0.004362682052072258
CTD-2547L16.3,0.004362025983097494
RP1-66N13.4,0.004361489678645756
C17orf47,0.004361054576037525
CTB-40H15.4,0.004360935225262689
FOCAD-AS1,0.004360933583578164
RP11-574O7.1,0.004360529126317862
AC079776.3,0.004360208841824851
RNU6-1084P,0.004360204493967748
RP11-388C12.1,0.004360180994376308
RNU6-888P,0.004360077105904436
RP11-640L9.2,0.004359694356984028
AC004543.2,0.004359165068650238
VEGFC,0.00435914251151728
RP11-462G2.2,0.004359127059852982
RP11-544A12.8,0.0043585093535303794
EDDM3A,0.004358343753673077
RP11-297N6.4,0.004358183028258899
RP11-252K23.1,0.004357798908783286
GRM7-AS3,0.0043570504912352195
RP5-1042K10.10,0.00435645284568134
RP1-137K24.1,0.004356174460141799
MTCO1P18,0.004355816137976038
RP11-108M9.3,0.0043548937490172695
AC114730.5,0.0043545177919905075
XXbac-BPG154L12.5,0.00435393120394329
FAS-AS1,0.004353813135087981
RP11-395N6.4,0.004353640540584444
RP11-567F11.2,0.004353132430612317
CTD-2270P14.5,0.00435273906795177
MIR3911,0.004352605232640511
AC007278.3,0.004352391970119408
AC024592.9,0.004352060431333084
ASS1P1,0.004351703039510421
TEX43,0.004350627983989293
HMGB3P31,0.004350220461585756
AC007193.10,0.004350208219939904
LA16c-444G7.2,0.004350026868784899
SAGE1,0.004349971241674316
LINC01422,0.004349681615695871
RP4-771M4.3,0.004349542080449735
RP11-307C12.13,0.004349394770175485
MIR6087,0.004348944202916266
RP11-39H3.1,0.00434866913656581
MEIKIN,0.004348571433809293
CTA-520D8.2,0.004346749194886044
TFAMP1,0.0043465937288719725
CTD-3193K9.4,0.00434630733481147
RP1-232P20.1,0.00434620539805478
SNORA22,0.004345707220344421
RP11-5N19.3,0.004345557064924603
RP11-514P8.8,0.004345016874134268
C10orf126,0.0043446623294717
RP11-16C1.2,0.00434427644054956
CMB9-55F22.1,0.0043430016018397325
L34079.3,0.004342892474076453
Y_RNA,0.004342795731551101
GLUD1P3,0.004342269128300799
RP11-68I3.11,0.004342229272174631
AC008834.2,0.004342215477022345
SDR42E1,0.004341601783314148
PTX3,0.004341407042380238
TMEM82,0.004341155312928467
SNORD114-13,0.004340962708041042
UBE2E2-AS1,0.004340891318473043
COLCA1,0.004340507648779783
RP11-665C16.5,0.0043404418711345425
CACNA1S,0.004340437828767483
C15orf62,0.004340044516364458
RP11-266K22.2,0.004339840940521984
CTB-186G2.1,0.004339577431560842
CTD-2514K5.4,0.004339388932749329
PKNOX2-AS1,0.004339263248634863
CTD-2503O16.4,0.0043389986188833605
RP11-535M15.2,0.0043387235847536215
TRDC,0.004338596461645898
CTD-2006K23.1,0.0043385785994528
RP11-489D6.2,0.0043383042179820286
MIR4488,0.004338241437065418
NIPA2P4,0.004337887903407417
GALR3,0.0043377982833615915
RP1-85F18.6,0.00433778747210374
CTD-2195M18.2,0.004337786914156289
RP11-629N8.3,0.004337671287779371
MTCO2P27,0.004337521771725339
RP11-100M12.2,0.004336948640607843
AC012074.2,0.004336745283043388
LINC00868,0.004336478645132454
Y_RNA,0.004336243488306156
LINC01257,0.004336207143060349
SLC14A2-AS1,0.004335981149714543
RNA5SP440,0.004335944988564698
RP11-697E14.2,0.004335753252779422
RP11-107C10.1,0.00433521362857029
RP11-757A13.1,0.00433422335257182
RBBP8NL,0.004333930140262365
RAD1P2,0.004333918627838632
IPO13,0.0043337261413367335
AGAP2-AS1,0.004333381872621956
SERTAD4-AS1,0.004333174641835976
RP4-671O14.7,0.004333091985983097
RP11-432J24.5,0.004333045904274715
RP11-533K11.1,0.0043327880909931815
DISP3,0.00433238922961978
RP11-432I13.5,0.004332371559019406
KRT8P43,0.004331845292304835
NPAP1,0.004331809767355047
RP11-700N1.1,0.004331741147052378
ZNF280A,0.0043315726277946675
RP11-473O4.5,0.004331527939388422
RP11-478C6.2,0.0043313745320363905
LINC01505,0.004330664794307774
RP11-31F19.1,0.004330539778734161
RP11-333J10.2,0.004329949608416442
AC104131.1,0.004329752839402165
RN7SL404P,0.004329594917120368
RP11-53M11.5,0.004329367482295942
CTSLP2,0.004329061344849335
RP11-650J17.2,0.004328900007224011
AC053503.6,0.004328360653702823
RP11-57C13.6,0.004328277208243486
CATIP,0.004327482399926433
SNX18P2,0.004327070755873278
BMPR1B-AS1,0.004326764478483711
RP11-383B4.4,0.004326707053112485
HCRTR2,0.004326550872031512
RIPPLY3,0.004325616493385282
RP5-955M13.4,0.004325458535935501
OR7E94P,0.004325212418693099
RP11-630A13.4,0.0043249984969024715
MIR7848,0.0043249962790670865
RP11-662B19.2,0.004324877483120831
RNU6-1238P,0.004324800141417093
RP11-756H6.1,0.004324783063684188
RP5-1125A11.4,0.004324743623310875
RP11-807H22.6,0.004324038208858305
AC005355.1,0.0043238676278534015
RP4-725G10.4,0.004323777993755721
GOLGA8M,0.0043232811409837915
XXbac-BPG181B23.6,0.00432307639895388
RNU6-319P,0.004322583432650313
SERPINB10,0.004321933330528841
RP11-99A14.1,0.004321271822912073
CTD-2034I21.1,0.004320447815852898
RP11-672A2.4,0.004320156208740559
C1orf210,0.004320149565850849
RP11-375N15.1,0.004319738902430453
RPL23AP33,0.004318551524840981
AC104978.1,0.004318072968960232
RP11-506H20.1,0.004317968915672789
LANCL2,0.0043178808985464235
RP11-188C12.2,0.004317776172424165
RNU6-1104P,0.004317690540505417
TRPV1,0.0043175913356415145
LYPD3,0.004317308134693697
TRBJ2-2P,0.004316814640648245
RP11-500M8.4,0.004316741144365769
FTH1P22,0.004316640005847659
ASTN2-AS1,0.004316363188191674
MTND4LP1,0.004316296831726927
DNM3-IT1,0.004316210856894261
RP13-895J2.3,0.004316098427318589
MTND5P16,0.004316075436819883
RP11-1275H24.1,0.004315507302754955
RP11-127I20.7,0.004315253081343138
TCEB1P32,0.0043149853220986615
AC007563.1,0.004314884892729758
RP5-862P8.3,0.004314425181339495
RP5-1178H5.2,0.004314257661891444
NCEH1,0.004313699052830194
RNU6-101P,0.004313687848030895
MIR6881,0.0043135732554454125
CLEC19A,0.004313262429531068
RP11-473O4.3,0.004313169308226894
TRAC,0.00431313148914437
YWHAZP5,0.004312726451540651
RP5-1056H1.2,0.004312070022333872
SEMA3B-AS1,0.004311667723243678
RP11-338K17.6,0.00431164763552334
Z83001.1,0.004311382352470031
MIR3200,0.00431108577989634
ARAP1-AS2,0.004310949429197427
AC104534.3,0.004310845650092283
SIGLEC18P,0.004310577722193355
TCEB1P29,0.004310351302166775
RP11-54O7.1,0.00430914681779612
AC006116.19,0.004309048473362414
AP000892.4,0.004308610530656952
C10orf105,0.004308406192748628
RP11-686G23.2,0.004308312045987002
RP11-708L7.7,0.00430829258488316
RP11-482E14.1,0.0043082887179693875
ELF5,0.004306879050556449
LDLRAD4-AS1,0.004306838510624299
RP13-726E6.2,0.004306329831487923
SNORD116-6,0.0043061615973270595
RP11-429K17.1,0.004306020325578474
RP11-693J15.6,0.004305740388774497
SNORA2A,0.004305705538437681
RP11-401P9.7,0.004305536908375118
AC106883.1,0.00430525473633876
AC073257.2,0.004304454022574174
CH17-302M23.1,0.004304363218110686
RP11-620J15.3,0.004304251543327672
CRTAM,0.004304203862838948
AC092162.1,0.004303662655263636
LINC00483,0.004303644043244769
RP11-34F13.3,0.0043020962844167315
RP11-568G11.4,0.004301906221016832
RP11-35P15.1,0.004301597077138744
COTL1P1,0.0043011165489948745
HMGB3P7,0.004301028258315187
KDM4E,0.004300977106681033
LINC01558,0.004300257079170792
CTD-2554C21.2,0.004299917211922685
CES1P1,0.004299641189065836
GOLGA8S,0.0042993897266252745
AP000679.2,0.00429905919465963
GCNT1P3,0.0042985902844698606
RP11-426C22.5,0.0042982372660549965
RNU6-1340P,0.004297481015330351
RPL7AP71,0.004297014869035203
FABP5P6,0.004296360659082307
ISY1-RAB43,0.004295718169203641
RP11-1099M24.8,0.00429561844651665
RNF224,0.0042954380495692415
LINC00545,0.004295191515178064
RP11-130C19.3,0.00429500281708381
ONECUT2,0.0042949198868946535
KBTBD11-OT1,0.0042948619308120824
RNU6-1289P,0.004294641844720228
C2orf83,0.004294621832918915
C7orf33,0.004293804647418876
RP11-152H18.4,0.004293766026949167
RNU7-75P,0.0042934894998330414
RP11-532F6.4,0.004293298877628916
PTCSC3,0.004293229797203732
LARS2-AS1,0.00429298556149478
CTD-3193O13.8,0.004292866790121127
RP11-36I17.2,0.004292723700007916
RBMS3-AS3,0.004292665909003661
XXbac-B476C20.13,0.004292242325770657
AC012314.20,0.00429189340296729
FBXO47,0.004291606364771164
NDUFA4L2,0.004291602366956388
FAR2P2,0.0042915881997392345
TRIM60P19,0.004290488139958367
HNRNPA1P52,0.004290026596437652
RXFP2,0.004289651799357975
RP11-115J23.1,0.004289438395959164
RP11-43F13.3,0.004289303116118519
RNY1P16,0.004288627201158307
RP4-595K12.2,0.0042883242660629395
RP11-432M8.16,0.004288030287359169
RN7SL566P,0.004287908281291933
AC007389.3,0.004287784594305917
MRAP2,0.004287709947981336
TRBV5-1,0.004287222338239759
AC009110.1,0.004287203709531503
RP11-643A5.3,0.004286604645631073
RP5-1033E15.3,0.00428617407121824
HLA-DPA3,0.0042861309412007805
RPL13P4,0.00428604206231286
TRBV6-7,0.004285740526322568
LY6G6D,0.004285559204490628
RNU6-917P,0.004285441751307583
RN7SL446P,0.004284646901754336
GALNT5,0.004284501045411386
CDH17,0.00428433254557174
ZEB2P1,0.004284087182615571
RP1-292L20.3,0.004283920466821839
RP11-157J24.2,0.004283590302649862
KRT18P40,0.0042832572870504316
RP11-261C10.5,0.004283180082877209
Y_RNA,0.00428293293180646
RNU2-5P,0.004282706794020805
RP11-50C13.2,0.004282065730510949
LINC00106,0.0042820089818489705
RP11-479A21.1,0.004281300524440874
PIK3CD-AS2,0.00428076531636687
RNY1P13,0.004280677971390019
AC012462.1,0.0042805310202059105
RP1-80N2.3,0.004280409306146704
RP11-554D14.7,0.004280379057113108
RP11-382D8.5,0.004280105054950137
RP11-34P13.15,0.00428008500264589
RP11-124O11.1,0.004280050920466072
CTD-2196P11.2,0.0042799398629240195
DUSP8P3,0.00427992293189126
LINC01054,0.004279846247976351
WRBP1,0.004279728271962615
RN7SL265P,0.004279723045686548
GPAT2P1,0.004279598696391606
RNF225,0.004279480298093054
MIR6820,0.00427873839687762
MIR3186,0.004278480091119256
NLGN4Y-AS1,0.0042784402048173025
KRT8P31,0.004278262250206833
ZCCHC2,0.004278156925526276
C1DP1,0.00427787662855336
RN7SL660P,0.0042778646039772494
SNRPEP4,0.004277780129546017
SLITRK1,0.0042776975598438445
KRTAP5-9,0.004277521334714696
CCND2-AS2,0.0042769662462696905
RP11-259G18.1,0.004276200131125746
SCUBE3,0.004275111264526387
SBF1P1,0.004274882140342537
RP5-1121E10.2,0.004274427355743412
TNFSF15,0.004273814514471507
RP11-62F24.2,0.004273573552585454
SNORA68,0.00427307217193112
AP001471.1,0.004273065885149181
EIF4EBP1P1,0.004272409639296415
BRWD1P2,0.004272095924698508
RP11-504P24.3,0.004271841656055077
PHLDA2,0.0042717269543416005
SPDYE17,0.004271691077523922
RP11-70L8.4,0.0042709975573592875
RP11-2B6.2,0.0042704997084656495
Y_RNA,0.004270136888998488
ANKRD30BP3,0.004270003218797342
RP11-620J15.4,0.004269554549175445
RP11-687M24.7,0.004269314635685392
RP11-1J4.1,0.004269035056438427
DUX4L46,0.004269034597490969
RP11-92A5.2,0.0042690072002986995
RP3-406A7.3,0.004268827180065509
RP4-737E23.5,0.004268389138840104
RP11-339F13.2,0.004267248550284162
HMGA1P6,0.004266946100852226
RP11-162P23.2,0.004266872272206198
LINC00941,0.0042668294740704615
AL157871.2,0.004266493069874821
RPL35AP25,0.00426644138964593
CTD-2313F11.1,0.004265984506835649
TMEM246-AS1,0.004265886572123166
RP11-327J17.7,0.004265870431141035
RPS2P41,0.004265251624504337
AC011247.3,0.004265026511906039
CTD-2521M24.11,0.004264953254738438
NCMAP,0.004264652012667233
RNU6-689P,0.0042645927655697476
GAL,0.0042644494525853295
NUDT11,0.004264406133180339
ATP6V1A,0.004264360134315477
RNU5E-4P,0.00426373432494851
MIA-RAB4B,0.004263462528682778
RP11-539I5.1,0.004263281877885883
IFNL3,0.004262701473740641
CTB-35F21.1,0.004262567289797333
RP11-1376P16.1,0.004262033535515432
RP4-718N17.2,0.004261738633724598
RP11-130F10.1,0.004261634935476852
CTD-2349P21.5,0.004261254549132749
AC006019.3,0.004261057440976333
RP11-298E2.2,0.004260682719765449
AP000343.2,0.004260664522038155
LINC01022,0.004260429854929853
RP11-314P15.2,0.004260377788590483
Y_RNA,0.004260118439016435
PTX4,0.004259252645470857
CICP17,0.004258635905753692
RNA5SP507,0.0042584589883070765
SRY,0.004258298321232716
AC067945.4,0.004258271219005136
RNA5SP494,0.004258153703051356
RN7SL128P,0.004258046782945104
RP11-524F11.3,0.004257484608643918
CTD-3105H18.7,0.004256880239667909
RP11-20I23.6,0.004256052816375126
OR7E59P,0.004256041986212015
XXbac-BPG32J3.19,0.004255650257544133
RP11-1167A19.2,0.004255460700981658
SPDYE19P,0.004255318406896803
MIR1273D,0.004254574897331331
RP11-930O11.1,0.004254022273393143
Metazoa_SRP,0.004253975756282371
RP11-20B24.6,0.004253932217078647
GS1-542M4.3,0.004253176668181754
LINC00562,0.0042528579709312135
ZYG11A,0.004252511211248686
LRRC9,0.004252496886931649
CTB-17P3.4,0.004252173723765857
RP11-1166P10.1,0.004252163361278501
RNU6ATAC26P,0.004251917925638873
RP11-77K12.1,0.004251297944102756
RP11-10L7.1,0.004250787099828944
SNORD12C,0.004250596157388918
NUP210L,0.0042503866011116345
RP11-788A1.1,0.00425023898833834
ZNF725P,0.004249863982903783
SLC6A11,0.0042489160476863385
RP11-64C12.5,0.004248823098005267
RP11-271F18.1,0.0042486128419763685
ZIM3,0.004248095172475054
RP13-30A9.2,0.00424801947892247
RNA5SP370,0.004247556228248167
RP11-172C16.4,0.0042472107900236415
CASP16P,0.004246739515319035
ADIPOR1P2,0.0042467221602134515
OR13C4,0.004246219894709484
AC019109.1,0.004245272359690983
RP11-345E19.2,0.004245169910455656
NPM1P36,0.004245087230825124
RP5-872K7.7,0.0042450528665277185
CRIM1,0.004244682833048434
RP11-754B17.1,0.004244185676990758
RP11-120K24.3,0.004243595801795742
Y_RNA,0.004243499173294698
CTD-2135J3.3,0.004243492270484328
TCEAL3-AS1,0.004243309152813566
RP11-368P15.2,0.0042430494847698385
RP11-681L4.1,0.00424228788914655
MC5R,0.004240911104117289
RP11-191H23.1,0.004240736364790471
CTD-2506J14.1,0.00424045039761283
SCGB3A1,0.004240169041046284
RP11-452H21.2,0.00423991317847509
AC073628.1,0.004239711116409797
AGAP7P,0.0042395202353312155
MIR6753,0.00423812402988189
PLA2G4E-AS1,0.0042379758453859615
NPR1,0.0042374594643971525
BBS7,0.004237306647191576
AF038458.5,0.004236147935451281
CTD-2623N2.5,0.004235884698225729
SNORD18,0.004235473738997965
CTD-2223O18.1,0.00423486680810968
RP13-616I3.1,0.004234624498786556
RP11-52L5.6,0.004234175589178661
C1orf189,0.004233908112522711
RAET1G,0.004233191226767333
SNORD114-1,0.004232880523760827
RP11-118M12.2,0.004232477578529067
AP000962.2,0.00423199306944232
OR9M1P,0.004231660332378441
HDAC11-AS1,0.0042315541436472185
RP3-425C14.6,0.004231214591739256
BARX1-AS1,0.0042308631549463705
RP11-35G22.1,0.004230761401234897
RP11-697E22.2,0.004230729042517988
RP4-621B10.8,0.00423067054298516
SNORA62,0.004230647388181359
RP13-444H2.1,0.004230465081421422
IL13,0.004230446534100578
RP11-310I24.1,0.0042303708376636405
RN7SL5P,0.004230262335097512
TBC1D3K,0.004230080296473525
EI24P1,0.004229730366002787
RNU4-22P,0.004228922165602948
VDAC2P1,0.004228660852297822
RP3-418A9.3,0.004227951222447417
AC064834.2,0.004226909748383822
VGLL3,0.004226242647830509
HIST1H2BPS2,0.004226067983168746
RP11-300M24.1,0.004226020761914746
RNA5SP345,0.004225748636343992
C2orf27B,0.004225241451453826
ZNF385D-AS1,0.004225193576802325
CTB-176F20.3,0.0042249639138316215
MYOM2,0.0042243842306284255
RP11-480G7.2,0.004224265996600179
SNORD15A,0.004224227010592626
RP1-76B20.11,0.004224154145592638
RP1-71H19.2,0.0042241508176733
SNORD113,0.004223876828834436
TNFRSF17,0.004222753492233716
RP13-204A15.5,0.004222680675984436
RP11-466A19.7,0.0042225555137519214
MTRNR2L13,0.004222529357115735
NMRAL2P,0.004221836814087589
RP11-46H11.3,0.004221774995377593
RPL21P89,0.004221745338041897
AMIGO1,0.004221662145410933
DACH1,0.004221527096815588
RP11-320N21.2,0.004221306246973768
AC012360.6,0.004220857497964822
ANTXRLP1,0.004220836505779616
TTC9B,0.004220308247847723
USP17L2,0.004219777714844533
RP11-787D18.2,0.004219306902459502
HCP5B,0.004218618799289203
HNRNPMP1,0.004218298934643385
AC006262.10,0.004217975222645024
FAM58BP,0.004217970179899624
MIR9-3HG,0.00421722577261774
TBX4,0.004216587827980937
TUB-AS1,0.004216428665390032
RP11-236J17.7,0.004215772499319604
AC098824.6,0.004215473073425894
ANGPTL3,0.004214852027536703
WI2-85898F10.1,0.004214792107902059
AC046143.3,0.004214692780704139
RP4-797C5.2,0.004214488851037227
Y_RNA,0.004214244466967388
WI2-8325B5.1,0.0042140613645679946
RP11-243J16.8,0.004213982631121437
RP11-217B7.3,0.004213161276762579
AC015971.2,0.004213108199096856
RP11-340I6.5,0.004212567591092048
RP5-857K21.15,0.004212280716911121
CKS1BP1,0.004211299721414534
RNU1-36P,0.004211195299427952
CTC-444N24.7,0.004211151586654486
MIR8080,0.004210255397055025
AC009518.4,0.004210041356756542
SDC1,0.004210029984219146
PWRN2,0.004209930433690812
RP11-153I24.4,0.0042097798548381285
RP11-495P10.5,0.004209263698170665
RP11-540K16.2,0.00420918487903819
RP11-476D10.1,0.004208513945435276
TCTE3,0.004208321712313897
AC006461.2,0.004207992237092845
SPESP1,0.0042079786601149395
CHMP4C,0.004207620569912724
RP11-680G24.7,0.004207577382646101
snoU13,0.00420744945353323
GPRC6A,0.004206319959629765
RP11-143I21.1,0.004206287793921518
CTD-2033D15.2,0.0042060824016175915
RNU6-1096P,0.004204915398862605
SALRNA3,0.004204726898930525
CTD-2621I17.3,0.004204332790005516
HUNK-AS1,0.004204269528720624
RP4-549F15.1,0.004204220429348516
HIST1H2APS5,0.0042036665932685836
RP11-497G19.1,0.004203539773269673
RP11-234B24.5,0.004203443626918102
RP11-822E23.2,0.0042030401047054924
RP11-366L20.3,0.0042030395967426895
LINC01284,0.004202736873050038
RP11-124B13.1,0.004202545920396196
CCR8,0.004202340792789189
COL5A1-AS1,0.004202158608857754
AE000661.37,0.00420174390743056
RP11-69G7.1,0.004201440784682547
LA16c-395F10.1,0.004201428237442075
RP11-100L22.1,0.004201364925008871
RP11-208N14.4,0.004201118576797128
ATP13A5,0.004201063031702225
RNA5SP323,0.00420095136649695
RNU1-88P,0.0042007330999543095
OTC,0.00419969881448283
FAM41C,0.004199211109243926
TCEAL5,0.00419883515080431
RNA5SP468,0.004198736909999931
SNORD93,0.004197946974533421
PIK3CB,0.004197919879104554
RP11-399E6.4,0.004197508357590175
AC109829.1,0.004196770685741274
SIDT1,0.004196336470161076
KRTAP17-1,0.004196155305892565
RNU6-571P,0.004194805406988426
RP11-512N4.2,0.004194651430849401
AC008810.1,0.004192463292278134
RP11-797D24.3,0.004192449152083175
MIR222HG,0.004191773327692912
NDUFB10P2,0.004191751245769418
HMSD,0.004191677636336856
RP11-867G23.1,0.004191664186298835
CHIAP3,0.004191431639814419
RP11-630C16.2,0.004190760846730186
PPAN-P2RY11,0.004190693623694784
RP1-140K8.5,0.004189639663203219
RP11-18H21.1,0.004189534659492268
ITPKB-AS1,0.004189419484266919
RP11-81F13.2,0.004188163855335267
IGKV2-18,0.004187978271940576
RPL7P49,0.00418794027906569
SCARNA2,0.004187906080865488
MIR488,0.004187225168754705
RP11-883G14.1,0.0041870962749276635
RP11-855O10.2,0.004186925677991163
LINC01229,0.004185791898412019
CYP2D8P,0.004185669311838979
PTGES3P2,0.004185027379342293
PSPC1P1,0.004184990000679554
RN7SL774P,0.0041847302580904425
RP11-278I4.1,0.004184628713182467
LINC01136,0.004183836333556643
LINC00402,0.0041837707289222835
NRIR,0.004183597373482905
EIF4EBP2P2,0.004183379116419775
bP-2189O9.3,0.004182560147239537
AC004448.5,0.004182379187428916
RP11-203E8.1,0.004182086176073372
RP11-197K3.1,0.004181802524438248
CTD-2528A14.3,0.004181547167593347
MAGI2-AS2,0.004180501009187334
CTD-3193O13.12,0.00418004065119537
RP11-282K24.3,0.004179903134331036
TOB1-AS1,0.004179287095082236
LINC00671,0.004179159877213641
RP11-425D17.2,0.0041790638639356715
RP6-102O10.1,0.004178557989366807
GAPDHP35,0.0041784736177298614
RNA5SP268,0.0041775473060176
RP11-933H2.4,0.004177207753046594
CFD,0.004177130211062125
LRRC38,0.004177102709691777
ZBED6,0.0041770784661455855
CYP3A52P,0.004176653913781082
MIR3657,0.004176121783723935
RP11-167N4.5,0.0041750250757542256
AC073150.6,0.004174590754353855
FTLP12,0.004174586157221142
GH1,0.004173806259621967
TRBV4-2,0.004173630681176526
PRKCDBP,0.004173599861570119
AC002543.2,0.0041733916516737786
AC012531.25,0.004173055557589187
CTD-2014B16.3,0.0041724084075987836
AC079325.6,0.00417157753140057
RP11-15K19.2,0.004170537810428844
TSSC2,0.0041701657118690515
PTK6,0.0041701468558395976
RP4-673D20.5,0.004169273265936685
RP11-141A19.1,0.004168837563131036
ALG13-AS1,0.004168372038258577
MIR6813,0.004168281958511177
HP09025,0.0041681011044781
CTB-35F21.5,0.004167225839878625
IP6K3,0.004166528924846224
CTD-2315E11.1,0.004166150442980887
RP11-379B18.6,0.0041661297409659355
RP11-588G21.1,0.004166002079484555
SERPINA12,0.004165430407453803
PSMC1P8,0.004165400902281522
HSPA12B,0.004165285302043787
AC116366.5,0.004165159130697484
RAB11AP1,0.004165092736824917
RP11-362L22.1,0.004164847178696533
RP1-80N2.4,0.004164772152667354
RP11-437L7.1,0.004164532574526456
POU1F1,0.004164352637581952
CD40LG,0.004164141731079423
OR2B7P,0.004164033276446179
LINC01277,0.004163150908624475
RP11-672A2.5,0.004163114849429775
TET2-AS1,0.004163076122995032
TMA16P1,0.004161916221648524
LILRP1,0.004161595971532602
RP11-227G15.12,0.004161313482242802
CCNI2,0.004161173916085203
CTC-459M5.2,0.00416069196728197
MIR6730,0.004160596988352667
MIR3178,0.004160586130323953
MIR3154,0.0041605179605492095
LINC01508,0.004159991668073443
SLC20A1,0.004159904572440055
AC159540.2,0.004159617308248889
CTC-501O10.1,0.0041588442968997375
RP11-80P20.3,0.004158756483049567
Metazoa_SRP,0.004158270761376061
RNA5SP246,0.004158232107714663
RNU1-91P,0.0041581389119710165
RP11-129O7.2,0.004158123150046366
RP3-425C14.4,0.004158065426743512
RP1-140J1.1,0.0041576414001540645
DGAT2L7P,0.004157439391479459
AC012358.4,0.004156556114334376
CTD-3214H19.4,0.004156471803959531
IGHV1-68,0.004156395920273771
RP11-161H23.8,0.004156103066910816
RP11-196H14.4,0.004155660099704858
LINC01497,0.004155550897255085
RP13-465B17.5,0.00415534250628035
AC068831.17,0.004155152934541883
RPL7P43,0.004154924112913452
RP11-340L3.1,0.0041547806724591034
AGGF1P1,0.0041545101872752935
PDZK1P1,0.004154505476821152
RP1-148H17.1,0.004154471026008536
SIN3B,0.004153671946427255
ZSCAN1,0.0041534669944527985
AC092620.3,0.004153446969002497
RP11-373E16.3,0.004153357474422972
RP11-20I20.4,0.004153298283403136
GPAA1P2,0.00415290101553488
OR7G2,0.004152677075387399
HOXB6,0.004152510978111909
CTA-246H3.11,0.00415242902724728
ESPNP,0.004152363444763617
RP11-114H24.2,0.004151998192653908
RP1-180M12.1,0.004151946531698802
AC005013.5,0.004151908298892478
XXbac-B33L19.15,0.004151514908633185
AC010504.2,0.004151047995127636
CLEC4D,0.004150321108680374
RP11-284H19.1,0.004150283006923017
DDIT3,0.004150100405272306
RP4-682C21.5,0.0041500547714078476
LSM11,0.004149806225854911
LINC01198,0.004149312766726787
CCT4P1,0.004149058081730945
RP11-100N20.1,0.004148700091182561
RP11-907D1.3,0.004148162003736048
ZNF847P,0.004146576104404498
RP11-90C1.1,0.0041462601412715185
LINC00427,0.0041453087180004745
RP11-537P22.2,0.004145240599862978
MIR126,0.004145143305909915
RP4-669H2.1,0.004145128984653913
CTD-2260A17.2,0.004144955187349234
TRBV23OR9-2,0.0041448671355850805
MACROD2-AS1,0.004144857671580203
RP11-759A24.3,0.004144675061564467
IFIT1,0.0041439439077398605
SNORA72,0.004143836039491478
BTBD7P1,0.004143830535608752
AC003958.2,0.004143177491003711
NPY2R,0.004142441132443962
RP1-102K2.9,0.004141568311479665
CXCR5,0.004141420084779421
RNU6-1156P,0.0041413672444443675
AC005514.2,0.004140894330603403
TYMSOS,0.004140887116188718
RP3-441A12.1,0.004140707729279561
AC096558.1,0.004140497313917369
SPINK6,0.004140389702114285
RP11-774O3.3,0.004140095244376523
ARL9,0.0041397110635132415
CTC-523E23.4,0.0041384220804483425
AC006946.12,0.004138167564590768
CTB-96E2.3,0.004137158264706395
RP11-506E9.3,0.0041367345500676125
AC104532.3,0.004135739102369894
FAM155B,0.004135613462208657
SFR1P1,0.004135067018113777
RP11-421E14.2,0.004134929273233056
FAM163A,0.004134204689370942
RP11-834C11.6,0.004134082551207753
ERICH3-AS1,0.0041334142004548855
RP11-245P10.4,0.004133199094867964
RP11-561C5.7,0.0041331143297151625
RP11-803D5.4,0.004132925455005799
RP11-320P7.2,0.0041323027679083515
RP11-543G18.1,0.004132281325017382
RLIMP1,0.004132126959606156
RN7SL560P,0.004131729263759387
AC010524.2,0.004131702096589683
RNU7-3P,0.004131151073760795
PKI55,0.004130332484416966
RP11-67L3.5,0.004129949981205657
LRG1,0.0041293169230340486
PRSS55,0.00412900793285321
BMP2KL,0.004128900193117133
LINC01485,0.004128887912602393
IL17B,0.004128692148797079
ZNF33CP,0.004128383444239317
AC116035.1,0.0041281557669629295
AC073934.6,0.004128023325975132
AC005481.5,0.0041277473530144234
Y_RNA,0.004127584282094933
PLAG1,0.004126729733601287
PCDHB15,0.004126429392646431
GGNBP1,0.0041261482927550976
RP11-499P20.2,0.00412565793111647
TMPRSS11CP,0.0041252791663025385
BNIP3P42,0.0041251631427054085
NPAP1P3,0.004124178235024949
C8orf34-AS1,0.00412374671717764
KCNK15,0.004123468702391555
P2RX1,0.004122962606533644
ZNF816-ZNF321P,0.004122910733220205
CTB-55O6.4,0.004122502775353625
RP11-252M18.3,0.00412244944781135
HNCAT21,0.004122104820125629
AC005086.1,0.004121999174849869
AC093642.3,0.004121931768207554
RN7SL619P,0.004121896662171201
RN7SKP243,0.004121750111079606
LINC01494,0.004121658081704569
C3orf20,0.004120866316773092
SEPT14P8,0.00412058242346524
DRD5P1,0.0041203899149911995
WDR11-AS1,0.004120355200724417
GPD1L,0.004120337144451894
IFNA20P,0.004120289162355606
RP11-829H16.5,0.004120080732154803
LINC00609,0.004119601716587063
YTHDF2P1,0.004119437547293493
RP11-263F14.3,0.004117886228708384
HIGD1AP9,0.004117801738103876
RP11-411K7.1,0.004117268783051687
LINC00159,0.0041170184754809516
THEGL,0.004116663102100829
RP11-363J20.2,0.004116616865743673
ANKRD18EP,0.004116544925235373
FOXC2-AS1,0.00411623082393802
RP11-379P1.4,0.004116092195974664
HLA-Z,0.0041158640566187395
RPS26P4,0.004115482445535703
RP11-182N22.8,0.004115292119847327
RP11-20I23.5,0.004114071552514921
OR6E1P,0.004113919190073091
KIAA1257,0.004113364604046406
CTD-3074O7.11,0.004113141304941035
RNU6-483P,0.004112412187859514
MTND6P24,0.004112280067115114
CTC-454I21.4,0.004111927210284821
C9orf152,0.004111316221388263
BCAR4,0.004111223045220244
RP11-174G17.3,0.004110903011199249
RP11-109D9.4,0.0041106293949440586
Metazoa_SRP,0.0041104716213466
RPL6P12,0.004109910213384353
MIR6738,0.004109674549170341
AC012360.4,0.004109093790280097
RP1-142L7.5,0.004108889061070502
RP11-259P6.3,0.004108633724916558
CTD-3137H5.1,0.0041080147020048086
SNORD116-19,0.004107870477110733
CTD-2013N17.4,0.004107822725335503
OR52P1P,0.004106562160100996
RP11-239L20.6,0.004106538185284547
AC016738.4,0.004106365807836818
TNFRSF9,0.004105831852315813
LINC01496,0.004105178783002252
LINC00111,0.0041050329191083795
LINC00534,0.0041049412667192985
CTC-400I9.2,0.004104252182210667
MED15P4,0.004103838013947555
OSTN-AS1,0.004103234858395824
SNORD116-27,0.004103219608818502
RP11-10A7.1,0.00410303805222401
RP11-48G14.2,0.0041028194189397975
RP11-720L8.1,0.004102465919024677
RP11-589F5.4,0.004102283756451366
SERPIND1,0.0041011664747487775
RP11-640I15.2,0.0041007968285937755
MIR324,0.0041006966527518274
INSL6,0.0041001497672889815
RP4-771M4.2,0.004099883256094375
RP11-793H13.3,0.004099880698360633
RP11-946P6.4,0.00409963781511081
CTD-2207O23.12,0.0040993161257471145
RP11-318K12.3,0.004098978309895708
PLCXD2,0.004098747749516067
RP4-575N6.4,0.004098317659731171
BSPH1,0.004097348037513141
KB-1958F4.2,0.004097328078212204
RP11-528G1.2,0.004097156514532033
MYO5BP3,0.00409666749837271
CTB-3M24.1,0.004096408770076729
RP13-152O15.5,0.004096085978824634
RP13-631K18.3,0.004095474055464851
RP11-114H23.1,0.004095191778848557
RP11-38O23.4,0.004094933883099983
HSD3B1,0.004094685100907474
IGBP1P3,0.004094562353447801
RN7SL749P,0.004094352431572623
RP11-252O18.2,0.004093867109814047
LINC00538,0.004093695575392022
AC008834.1,0.004093623814015469
RN7SL396P,0.004093555275817474
RP11-79C6.1,0.0040926746396227325
RNU6-25P,0.004092135297527698
RP11-370I10.12,0.004092046734307787
RP4-673D20.6,0.0040918730570117376
NUP62CL,0.004091864598317231
RP11-722M1.1,0.004091480388985742
RP11-335K5.3,0.004091417142035601
AC092667.2,0.004091063175165683
RP11-393I23.4,0.004090955771453256
GRIN2D,0.004090171052557637
PCDHA4,0.004089971990601387
TRUB1,0.0040893801337659325
CDKN2B-AS,0.0040889516361511885
RP11-396B14.2,0.004088935271536867
AC023115.2,0.004088762488484289
MDC1-AS1,0.004088654298568717
STARD13-AS,0.004088253694599457
RPL11P4,0.0040881996779321625
AC073842.19,0.004088187298167573
RP4-669P10.19,0.004087500615340434
RP11-505K9.3,0.004086891153252713
RP13-395E19.3,0.00408649731186702
RP11-799O21.2,0.004086234464704216
RP11-575A19.2,0.004085823360554082
Y_RNA,0.00408521886830603
AP001046.6,0.004085035686962529
RP11-227D13.5,0.004084964830614465
ATP13A5-AS1,0.004084378420145063
CTD-2081C10.7,0.0040843213581295236
MRPS17,0.004084168063141796
PHBP4,0.004084101028112045
Y_RNA,0.004083946810959175
CEACAM16,0.0040838594754195046
RP11-138I18.1,0.004082451507871889
RNA5SP152,0.004081916601885929
RP11-348B17.1,0.004081440150717032
IGBP1-AS2,0.004081151991896478
RP11-615I2.2,0.0040809386130064695
MIR4653,0.00408075014037653
CTC-524C5.5,0.004079831829101733
RP13-238F13.3,0.004079818813061181
GOLGA6L16P,0.00407913334959502
ARL2-SNX15,0.004078939959953935
CELA2A,0.004078901288611433
SMC2-AS1,0.004078780091609607
RP11-557C18.4,0.0040783562686790556
RP11-17A4.2,0.004078066607604864
AC108004.3,0.004077837296775484
RPS24P12,0.0040775695311882154
RNU6-667P,0.004077322965272586
KB-1991G8.1,0.004076094118012873
RP11-344N10.4,0.004076050357064712
OPA1,0.004075680276267309
RP11-800A3.3,0.00407538545739589
RP11-98D18.7,0.004075318511952885
AC159540.14,0.004074600275765893
LINC00570,0.00407423815119648
RP11-454L9.2,0.004074167125801401
AC011816.1,0.004073932684686204
C5orf47,0.004073374336314235
USH1G,0.004070620929599234
RN7SL320P,0.004069438946009845
Y_RNA,0.004069115150151579
RP11-486A14.1,0.004069021247767888
HIST1H2AB,0.004068730157695165
RORB-AS1,0.00406766736167458
RPL23AP24,0.004067358372059655
RP11-38M8.1,0.004067286151640057
RNU6-87P,0.0040672345033965105
AC010740.1,0.004066675176340052
ACR,0.004066346033551817
MIR6781,0.004065464001990028
RP11-576D8.4,0.004065196985324349
RP11-271M24.2,0.004065160095199838
USP32P2,0.004065108727951156
OR7E12P,0.004065067406608874
RP11-403I13.4,0.004064818935225596
FADS2P1,0.004064335818958695
RP11-506H21.5,0.00406371516231309
RN7SKP268,0.00406365351180013
CTD-2090I13.1,0.0040633755133940705
RP11-207C16.4,0.004063332935617754
NEUROD1,0.004063020971103881
RP5-1017F8.2,0.004062430672180673
AP000889.1,0.004062086667756514
RP4-620F22.3,0.00406203985757356
HTT-AS1_2,0.004061806085953655
MAP1S,0.0040613472388524125
SEMA3A,0.004061234289308232
SNORD88A,0.004061226219784824
TCF7L1-IT1,0.004061223496838484
HEPACAM2,0.0040612219051578205
MIR6503,0.004061155970620368
RP11-133F8.2,0.004061068131622826
RP11-328P23.3,0.0040610616923373545
PNPT1P2,0.0040609729084957755
RP11-96H17.1,0.004060712376582685
LINC00520,0.004060209484910076
CDKN2A-AS1,0.004059680442477031
RP5-1097P24.1,0.004059527455913742
CTB-31N19.2,0.004059415852903534
RP11-327J17.8,0.004058795296855122
DEFB109P1,0.004058794501339519
RP11-295D4.7,0.004058182997809316
ADAM20P1,0.004058161595518022
RP11-386J22.3,0.004057977230416421
AC010148.1,0.00405780407807715
RP11-394B2.6,0.0040577127770289835
GADD45G,0.004057244374072738
CCDC58P5,0.004056819667739514
RP11-570L15.1,0.004056699964884744
H1FNT,0.0040548402366812316
RP3-403A15.5,0.00405471328130888
RPS20P15,0.004054569588890247
MIR593,0.004053885587604173
RP11-697K23.3,0.00405329512883731
CTD-2620I22.3,0.004052456236739419
CTC-340A15.2,0.004051828468822669
RN7SKP15,0.004051716382820278
RP11-482M8.1,0.004051656574181883
AC079741.2,0.004051343636205364
Metazoa_SRP,0.004051255504063319
RP11-676J12.9,0.004051231984973377
RP11-41O4.2,0.004050895848201164
CDRT8,0.004050808311947265
C2orf69P1,0.004050783596891911
RP11-184B22.2,0.004050649137289342
CDC14C,0.004050540883248974
RP11-527L4.2,0.004050086623056357
LDHAL6EP,0.0040498119082023505
AC005330.2,0.004049763124494646
RP11-632K20.6,0.004048978792477712
RP11-714M23.2,0.004048970285790275
CTD-2377D24.6,0.004048785907264086
CTC-428H11.2,0.004048784486962225
RP11-43P8.2,0.004048119832643186
RP11-118A3.1,0.004047763601082294
AC092171.4,0.004047625494626805
RP11-431D12.1,0.00404760650390067
RP11-380I10.2,0.004047141424199473
FAM27E4,0.004046707862380929
TPRX1P1,0.004046401160526067
TUB,0.004046028299815887
GS1-388B5.1,0.004045720817409521
INHBC,0.004045500580351794
SNRPEP2,0.004044731218626839
ZNRF4,0.0040434859314073925
RP11-744H18.1,0.004043371277988096
RNU6-199P,0.004043281424051038
GTF2A1L,0.0040432722915302866
RP11-279N8.1,0.004043102073460276
RP11-260M19.1,0.0040430399695686875
MROH3P,0.004043037377932147
RP5-859D4.3,0.004042763657497632
NUDT9P1,0.004042352698829227
OR8D4,0.004042220513553377
PCDHGA10,0.0040420764014645815
TRGV2,0.004041249097733365
RP11-713N11.6,0.004040936851188832
RP5-1116H23.5,0.004040913638773544
TRAV19,0.004040440459287151
RP11-407G23.2,0.004039781572224949
RP11-517P14.2,0.004039744563708133
RP11-1275H24.3,0.004039571203115773
RP4-545C24.1,0.004039124276338379
F9,0.004038598875227366
AC016991.1,0.00403841864594669
RP5-1097F14.3,0.004038306388672168
CENPUP2,0.004037928607505021
SLC5A5,0.004037833184337643
CTD-2298J14.1,0.004037332932252658
RN7SL752P,0.004037197382200152
PYY,0.004037027894313674
RP11-20G13.4,0.00403671013163521
AY269186.2,0.004036601207271308
RP11-149I9.2,0.004036406818111232
RP11-248J23.7,0.004036013186551806
RP1-137D17.1,0.0040357923860974195
RP11-159N11.3,0.004035247376526561
MIR4269,0.004035048309807974
RP11-758I14.3,0.004034876290000482
STAP1,0.004034838664493957
STMN1P1,0.004034806642574084
SNORD116-25,0.004034593185954525
SERPINE1,0.004034410164577661
RP11-449H3.3,0.004034230960168752
AOX2P,0.00403399377294926
VN1R67P,0.00403397902657716
RP11-476C8.2,0.004033353357274546
SNORD116-17,0.004033209141259646
RASGRF2-AS1,0.00403319930750604
LINC01498,0.004033039879289608
RP11-586K2.1,0.0040321586360918624
RP11-279F6.2,0.004031835637061691
LGALS17A,0.004031558681611482
RP11-588G21.2,0.00403135840545262
CTD-3057O21.1,0.004030862348844181
RP11-119J18.1,0.004030857663119151
RP11-15K3.1,0.004030784492095435
CASP14,0.004030769369660104
RP11-554D20.1,0.004030737543004357
RP11-315F22.1,0.004030668212902747
AC005522.6,0.004030555066202766
XXyac-YX155B6.5,0.0040303802972916
TRAV8-6,0.004030261255333376
CTC-499J9.1,0.00402925280773123
APOA1,0.004029242680566557
COX6CP16,0.004028731640804058
S100A7,0.0040285512622534525
RP11-239C9.1,0.004028485260731403
NTF4,0.004028309963794246
RP11-272D12.2,0.004027504094050534
Y_RNA,0.0040274439268230605
RNU6ATAC24P,0.004027409595659049
LINC00880,0.004026522739700911
EIF4BP4,0.004024546517270402
RP11-261P13.5,0.004024123561497862
Y_RNA,0.004024023747094111
RP11-357G3.1,0.004023646869850526
RP11-61J19.2,0.0040231186092601285
AC007796.1,0.0040228779045438125
RNU5E-8P,0.004022850421134648
RP11-33E15.1,0.004022321039251908
CTD-2562J17.7,0.004020927874131118
RN7SL569P,0.004020726675007873
CTD-2561B21.5,0.004020564505268273
RP11-327F22.1,0.004020342914258818
RP4-738P15.6,0.004018682781140832
TRBV6-5,0.004018226580728014
RPL23AP47,0.004018048421779852
RN7SKP150,0.004017826304311052
MRPL57P3,0.004017499622857032
MIR548I1,0.004017355585501459
PF4,0.004015586352213511
CCL24,0.004015336061343829
RP11-667K14.14,0.004015221223558114
CTD-3193O13.1,0.004014987481078133
RP11-104E19.1,0.0040148611646184705
SNORA31,0.00401479024937759
ARL4AP4,0.004014413858227309
RP11-145P16.3,0.0040143990395283685
NIFKP8,0.004014382421106876
BMS1P10,0.0040139737156086285
HUNK,0.004013640754795228
BMP6,0.0040135763916726115
TRAV29DV5,0.004013562246430076
AC142391.3,0.00401353587621552
C11orf86,0.004012992645690095
RP11-157L3.11,0.00401238975934158
RP11-539E19.2,0.004012320030924239
AC109815.2,0.004012263600016282
RP11-706O15.7,0.004011444205105762
RN7SKP192,0.00401129779418473
RP11-603J24.6,0.004011030564324014
RP11-781M16.2,0.004010924809015192
HRK,0.004010822603162147
RN7SL648P,0.004010127689982282
RP11-94B19.5,0.0040099385453574304
RP11-690D19.1,0.004009856725202661
DIP2A-IT1,0.004009685887900321
AKR1B15,0.0040093171756142775
NANOGNBP2,0.004009102405654745
OOEP-AS1,0.004008890704757089
STMND1,0.00400887748494095
HTRA4,0.00400874855525321
CTD-2105E13.15,0.004008489122043266
SNORA47,0.004008199970086543
CTD-2236F14.1,0.004006873335124413
ASCL3,0.004006780475855571
RNU6-1123P,0.004006212113512382
UBD,0.004006176856874985
TRBV14,0.004005911164578345
MMP24,0.004005051356838506
SNORA72,0.0040048773257349525
MIR1252,0.0040043526178770335
CASC16,0.004003785484216133
PDE6H,0.0040032073046285315
GNA14,0.004002981541431759
RP11-231E4.5,0.004002896978581502
CTD-2081C10.1,0.004002762298202824
LINGO3,0.0040025309180203375
Metazoa_SRP,0.004002166037240147
RP11-349H17.2,0.004002134814981762
ENPP7P4,0.004001724555306711
FPR2,0.004001639045054845
RP11-148O21.2,0.004000186313032599
RP11-373E16.4,0.003999783771715905
CCT6A,0.003999721510656838
ERICH5,0.003999327730537316
RP11-220I1.4,0.003999285269402028
RNU6-701P,0.003999269735211382
RP3-523E19.2,0.003999010427596484
RP11-188I24.1,0.003998507904495334
ALG1L3P,0.00399799615854526
AC007879.1,0.003997926978491382
B4GALT4-AS1,0.003997888591403317
GSTM3P2,0.0039974512475753335
RP5-894D12.5,0.00399735449591452
RP11-426C22.4,0.0039968878868993085
DYTN,0.003996796225971033
RP11-391H12.8,0.003995948552922912
IRGC,0.003995659311103296
POM121L6P,0.0039956493685450395
RP11-381N20.1,0.003994521795405834
LINC00202-2,0.003993882179549984
CECR6,0.003993636769549312
RP11-51P8.1,0.003993527922251625
RNU6-833P,0.003993346122202981
HTR5BP,0.00399275283150231
LINC01267,0.003992417197879574
LCE1E,0.003992340944521968
MARCH9,0.003990950290743563
CH17-140K24.8,0.003990338847553626
CTC-277H1.6,0.00399030033193085
RP1-249F5.3,0.0039901399227652064
Metazoa_SRP,0.003990116891336274
SERPINF1,0.003989910849715229
AC008074.3,0.003989628247752393
CTC-369A16.2,0.003989396414290218
TRAV39,0.003989356734909971
RP11-190D6.2,0.003988701231286588
TBC1D12,0.003988609071747389
RP11-190P13.2,0.003988168401235392
C4orf26,0.003987751606316188
GPS2P2,0.003987697715087214
RP4-802A10.1,0.003987616603091052
RN7SL864P,0.003987471204490192
RP11-277P12.6,0.003987009335589974
RNU6-288P,0.0039862116254946525
CTC-265F19.3,0.0039859049753728235
MRPL35P1,0.003985741936553237
RN7SL322P,0.003985693155417531
RNU2-11P,0.003985485536070995
MIR4326,0.003985428561059479
SNRPCP11,0.003985292392853151
BEND3P2,0.0039852766212273025
RP11-272L14.2,0.003985095861635026
LINC00364,0.0039849525721703475
RP11-545A16.4,0.003984681761614369
MBL1P,0.003984453757172782
GOLGA6B,0.003984363811362575
RP11-395L14.13,0.003984074273614176
SAR1P3,0.003983824476218679
CTB-113P19.5,0.00398324888781801
COL4A2-AS2,0.00398272144030719
AC010731.6,0.003982558288187887
RP11-67L3.4,0.003982454625500946
CTD-2240J17.4,0.003982332890381463
CTA-415G2.2,0.003981999291225012
RP11-775C24.4,0.003981397599055012
PEBP1P1,0.003980861625187486
RP11-392P7.6,0.003980577893801637
RP11-12D16.2,0.003980350548487618
ACOT6,0.003980287788613644
SNORA77,0.003979950116456376
RP11-4B16.3,0.003979167124550626
RP11-548N1.1,0.0039790704614051375
HCFC1-AS1,0.003978812719600923
ARFGEF3,0.003978518174170616
CFAP206,0.003977702622717373
CTA-38K21.2,0.003977148205610936
RN7SL4P,0.003976877875991398
MT1DP,0.003976072042694319
RP5-1096J16.1,0.003975709135423251
XXbac-B444P24.8,0.003975257931464751
RP11-196B3.1,0.003975189322844303
SCGB1D2,0.003974806237815289
RP11-408I18.9,0.003974784779975582
CTD-2562J17.2,0.003974604862281205
RP11-672A2.6,0.003974578917143497
LINC00882,0.003974558348964662
PLA2G4D,0.00397454386556939
RP11-478K15.6,0.003974499189647104
RP11-1081M5.2,0.003974272944977494
RP3-402G11.26,0.003973269847516523
RP11-688I9.2,0.003972749600713167
DEGS2,0.00397249795417479
Y_RNA,0.003972445235369
TNFSF14,0.003971654847471246
SLC13A1,0.003969789757889944
NDUFB4P3,0.003969759400890086
RP11-737O24.2,0.003969538928902963
CTC-312O10.3,0.0039694826649109526
RP11-445F12.1,0.0039693312603272845
RP11-756J15.2,0.0039691965469108555
LINC01287,0.0039691054080447565
R3HDM2P1,0.003968917686689613
RP11-119D9.1,0.003968749562834541
RP4-735C1.4,0.003968608990757919
CTD-2527I21.7,0.003968586541772007
HIST3H2BA,0.003967355447140158
PADI3,0.00396674131488857
RP11-274H24.1,0.003966674596339974
MIR152,0.003966658048485526
HSPE1P14,0.003966497067430633
RP11-327J17.9,0.003966386790632833
AC064852.4,0.003966086047346165
GGT6,0.003965733241708002
UBE2D3P3,0.003965465535136947
RP11-529G21.3,0.003965255570115791
RP5-1139I1.1,0.003964923129259458
TRAV17,0.003964360318944456
RP11-669M16.2,0.003964262541272442
RP11-168P13.1,0.003964261137042035
RP11-34F13.2,0.003964055439818419
NCOA7-AS1,0.003963782821895343
RP11-342K6.3,0.003963667130422786
RP11-445N18.5,0.003963486246900912
RP11-359J6.1,0.003963445723269152
UPK3B,0.003963165654870629
RP11-264L1.4,0.003962995483118105
RP11-2N1.3,0.003962068467612153
RP13-39P12.3,0.003961529762957528
RP4-635E18.9,0.003961500021685908
RP11-77K12.4,0.003961152028221702
LINC01348,0.003960670915769995
AC006126.3,0.003959809776415441
bP-2171C21.6,0.0039592029729566295
RP11-795F19.5,0.003959067545413497
RP5-908D6.1,0.003958117506682856
RP11-304L19.1,0.00395772277780941
IL18R1,0.003957386063255296
RP11-356N1.2,0.003957275063802577
KRT2,0.003957129592921368
RP1-278O22.2,0.0039569689126865175
PTGIS,0.003956927735336089
RP11-356C4.6,0.003956865712857256
Y_RNA,0.0039567150809320635
CYP2A7P1,0.003956541537272598
RP11-520B13.8,0.003956216933114417
CTD-2006K23.2,0.003955976845908481
RP11-65M17.3,0.003955254043981884
RP11-895M11.2,0.003955243531013345
JARID2-AS1,0.003955021852625035
RP11-265D19.6,0.003954972869008984
AC007563.3,0.003954614858919535
KISS1R,0.003954350387256235
ADH1A,0.003954121958507952
RPL21P44,0.003953882735078455
CEACAM22P,0.003953766314579207
RP3-331H24.6,0.003953578436658436
RP11-759A24.1,0.003953264553015269
LRRC37A9P,0.003952586511385088
CTD-2245F17.9,0.003952539783377748
AFP,0.003952506815324206
ZNF638-IT1,0.003952323637960764
RP11-315A16.1,0.003952044892190041
RP11-262K1.1,0.0039519152388412275
RP11-277P12.9,0.003950461737747043
RP11-489G11.3,0.003950435046636326
CTA-243E7.3,0.003950415871422048
RN7SKP9,0.0039502213447666044
C2CD4B,0.0039501243259549386
RP11-254I22.3,0.003950091387027495
RNASE7,0.003949708654959928
RP11-332K15.1,0.003949438190637961
IGFL2,0.003948906281222739
RP5-1116H23.4,0.003948356885835552
RP11-20L19.1,0.003947851960534541
RP11-767C1.1,0.003947657323660442
OTUD3,0.003947498459159258
SNORA59B,0.003947084723649941
RP4-568F9.3,0.0039465456261883755
RP11-87G24.6,0.003946361432420878
SALRNA1,0.0039458216700400655
RP11-462G12.2,0.003945649569072654
ARFGEF2,0.003945534257611674
TRBV5-5,0.003945016468751714
SPECC1L-ADORA2A,0.003944974118309741
MIR221,0.003944827681403207
RP13-895J2.2,0.003944693600080203
RN7SKP140,0.003944462473480576
RP11-864N7.4,0.00394442895877381
RP11-399K21.11,0.003944131863309049
RP11-357N13.1,0.003943356658646778
RP3-331H24.5,0.00394314169755554
AC002066.1,0.003943021461052094
RP11-327J17.1,0.003942448195846644
SMOC1,0.003942167765227671
YWHAQP7,0.003941374532951272
AC079776.6,0.003941335928208794
RNVU1-2,0.003941090958746002
AC010642.2,0.003940578813389567
RP11-1055B8.4,0.003940011402024662
BUD31P2,0.003939850830645046
AC007952.5,0.003939714762663194
HOXB5,0.003939695447695201
MROH5,0.003939413926736922
SNX18P26,0.003939008218790613
IGBP1P4,0.00393880305772338
ARSEP1,0.003938619020340918
RP11-180M15.4,0.003937867163306508
SLC39A2,0.003935363991958656
AC007364.1,0.003935111506697439
SNX18P9,0.0039344595399163716
RP11-817J15.2,0.003934087927280818
RNU6-446P,0.00393376508993442
MIR563,0.0039336347511592816
NLRP9P1,0.00393315025940897
RP11-624M8.1,0.003932930711848719
SPDYC,0.003932869878044351
AC083822.2,0.003932804635532414
AC010884.1,0.0039322935224462285
RP11-357N13.3,0.0039322622026664415
RP1-117O3.2,0.003932223531749145
RP11-384C4.7,0.003932144416359555
RP11-46B11.2,0.0039320702058512095
FLNB-AS1,0.003931912669558351
CCDC54,0.003931417205360477
LINC00563,0.003931357424749109
TULP2,0.003930209296119221
CTD-2256P15.5,0.0039297722976918545
RP11-405F3.4,0.003929671594374379
CCDC42,0.003929661650592756
RN7SL674P,0.003928994291967654
CST1,0.003928966203247891
RP11-509J21.2,0.003928885724604151
MTCO2P11,0.003928299499637995
RNU6-1010P,0.003928157289398709
SLC9A3P3,0.003928138379607429
PHOX2A,0.003927736897427884
CTD-2531D15.4,0.003927559519614358
POMK,0.003927536093673165
AC011525.2,0.0039274893597774
MIR3922,0.003927444284217867
LL0XNC01-36H8.1,0.003927267160325949
AC092198.1,0.003927182065930856
RP13-401N8.1,0.003926968816461691
MALRD1,0.003926592543839975
GPC5-IT1,0.003926379461310803
SPATA13-AS1,0.003926181431716975
LINC01393,0.00392599515880808
CTC-268N12.2,0.00392568270592125
ACTL7B,0.003925626199822043
RPL22P18,0.003925327088159033
RP11-983P16.4,0.003924274315443738
RP11-445N20.3,0.00392198965524297
RP11-17M24.2,0.003921570310895512
SOSTDC1,0.003921422919799809
RP11-542K23.7,0.003920880489341007
RP11-351J23.1,0.0039203341402833216
MIR4266,0.003919816670706213
HSPE1P27,0.00391966269411735
RP11-96B5.4,0.0039195154569436706
CTD-2071N1.1,0.003919432480575533
RP11-817G13.3,0.003919196481164198
MYL3,0.003918960082647822
RP11-411B10.5,0.003918877172766452
AC004988.1,0.0039174157787175
GTF2F2P2,0.0039173560724553675
HIST1H4D,0.003917278187686472
RP11-159D12.10,0.003916991052035536
RP5-973N23.4,0.003916497923692512
OR56B4,0.003916366675720299
DPEP3,0.003916127177560006
KRT8P48,0.003916059505001895
FLJ41941,0.003915505206624761
RP3-395M20.7,0.003914747135007018
RP11-739N10.1,0.003914083403973896
RBMX2P1,0.003913806523585552
SNORA12,0.003913261969081915
RP11-126O1.4,0.003913005415972988
LINC00840,0.003912493814510496
AC016722.3,0.003912447935923127
Y_RNA,0.003912258346527153
EFCAB10,0.0039118533076660566
LRRC18,0.00391180805874547
RP11-526F3.1,0.0039117082185936404
RP11-138I17.1,0.003911276966747482
AC195454.1,0.003911022058899952
AC010746.3,0.003910635968426045
CDKL4,0.003910610857709017
AP000687.1,0.00391036617651581
CCL1,0.003910281427177141
PLA2G2C,0.003910215230434139
RP11-629N8.4,0.003909026810655571
RP11-416A14.1,0.0039083922985170645
RP11-316J7.4,0.003907528295226138
ABCB11,0.0039066970457401805
RP11-396O20.1,0.003906615196844123
AC011406.2,0.003906287404809933
CRAT37,0.003906250607295523
MIR6801,0.0039059856086433153
RP11-267M23.3,0.003905660569670548
RP11-56P9.6,0.0039056326103146907
RP11-442O18.2,0.0039056326103146903
RNU6-294P,0.0039056326103146903
MIR548J,0.0039056326103146903
RN7SKP35,0.00390563261031469
RNU6-180P,0.00390563261031469
CTD-2234N14.1,0.00390563261031469
RP1-136J15.1,0.00390563261031469
RP11-348J24.1,0.00390563261031469
IGLV3-31,0.00390563261031469
MIR1269B,0.003905632610314689
RNU6-847P,0.003905632610314689
CYP2C58P,0.003905632610314689
SNORD114-16,0.0039056326103146886
LINC01502,0.0039053354474095484
PPARGC1A,0.0039049322481119106
MIR5590,0.0039047928292434515
RP11-718B12.5,0.0039046054561546672
NYX,0.0039045068526785353
AC104650.1,0.0039042301943360163
RP11-707P17.1,0.00390422091059994
Y_RNA,0.0039039531437421744
RN7SL388P,0.003903679752098916
RP11-6B19.2,0.0039035512104291406
AF124730.4,0.0039033297350419293
FAM47C,0.003903228275174643
RP11-155D18.12,0.003903086832355785
RP11-267C16.2,0.003903069298767014
PDYN,0.0039030640091466265
AC009784.3,0.0039023297274413697
CRHBP,0.003902025357596572
THOC7-AS1,0.003901570445525606
SNORD62A,0.003901565159967142
MIR3680-1,0.003901481058586026
DNM1P38,0.0039005441924641424
RP11-309M7.1,0.0038998671659087308
RP11-254F7.3,0.003899537738506142
RMDN2-AS1,0.003898636723517145
DUSP3,0.0038982192528154
LINC00836,0.003898203986592939
RP3-395M20.2,0.003897601934679737
RP11-192H23.5,0.0038974992848521137
TNRC18P2,0.0038974683513308957
SNORD115-40,0.003897412541862961
RP11-471B22.2,0.0038967199750099928
LL0XNC01-39B3.1,0.0038963866092242058
RP11-675F6.4,0.0038958812890140977
RP11-258C19.4,0.0038954059795853506
PAH,0.0038951728021034953
RP11-119H12.5,0.0038947050318728017
RASSF9,0.003893578048603993
CEP135,0.003893474698128645
AC016644.1,0.0038934351852916507
LINC00535,0.003893379331861486
LINC00279,0.0038932152509469123
RNU6ATAC10P,0.0038928035358268233
SNORD127,0.0038926326316077813
AC002306.1,0.003892345119107491
RP13-49I15.6,0.0038923412829971254
LMO7DN-IT1,0.0038921194091130385
TNFRSF13C,0.003892041994589202
RP11-597M12.2,0.0038910138990667577
FAM85B,0.003890945906887486
RP11-612J15.3,0.003890330195662559
AC012507.3,0.003889343967338933
MZT1P1,0.003889178428628439
CTC-529L17.1,0.0038891706644023287
TRAV12-1,0.0038891022866681235
RP11-317M11.1,0.003888722277288216
OR2A20P,0.003888535464768745
RP11-404O13.1,0.003888271449699952
RP11-158L12.6,0.0038880429120491406
RP3-348I23.2,0.0038876880912073887
RP13-297E16.5,0.0038866163707760326
GPR55,0.003886327939488781
SLN,0.003886004606748264
DUTP2,0.0038858819052627947
GJA5,0.003885596864513985
AC128709.2,0.003885320362823064
RNU6-1278P,0.003885277946554265
RP11-462G22.2,0.003884860506026925
C3orf14,0.003884584818187942
KIAA0087,0.0038845777491972704
RP11-295M3.2,0.0038842459674778623
EIF4A2P1,0.003883894806068283
RP11-337C18.10,0.0038836093905132906
TRAV16,0.003883291671095964
SIRPAP1,0.0038832828848973755
CCDC187,0.003883134641766632
MIR193A,0.003883127319284815
AC104984.4,0.0038828375249929607
RP11-138H10.2,0.0038826758715197343
RP11-324J13.3,0.0038815632020927685
RNF152P1,0.003881501646118685
RP11-286N22.10,0.003881253620792558
RP11-90E5.1,0.00388064614721174
RP11-374A4.1,0.0038805500819594453
LA16c-381G6.1,0.0038798987354453918
CTD-2370N5.3,0.0038797971824265473
RP11-1079K10.5,0.0038796711304447734
RP11-398H6.1,0.0038796058193571498
RNU6-13P,0.0038794854858295066
TCTEX1D1,0.0038789313822483813
FAM222A-AS1,0.003878810671260221
BFSP2,0.003878785194039499
CCDC87,0.0038786445514319887
BEND3P1,0.0038780513655789755
RP11-192H6.2,0.003877371895866666
SNRPCP9,0.0038773189115376807
LINC01036,0.003876410904755221
MTCO3P43,0.0038762367966406934
RP11-163O19.16,0.0038760318379284496
TRIM43,0.0038753180559484308
RP11-439L18.2,0.0038752973607667383
RP11-1102P22.3,0.003875098522509739
ENPP7P6,0.0038746987303648495
LGALS13,0.0038744959992240598
RNU6-216P,0.0038741560124785726
RP13-824C8.2,0.0038740088902199494
AP000351.4,0.003873980372744389
RP4-744I24.4,0.0038739518771882054
RP6-201G10.2,0.003873093989707726
SEPT7P3,0.003872958742303239
RP11-128M1.1,0.0038728256227192233
CRYBB2,0.00387263346491492
OR9N1P,0.003872464579411764
MIR4285,0.003872094444876237
RP11-713N11.4,0.0038717336741073984
RP11-21B23.3,0.003871603167956576
LINC01108,0.003871348734646989
RP11-154H23.3,0.003870480926607704
RP5-984P4.4,0.0038704570982796348
AC069063.2,0.003870384309318931
CTD-3032J10.4,0.0038695478494349097
RP5-837I24.1,0.0038694131679535325
LINC01208,0.0038691856849286006
RP11-157D18.2,0.0038682845548424333
ERVV-2,0.003868242619592216
RP5-1184F4.5,0.003868188338958125
YAP1P1,0.0038681753782319394
RP1-137D17.2,0.0038677796964457175
RNU6-903P,0.003867740999512847
NDUFB4P11,0.003867491660544254
AC005609.17,0.0038674883465334045
AL133243.2,0.0038674595100107703
AGR3,0.0038669784140572413
FAM183BP,0.0038668204667324326
ZNF29P,0.00386613095715937
NALCN-AS1,0.003865826394508688
FAM90A24P,0.0038657429444067973
VTRNA1-3,0.0038656290319610534
ITIH1,0.00386543467383552
NRBF2P4,0.0038652392493093673
CH507-513H4.5,0.0038650598046448235
KCTD9P5,0.0038646818687011982
RP11-138I1.2,0.003864430596407896
RPSAP52,0.0038640891381154837
RP11-261P24.2,0.0038632088995739383
COX7A2P1,0.003863119422274078
SNORA80E,0.0038629885837262287
AC131263.1,0.003862887636594114
RP11-334A14.8,0.0038626251146035647
HNRNPA1P11,0.0038625615360062446
TSIX,0.0038625515736857292
MIR485,0.0038624952711224323
AL136097.1,0.0038622576413689705
RP11-114H24.7,0.003860094558495729
AC026904.1,0.0038595113338280255
RP11-620J15.2,0.0038593280383915404
TBC1D28,0.0038591957269356455
RP1-283K11.3,0.003859083966778959
PCDHGA4,0.0038589582092907926
AP000320.6,0.0038583535328051578
BARX2,0.003857734350134407
uc_338,0.0038567932778347156
CTB-186G2.4,0.0038564582393549175
CTC-431G16.2,0.0038562013763336804
RP11-219E7.2,0.0038553914664989876
RP11-17G11.1,0.0038552954046006914
RP11-815J21.1,0.003854648508084415
RP1-7G5.5,0.0038534461839396937
CTC-270D5.2,0.003852151517561385
RNF103-CHMP3,0.003851993846402637
AMY2A,0.0038506024135790584
EIF4A3P1,0.0038505668587079443
HERC2P8,0.003850306050641592
BTBD9-AS1,0.003849955315591903
AC093787.1,0.0038499448050625276
RELL2,0.003849296573853184
LINC00102,0.0038488660933398396
MDS2,0.003848729561713771
ADH4,0.003848500395958286
AC092570.1,0.0038482761494681443
POU4F1,0.0038481506919064174
FLJ45079,0.0038476951584827013
RPS26P47,0.003847327123341108
RP11-167N4.2,0.0038471756356337522
RP11-429P3.2,0.0038468565833513543
SAMSN1-AS1,0.0038466090797642767
RP5-1061H20.3,0.0038462749138042877
RP13-766D20.4,0.0038459877799332646
GPR20,0.0038459819685254908
RP3-461P17.9,0.0038456717493487408
RP11-716H6.1,0.003844683266001174
PCDHB18P,0.0038446320850238076
RLN3,0.003844580730749199
CTD-2540B15.12,0.0038434790830342053
DEAR,0.003843266201207837
RP11-432J22.2,0.003843232330837368
KCNE5,0.003843140266474831
RP11-307C19.1,0.0038427585544706508
AC012493.1,0.0038426598279536336
WI2-89031B12.1,0.003842352654315887
RN7SL78P,0.0038416485096954413
RP11-246E12.2,0.0038415085716471072
RP11-379H8.1,0.003841196003444049
CTA-992D9.11,0.003841067074255881
BTF3P14,0.0038408473700513837
RP4-794I6.4,0.00384075984716137
KLRK1,0.0038404558987225504
RP11-966I7.3,0.003840142781967406
MICALCL,0.003839584853311588
RP11-173D3.4,0.0038388258697887763
NAT8,0.003838714103249254
ADGRL3-AS1,0.003838535652587268
RP11-686O6.1,0.0038383457863063433
PTPN20,0.0038377411058299797
SOX7,0.003837202988238736
SNORA14B,0.003837083317547474
OXER1,0.0038369410551988246
RNU4-56P,0.0038364125796190858
BNIP3P9,0.003836303154718729
MATN1,0.003836282349418192
MIR3193,0.003835880766303529
RNU6-302P,0.0038356891935271424
AC009237.11,0.0038354717519080276
CTD-2232E5.2,0.0038354154353583527
RP11-556H2.3,0.0038345786083370933
RP11-582J16.3,0.003834506091135467
RP11-354P11.3,0.0038340365486532256
LINC00861,0.0038339620980238688
RP11-95M5.1,0.0038336403798800347
AC078941.1,0.0038330504741929342
RP11-533K9.3,0.0038323476576197384
MIR4786,0.0038321577521363685
NKAIN1,0.0038319203079139
RP5-1028K7.2,0.0038318330251520477
KCNJ10,0.0038316561578658607
NHLRC1,0.00383114435544574
RNU6-652P,0.0038308591907087667
THUMPD3P1,0.003830728660406394
RP11-276H1.2,0.0038301034670974047
AC105053.3,0.003830072504360777
RP11-89C3.3,0.0038299724504492648
SCARNA18,0.00382989476069583
RP11-820K3.2,0.003829619368162394
MIR4660,0.0038295151122844395
LINC01135,0.003829448951137809
CCDC26,0.0038292288828015325
TSEN15P3,0.0038283826298483796
RP11-284A20.2,0.003828259370263576
LINC01353,0.0038274265019958248
PSPHP1,0.0038273137227934338
RP11-177G23.1,0.0038273125363391856
RP11-33B1.3,0.003827154331885434
CTB-127C13.1,0.0038270236515592342
RP11-684B2.3,0.003826574879112902
RPL21P108,0.003826566382932099
CLRN3,0.003826281251956262
RP11-20I6.1,0.003825846670609242
RP11-403E24.1,0.003825770485221231
RP11-27G24.3,0.0038248166350172627
RP11-402P6.9,0.003824682039235447
OR7A5,0.003824261836353742
Y_RNA,0.003824152407313255
CYP4A22-AS1,0.003823364632403748
RP11-314B1.1,0.0038229809124678284
OR2L3,0.0038221058295494544
RP11-973H7.4,0.0038218699699336133
AC079790.2,0.003821300682621698
SNORD11,0.0038210415014571053
SFTA1P,0.0038209470573461863
OR7E37P,0.003820847700749618
MRPL23-AS1,0.003820604494052261
ZNF444P1,0.0038198143670529388
RP11-758N13.1,0.0038197554382753606
RP11-57H14.4,0.003819680005343341
MGAT4EP,0.0038194857340095073
PIGCP1,0.0038194509124499115
RP3-428L16.2,0.0038194265701481716
IFNA22P,0.003818968329415413
AC079586.1,0.0038189329339779966
OACYLP,0.0038187252550012708
RP11-64K12.9,0.003818716805831856
AC002511.3,0.0038183229179595962
LKAAEAR1,0.0038176995968563056
RPL23AP92,0.003817593438630189
RP11-497H17.1,0.003817553780808807
LYZL1,0.0038173952057294997
NOX3,0.003817254481475898
RP11-430B1.1,0.0038169273555955538
OR9I1,0.00381662752650229
RNU6ATAC16P,0.003816569845641052
GPR42,0.0038157807072180558
RP11-793H13.12,0.0038156443357029667
RP11-566E18.1,0.0038152726111217107
RPL23AP84,0.0038151283093662658
RP11-267N12.2,0.003814957332686541
HIST3H2A,0.0038142253573181777
OTOL1,0.003814172534782638
EDAR,0.003813932453673711
SPIN4-AS1,0.0038139173251673427
Y_RNA,0.0038136727708127077
RP11-572M11.1,0.0038134381635443197
LA16c-380A1.1,0.0038130505420890604
RP11-16C18.3,0.0038130083382652883
RP11-326K13.3,0.0038127777649672903
RP11-730A19.9,0.0038125918250638863
AC010127.3,0.003812443117811575
RP11-434D11.4,0.0038119988964108635
TMEM178B,0.0038119573025141838
LINC00374,0.0038118224725570892
RP11-235E17.4,0.0038117391832038186
CTD-2542C24.14,0.0038116697834184683
AC007392.4,0.0038107987064946386
UNC93B3,0.0038105336376741497
ADAD2,0.0038105109328556395
RP1-151B14.9,0.00381042311042638
AC005740.3,0.0038100496007139537
LRP11,0.003808153738962816
RP11-68I18.10,0.003808079313568097
ADRA1D,0.003807730509411066
LINC01122,0.0038071281659105864
RP11-669N7.3,0.0038069152866988688
SNORA51,0.0038062836245894797
RN7SL732P,0.0038060423320991363
TTC39DP,0.0038056457935727534
RP11-543E8.2,0.0038056004341559826
RNA5SP462,0.003805276621441297
XCR1,0.003804901546757915
LL0XNC01-116E7.5,0.003804820963909282
RP11-259A24.1,0.0038044360192684345
CD5,0.0038043443965951967
Y_RNA,0.0038040813908948768
CYP7A1,0.0038035856872517407
OR5B12,0.0038033811932969702
SNHG22,0.0038033247046475012
AC226119.4,0.003803041160132686
BDP1P,0.003802889952570467
RP13-560N11.1,0.0038028792743973142
TRIM42,0.0038027671223259613
LINC01489,0.003802610957341262
RP11-526I8.2,0.0038018219359036032
COX5BP6,0.003801681788909899
RNU6-179P,0.003801676231433301
RP11-56P9.10,0.0038011741879039004
RP11-231E19.1,0.0038008255563307986
Metazoa_SRP,0.0037997926978232724
MIR2681,0.0037995808842338453
FAM196A,0.00379932928843201
RP11-123G9.1,0.0037990399908991424
PIGQP1,0.003798884933620047
RNA5SP101,0.0037986716417500086
RP11-254F7.2,0.003797372022807912
THA1P,0.0037973419223902584
C9orf106,0.0037971250426441397
Y_RNA,0.0037970513337193296
CTB-162E12.1,0.0037970051984961353
SNORA63,0.0037965950307805095
NPPA,0.0037955945430168253
RP11-715J22.2,0.0037951430547618595
TUBB8P1,0.003795105403332231
U8,0.0037950076032242726
TFF1,0.003794885287390056
LINC00184,0.003794456429414245
CTC-482H14.5,0.0037944209244151705
AC140912.1,0.003794249320239896
RP11-548H18.2,0.003793885213938713
RP11-141J13.3,0.003793569951555379
HULC,0.003793473179292219
PRAC2,0.0037931219079167717
GPC6-AS2,0.0037928816699988694
RNU4ATAC11P,0.0037925517869213613
LINC01030,0.0037921960569696246
RP4-641G12.3,0.0037921208861719036
RP5-966M1.5,0.0037920998414835913
RP13-507P19.2,0.003791949850142865
ARHGEF3-AS1,0.0037918469570279866
RBPJP6,0.003791816783834627
AC010761.14,0.003791672457818499
SPCS2P3,0.00379120907965758
OR51B5,0.003790008530775829
CYP4F25P,0.00378986407884567
MICF,0.003789428020471103
RP11-20G6.2,0.0037886742733008027
NUS1P3,0.003788552674511336
RP11-60C6.8,0.003788492501459828
GXYLT1P3,0.0037883685465709416
RP11-143A22.1,0.003787780169244476
KLHL10,0.0037875806682735338
AC012513.6,0.003787214395473174
MIR4729,0.003786791306749665
RNU6-375P,0.003786650900603112
LINC01413,0.0037864731969918667
RP1-168P16.2,0.0037864581117367114
ZNF32-AS3,0.0037859944665190794
FSBP,0.0037858556862899093
RNU6-60P,0.003785633235251147
RN7SKP195,0.0037856029959447667
LINC01055,0.0037850920361237957
PDE6C,0.003784860131786321
RNA5SP237,0.003783300575740247
SNRPEP10,0.0037832481913905426
snoU13,0.0037829437602175833
uc_338,0.003782764838697864
RP4-555L14.4,0.0037824695903851554
AC107072.2,0.0037823192739334533
DHH,0.003781658247252757
RP11-274M17.2,0.003781606105007119
MSH4,0.0037813192323598996
RP11-459E5.1,0.003781186865480029
CHCHD2P11,0.003780775860582335
RP11-461F11.2,0.003780775762794035
RP11-575H3.1,0.0037805825669370414
RP11-768F21.1,0.0037803805677153945
RP11-492A10.1,0.003779832318003284
AP000266.7,0.0037792030376993637
RP11-421E17.4,0.0037784885407603033
AC004510.3,0.003778454834455276
TMPRSS15,0.0037783539301440515
RP11-897M7.2,0.003778230444396317
LINC01443,0.0037776434203130684
SLC25A4,0.003776730701418086
RP4-640H8.2,0.0037766341095093092
NR0B2,0.0037761794124497507
U2,0.0037756666771681054
Y_RNA,0.003775586662201323
EIF1P2,0.0037755121541782617
RNA5SP357,0.003775387220522485
IGFBP7-AS1,0.003775163280963675
RNU7-154P,0.0037751034628626242
NANOGP4,0.003775063791351709
AC018462.2,0.0037746278707593258
RP11-434C1.2,0.0037745788957712074
RNA5SP298,0.0037742740367048607
RPS15AP27,0.003774091364788617
SNORA58,0.0037726394333085205
RP1-296G17.3,0.003771987284980869
SPATA17-AS1,0.0037719684587738346
MRPL20P1,0.0037719591147151684
TRAV21,0.0037716053362127993
RP11-13P5.1,0.0037714497328650166
BAG4,0.003769909287995097
SPINK4,0.003769893800222944
ZNF556,0.0037698312357696165
OR52V1P,0.0037682399566016443
RP11-66D17.3,0.0037680276627358907
RNU6-1170P,0.0037671121847803308
RP11-542F9.1,0.0037670717111595686
RP11-459K23.2,0.003766730244189962
RFX6,0.0037661906059866406
MIR369,0.003766091261062599
HINT1P2,0.003766069553827469
KB-1980E6.3,0.0037659786083979025
CTD-3076O17.2,0.0037659664964916633
LINC00824,0.0037658086564260514
RP11-708B6.2,0.0037653648365673963
PSCA,0.0037651256844425367
RP1-69M21.2,0.0037649932818664285
FSD1,0.003764403501342877
WISP2,0.003764121174836699
RP11-576N17.3,0.0037638236490828017
GCM2,0.003763447905743484
CRIP1P4,0.003763106572748225
RNU6-994P,0.003762856238470448
RP4-784A16.2,0.0037623882807780087
RP11-9G1.3,0.003762205269407664
HMGN1P24,0.003762198031242308
TENM3,0.0037619302841622533
RP11-793H4.1,0.0037618417844132944
RP11-98D18.1,0.0037613960728960184
MIR27A,0.003761324243935805
ACKR4,0.003760922787408216
TPTE2P3,0.0037606472496028347
LINC01364,0.0037601064187587317
RFPL4AP6,0.0037592889262739377
AC006273.5,0.0037591197821326672
RP11-344F13.1,0.003758946267649299
AC004125.3,0.003758855532211498
RP11-263C24.3,0.0037581302474008304
AC005593.2,0.0037577042901554996
AC137932.5,0.0037576922483420357
PCCA-AS1,0.0037572480517805732
TMCO2,0.0037571619052937885
AJ006998.2,0.003756826284524813
S100A5,0.0037567470827355775
RNU6-711P,0.003756683791530841
CTD-2024F21.1,0.0037564778342421227
RP11-536P16.4,0.0037564563488556805
MTND2P13,0.0037561124298477414
RP1-288M22.1,0.0037557535638046975
RP11-146F11.4,0.0037552297989567017
RNU4ATAC,0.0037549915937120965
RP11-407N8.4,0.0037547172934526613
RP11-173D14.3,0.0037547107584923194
SNORD48,0.0037546311490082042
RP11-1260E13.1,0.0037545037797104405
INS,0.0037544218410481382
LINC00315,0.0037543875573243304
CTD-2013N17.7,0.0037536632824100575
SNCA-AS1,0.003753565778546636
MIR103A2,0.0037534935477738216
TTTY10,0.0037534366877697662
ATP23,0.0037534019830864377
RP11-476H16.1,0.003753361087249607
MTCO2P32,0.003752909886413072
RNU6-455P,0.0037520456406185815
HMX1,0.003751996785738836
BLACE,0.0037519206777218246
RP11-7F17.8,0.0037519064131132634
RP5-1057I20.5,0.0037517715845742368
RP11-208G20.2,0.0037517154659564805
RP13-577H12.2,0.0037503671229783342
RP11-313A24.1,0.003750160907984415
MIR4694,0.003749751914575558
RP11-287D1.4,0.0037496627349105937
RP5-857K21.4,0.003749001760361054
SULT6B1,0.00374889873948157
RN7SL635P,0.0037488225092128305
RNU6-986P,0.0037485227256589355
FOXD3,0.003748190860863735
HECTD4,0.003748076953072652
RP11-109D20.1,0.0037479870984215235
RP11-20D14.6,0.0037477727078178875
ARF4P2,0.003747099844823075
KRT18P64,0.003747041807811849
RP11-470C13.4,0.0037469028438259023
AC019178.3,0.0037468656300506456
RBPMS-AS1,0.0037468354964017413
RP11-293B7.1,0.0037467111533566184
CH17-76K2.6,0.0037461887841879564
RP11-424M24.5,0.003745652439751931
RP3-522P13.3,0.0037446618419268345
XDH,0.003744495429776939
RP4-726N1.2,0.0037444175945690185
RP5-858B6.1,0.003744371870586194
GPC6-AS1,0.003744202010530787
KRT18P42,0.0037436722746984775
CTD-2207P18.2,0.003743452195822126
IFIT1P1,0.003742803756691263
GRK2,0.0037427585537695126
NR2E3,0.003742578218791372
AC079612.2,0.003742040759681665
LINC01182,0.0037417673340736824
NRTN,0.0037413833668423647
LINC01539,0.003741182521949185
CH17-140K24.2,0.0037409908623437732
HMGB3P17,0.003740961130714405
RPS24P1,0.0037407111264355763
RP11-712B9.5,0.0037400583662805286
RN7SL850P,0.0037397477632475215
SPTSSB,0.0037395321728062353
SULT2A1,0.0037393738939551016
LA16c-425C2.1,0.0037390737068417217
NEURL4,0.0037389489541364384
FOXE3,0.0037386886528962804
AC016735.2,0.003738590423475682
RP11-260G13.1,0.0037384574167689927
RPS7P12,0.0037382289417691415
RNU6-61P,0.003737589104387353
CTC-308K20.2,0.003736999603301012
CTD-2545H1.2,0.0037369235217432025
RP5-1125N11.1,0.0037360670115776044
RNA5SP474,0.0037355569326158445
RP11-388N2.1,0.0037353841212137487
SNORD3A,0.003735197137412322
RP11-261C10.8,0.0037342776345881093
AC055764.1,0.0037340432369817136
RN7SL8P,0.003733926648474401
RP11-662M24.1,0.003733630652362306
RP11-297C4.1,0.0037335723370098637
RP11-40E6.1,0.0037327981608487938
GPR152,0.0037327484921489368
RP11-148L24.1,0.0037326856528365274
XXbac-B476C20.14,0.003732333647590257
RP11-787I22.3,0.0037321822423765872
RP11-144G6.12,0.003732055472003855
TERF1P2,0.0037316551606980455
RNU7-160P,0.003730319543696923
RNU2-68P,0.003729845287262719
C2orf74,0.003729416147968268
NORAD,0.003729390097372629
AC005786.5,0.003729161666897123
CTC-559E9.2,0.003728871408037702
MTCYBP35,0.003727743542488204
RNU6-1005P,0.003727684058667913
RP11-531F16.3,0.003727573228445297
AQP9,0.003727380053733889
RP11-434D9.1,0.003727333126056488
RP11-25D10.2,0.0037270057335623617
RP11-181B11.2,0.003725973384455535
RP11-966I7.4,0.0037259121056768905
RP11-245G13.2,0.003725393924660776
RN7SL213P,0.003725297937589919
CTA-292E10.7,0.0037252150195658386
AC093162.3,0.0037247016287330127
LSP1P3,0.003723668839287653
RP11-40E6.2,0.003723511980609217
GSDMA,0.0037223811881645125
RP11-424M22.1,0.0037223537765305598
KRT8P50,0.0037218983853158486
RP11-416A17.1,0.003720259026223613
RP11-21B21.4,0.003719780582849566
CDV3P1,0.0037194148918479894
RP11-370I10.6,0.0037192220848408382
AC099684.1,0.003718732805359423
RNU6-36P,0.0037182043747247505
C21orf91-OT1,0.003718134000989351
MIR5582,0.0037179668691092356
LINC00536,0.0037174915498814297
RP11-248G5.8,0.0037170659164072694
ELFN1,0.0037169787436555535
MT-TY,0.0037167393342456678
AC006130.4,0.0037165972721076796
RP5-915N17.11,0.0037162988769465165
SFTPA3P,0.0037160442113986355
RP13-143G15.4,0.0037157904946593817
SNORA74,0.003715562755673534
RP11-70L8.5,0.0037154049184727907
RP11-264L1.2,0.0037153931888971392
RP11-798K3.2,0.0037150351449238366
AL022476.2,0.0037150164220582536
RP11-10N23.5,0.0037149290462892095
SPCS2P2,0.0037147832043629052
FAM90A26,0.003714669751129467
ISCA1P4,0.0037140583003652515
KLF13,0.003714007552796777
RP5-1185I7.1,0.0037136388753976637
MIR379,0.0037124342227261463
ENOX1-AS2,0.0037124000242208595
HNRNPKP5,0.003711997616833807
RP11-794P6.6,0.0037118074706557302
RNY4P37,0.0037116151591404085
RP11-215P8.3,0.003711541485982298
RNVU1-15,0.003711497383977851
PDZK1IP1,0.0037111372516359367
RP11-165M1.3,0.0037107561667412106
RP4-705D16.3,0.0037106437259725434
FOXC2,0.003710413834613995
RDH8,0.0037102423090132263
MIR4270,0.003709631599428378
DNMBP-AS1,0.003709096622833905
MIR30C2,0.003708321871244484
RP11-287D1.3,0.0037078245528896522
PGAM1P3,0.003707399967421944
ARHGEF7-IT1,0.0037071194382652644
RP11-303G3.9,0.003706593630764215
RP11-554D14.6,0.0037061857252760175
RP11-13P5.2,0.0037061468193101514
RP11-3G21.1,0.0037061378621624863
RP11-507B12.2,0.003705970060373776
TPT1P11,0.003705960047775828
RP11-661D19.3,0.003705366130517433
KRT17P8,0.003704927668114811
SNORA15,0.0037047835272135386
RP3-467L1.4,0.0037045805220521483
RNU6ATAC4P,0.003704244611229997
RP1-240K6.3,0.003704136612809967
AC010969.1,0.003704114728334181
IGFBPL1,0.0037032954213721625
RP11-843B15.3,0.003703005323675854
C11orf72,0.0037027990932574505
RP11-465B22.8,0.0037027250964717737
CTB-22K14.1,0.0037015277772710024
SNORA51,0.0037005806438039383
MATN1-AS1,0.0037003236792589453
HIF1AP1,0.0037001570460910736
GALR2,0.003700106605226998
HSD3B2,0.003700059085791873
TRH,0.0036995750848276467
RP11-234B24.6,0.0036995629709469305
SRGAP3-AS4,0.003699562425704241
CTD-2085J24.5,0.0036993889498745116
DPYD-IT1,0.003698475315778398
MIR6812,0.003698359927873056
RP11-1197K16.2,0.003697889448597674
RP11-43D2.2,0.003697574880877081
RNU6-204P,0.003697106903265423
SMIM18,0.003696337877842968
RP1-300G12.2,0.003695980797728565
RPS2P36,0.003695749191946167
RP11-703I16.3,0.0036957401477047116
RPL13AP17,0.0036956875451645763
RPL7L1P4,0.003695627508049955
LINC01343,0.0036953721836509453
MIR4478,0.0036948515182528455
AF131216.1,0.0036946861272299037
OR52I1,0.003694646116591914
HIST1H4B,0.00369419161842214
RP11-474D1.3,0.0036939751066213306
OR51E2,0.0036935594598509363
RP11-258F1.2,0.003693552934372925
RP5-905G11.3,0.003693449016543226
TRAV8-5,0.0036932131088952607
AKAP8P1,0.0036930926985475803
MIR3197,0.003692587395410237
LRRC8E,0.0036924987446931225
SPTLC1P4,0.003692323001151773
CFAP44-AS1,0.0036921874089690413
TRIML2,0.003691671439475788
RP11-77M5.1,0.0036916615941265944
ARL5AP4,0.0036906190786903615
RNA5SP464,0.003690234762774816
CH17-13I23.3,0.003690019814454655
CA4,0.0036897492481692863
PATE1,0.0036893968362708197
RN7SKP44,0.0036887767414222794
SERPINA11,0.003688597417216974
RP4-742C19.13,0.003688442849784651
RP11-503N18.4,0.0036881592893971723
PNLIPRP3,0.003688015632389078
MTCO3P11,0.0036858982463073803
RP11-361A23.2,0.003685860479412861
RNU6-844P,0.003685611230561612
RP3-399L15.3,0.003684762596222681
RP11-340I6.7,0.0036845629651965283
RP11-16E18.3,0.0036842701562656032
PPM1AP1,0.0036840710540397073
RP11-300J18.1,0.003684064846410323
OR8B10P,0.003683680490549174
RP11-229P13.15,0.0036828537790321147
ACSM1,0.0036826122734802294
CTD-2318O12.1,0.003682540248256106
IGSF10,0.0036811520871915734
RP11-755O11.2,0.0036808254476585326
PCDHGB3,0.003680460000344497
AC003092.1,0.0036803855093399057
CTC-523E23.1,0.0036802726809015804
FRMD6-AS2,0.0036795177100256544
RP11-187C18.4,0.0036791624855742207
KCNK4-TEX40,0.0036784676868683577
C1orf220,0.003678372293396124
RP5-965G21.5,0.003678336246419009
RP11-342M1.7,0.0036778257002018657
RP11-15E1.5,0.003677477513186629
RP11-317J9.1,0.0036772240978756292
MTATP6P26,0.003676631134768573
RP11-34P13.13,0.0036765125447558015
RP1-65J11.5,0.003676179080283888
RAD51L3-RFFL,0.0036760901710836302
RP11-131K5.2,0.0036750696911861886
GS1-541M1.2,0.003674814063973701
KLF17P1,0.003674426373842295
RP3-520B18.1,0.0036741890841066435
AC093627.8,0.003674082775843024
RP11-575I8.1,0.0036737301699068937
RP11-563M4.1,0.003673662861051083
RP11-404K5.4,0.0036728651608943456
AC093110.3,0.003672668572026671
CTD-2337I7.1,0.0036721211225129047
RP11-356C4.5,0.003672052929703001
Y_RNA,0.003671722004606606
MIR95,0.003671546295145432
RP11-672L10.2,0.003671522920031801
RP11-371M22.1,0.0036706339723230168
MYO16-AS1,0.003669644516019163
ZNF317P1,0.003669264444157217
RP11-113E21.2,0.0036689611524211136
RP11-244G12.1,0.0036688997487932095
GUCY2D,0.003668436869432727
RP1-92O14.6,0.0036684202034220716
RP11-162G10.5,0.0036680771470338353
DSG3,0.0036680054691964827
MTCO1P28,0.003667964257601689
ERVV-1,0.0036677590858651917
RP11-386I8.5,0.0036675351475748733
DSC1,0.003667432492153824
SLC18A3,0.0036672083547779452
RP11-109M19.1,0.003666716007487037
RN7SL743P,0.003665693287355207
HTR2B,0.003665585958929729
CRYGN,0.0036653341466910782
SCOCP1,0.003664539635802035
RP3-431C21.1,0.003664531665178286
GBP4,0.003664391002590849
CABP7,0.003663526950266956
LINC01363,0.0036635073921572115
RP5-1050E16.2,0.003663432861137206
RP11-218L14.4,0.0036633193655428767
RP11-44N11.1,0.003662412939618464
ALX4,0.003662100566924487
RP5-1039K5.13,0.003660742732388125
RP11-709D24.5,0.003660607004469036
OR8Q1P,0.0036597482059970592
FAM222A,0.0036594536924157064
RP11-1143G9.5,0.003659248269160642
AC092155.4,0.003659116685385927
TMIGD2,0.003659079890620876
RP11-392A14.9,0.0036589620049225884
DMRTA1,0.0036580471053618497
RP3-446N13.5,0.003657840053811169
RP11-352D13.5,0.003657712514437256
FLJ22447,0.003657613049218364
AC108142.1,0.0036575879994817776
RP11-73M18.2,0.0036575563233553735
CACNA1C-IT3,0.0036574876558717927
RP11-53O19.3,0.0036572428102119806
RP11-87C12.5,0.0036565433369529854
RP11-25B7.1,0.0036563626036744887
SLC16A1P1,0.0036555502110726034
CTB-57H20.1,0.003655529497661571
AVPR1A,0.003655149040045946
RN7SL596P,0.003654771711019797
BMPER,0.0036544847404233046
RN7SL336P,0.0036544599117445163
RP11-265P11.1,0.003654387349429252
KB-1471A8.1,0.0036540820134513085
RP11-820I16.3,0.003653829668391291
KRTAP16-1,0.003653804293899113
RNU6-476P,0.00365343721317991
AC016582.2,0.0036531584949808
RNU7-124P,0.00365169454223831
RNA5SP337,0.003651694542238161
AC093326.2,0.0036511546915768546
RP5-875O13.7,0.003650944928082758
AC104076.3,0.0036505383068486303
XKR7,0.003650407204795175
RP4-584D14.7,0.003650263261637383
RN7SL664P,0.003650180056829156
RP11-317L10.1,0.003650112541583625
ADIPOQ,0.0036500363682675885
LINC01468,0.003649631023662327
RP11-268J15.5,0.0036494946046030634
FAM110C,0.003648745977471208
LINC00629,0.0036486064170472557
RP11-405F3.5,0.003648565959928942
MS4A2,0.0036481762517061632
RP11-196G11.2,0.0036480004844449934
LINC01314,0.0036479851241952447
HS3ST2,0.003647375019025324
Y_RNA,0.0036470232608357355
OR52B2,0.0036467162332580916
AC092839.4,0.0036466925000000986
AC104306.4,0.003646595616135673
RP11-1174L13.2,0.00364634323665873
AC009961.5,0.003646250839274404
SAA4,0.0036460787716770075
SNORD114-30,0.0036458861025340443
RP11-395B7.4,0.0036454934685443722
RP11-632K5.3,0.0036449390613576276
SMIM2-IT1,0.003644683091750039
PHBP5,0.003644623528526279
ABCC13,0.003644462864921961
EDN2,0.0036443171943924485
Y_RNA,0.0036437368602290996
RP11-930O11.2,0.003643551008096682
Y_RNA,0.003643269066265957
RP13-884E18.2,0.0036430056954545728
RNU6-1187P,0.0036427856380200196
AC068580.7,0.0036426880559034354
RP5-1119A7.14,0.0036424981996765553
GHSR,0.003642457649343335
TRBV7-4,0.0036420903442400633
CTB-3M24.3,0.0036418998734134432
TRIM64FP,0.003641781778241062
CTD-2008P7.9,0.003641175627598205
RP11-115J16.2,0.0036407264153420354
RNA5SP483,0.0036406897854258727
LCT,0.003640144061909051
RP11-297D21.2,0.0036396985106985956
ZFPM2-AS1,0.0036392385720603326
KBTBD13,0.00363902378968287
RP11-147K16.3,0.0036388254518285013
MIR320A,0.003637078389765204
ANKRD26P2,0.0036365664104806507
RP11-360N9.3,0.0036364545558109592
NLRP9,0.00363586620962661
AC096670.3,0.003635863799558705
RP1-251I12.1,0.0036356962932815964
RP11-368M16.3,0.0036353622521590467
C3orf36,0.003635113262886095
RP11-449J10.1,0.003635006483138195
RP11-253M7.4,0.0036347640253896456
C2orf57,0.0036343117471986843
CTD-2555C10.3,0.0036342978068927704
CTC-490G23.2,0.0036337268573281394
RP11-1396O13.1,0.0036327695358396982
TCEB1P33,0.003631857862980076
CTD-2199O4.4,0.003631796473140979
TRIM31-AS1,0.0036314190027746424
RNU6-834P,0.0036313904639821096
EML2-AS1,0.0036303711655605794
RP11-91I20.1,0.003630055402106908
KLF2P4,0.0036299329199248444
RP11-269G24.4,0.0036299252885213067
H19_3,0.003629897003155225
TEX40,0.003629767540933274
RNA5SP496,0.0036296696512471078
MTND2P5,0.003629329366082308
RP11-201O14.2,0.0036291933524140885
GS1-600G8.5,0.003629081102155056
ITLN2,0.003628771376377832
RNA5SP429,0.003628284625902843
CPN2,0.0036282222125247434
SULT1C2P1,0.003627276262194309
RP11-95H11.1,0.003627224480332274
RP11-416N4.4,0.003626407981646424
SNORA14A,0.0036258383008911134
NAV2-AS4,0.0036252912839907633
MTCYBP24,0.0036251200029584507
AC074389.7,0.0036249978487061453
RP11-337N6.1,0.0036245270583095735
CTD-2547E10.3,0.003624501250699998
RP11-434I12.5,0.003624321831856229
TESC-AS1,0.0036241857192344613
OPTC,0.0036235521557225607
RN7SL801P,0.0036229690439722024
RP11-289H16.1,0.003622742487892871
GACAT2,0.003622552047261171
RNU6-479P,0.003621720583041217
MIR4666A,0.003621675065784395
PDCL3P6,0.0036214216434095683
RP11-370F5.4,0.003621402104323458
RP11-367F23.1,0.0036211137977200923
HMGN1P11,0.0036208851789326577
PRICKLE2-AS1,0.0036202085246149923
TAS2R30,0.0036197036362303064
TMEM236,0.0036194720665653707
AARD,0.0036189598837069624
ART1,0.0036180480746574838
TLL1,0.00361789728854879
RETN,0.00361739931405606
RN7SL546P,0.0036167030800334132
RP11-532F6.5,0.0036164715560525955
RP11-561O23.8,0.0036163237897373413
RNY1P3,0.0036160401976210524
RP5-944M2.1,0.003616024734836067
ZNF697,0.0036158451700823045
LINC01416,0.0036157600914053347
AC104389.1,0.0036148748612060753
AC006077.4,0.003614871093551832
DNMT3L,0.003614715264235919
RP5-1164C1.2,0.003614496819720859
RPS6P21,0.003614371943942595
RP11-445F6.2,0.0036133470676265934
RP3-369A17.2,0.0036129337251169873
CTC-235G5.2,0.003612879286681506
LINC01481,0.003612556850328255
RP11-1140I5.1,0.003612295553127839
RP11-729I10.2,0.0036122161880256824
IL2,0.0036116944272337375
RP11-861L17.3,0.0036114838137042177
RP11-1149M10.1,0.0036112346784077667
SMKR1,0.0036111384330748623
LINC00453,0.0036107497673751295
RP13-635I23.3,0.0036106904766447082
CTC-332L22.1,0.0036102253588572546
RP11-281P23.1,0.0036100647706964477
FGFBP2,0.0036099627863769917
RNU6-315P,0.0036085788788189905
MTND4LP14,0.00360840209666625
RP11-527H14.4,0.0036083554623199824
EPPK1,0.0036082755061619216
RP11-624A21.1,0.0036077611150020787
MT1H,0.0036072038202817898
C16orf45,0.003606836740322151
RP11-74D7.3,0.0036067632705227073
RP11-296L22.7,0.0036063508643519523
RP11-528I4.2,0.0036060331485867165
FEZF1-AS1,0.003605237191393531
RP11-98J23.1,0.00360484189414149
RP11-436D23.1,0.0036036213504424142
KRT8P35,0.003603610841717217
RP11-113C12.4,0.0036025246579068342
RP11-212I21.2,0.003601483933263092
KRT8P30,0.0036010144821429883
RP11-249M12.2,0.0036008664442599464
RP11-326K13.5,0.0036008052806059017
RP11-304F15.6,0.003600399053531432
MT-CYB,0.0035999506319408037
LINC01585,0.003599233719211698
LINC01170,0.00359892364912766
RN7SL253P,0.0035987104127958598
PCDHGA9,0.0035983087681615332
RP11-32B5.1,0.0035979470149193485
U7,0.003597846792419446
AL137164.1,0.0035976119032286773
MTCO1P21,0.0035976119032285364
AC002523.1,0.003597611903228508
RN7SL337P,0.003597553484781601
RP11-1060J15.5,0.0035971135034997092
AL672294.1,0.0035960501584012634
ADM2,0.0035959812260165703
RP11-297C4.3,0.0035955010845668623
RP11-338N10.1,0.0035953449136373115
RP11-1070N10.7,0.003595195116720541
CTC-513N18.7,0.003594663775282392
FAM92A1P2,0.0035944057251366193
SLPI,0.0035940293297609767
RP11-504P24.5,0.003593227520816335
RPL21P65,0.0035930343096068026
RNU6-1065P,0.0035923810073489387
AC005391.2,0.003591850097754447
RP11-648L3.2,0.0035908314558243844
TRIM60P14,0.003590758500197218
CD164L2,0.0035906276445990637
MIR329-2,0.0035905098594860973
CTSLP4,0.0035899605047111085
RP11-96D1.9,0.003589953469210359
AQP2,0.0035892793649958555
SNORA31,0.003588825746930159
MUSTN1,0.0035887149036352216
FLJ30679,0.003588241833127317
RP11-167J8.3,0.0035882313643532805
RN7SKP287,0.003587789818746089
RP11-260O18.1,0.0035868642415333345
RP11-212E8.1,0.0035868505926418305
RN7SL559P,0.0035868209946649516
U3,0.0035865605263745303
ODF1,0.0035865035077163165
H2AFZP5,0.003586239418739711
RP1-261G23.4,0.003586082214200863
RP11-31H5.2,0.003585834370035601
CTD-2036J7.1,0.003585778296839934
C19orf45,0.003585403570402767
BMP7-AS1,0.0035854021709909637
INSRR,0.003585311070646994
AL589743.1,0.003585115964683891
THEMIS,0.003585080471853351
AP000356.2,0.0035845855919198906
CTD-2228K2.2,0.0035837756972828486
RP11-745L13.2,0.0035837706237511267
RP11-279O22.1,0.003583489093020129
MIR151A,0.003582902335703965
MICD,0.003582856445298727
RNU6-181P,0.0035828095766122815
RP11-263I1.1,0.0035820605098995212
RP11-131L12.2,0.003581978061014894
RP11-276H1.3,0.00358145432313847
RP11-420K14.8,0.0035810257321572474
CH507-152C13.3,0.003580921833414194
CTB-58E17.5,0.0035808800448993844
RN7SKP26,0.003580845439706923
LRRC4C,0.0035803547730036103
RP11-403D15.2,0.0035802370791560094
RP1-161N10.1,0.003579869603097928
RAD21L1,0.0035792329366090333
RP11-453N18.1,0.003579122781690943
RP11-3L21.2,0.0035790342580861094
KRT8P29,0.003578749271125748
RP11-806L2.2,0.0035785440565261925
RP11-80H5.6,0.0035784154410414644
RP11-573G6.6,0.0035777642263548864
RN7SL493P,0.003577199775828416
CTD-2353F22.2,0.0035771196357596738
CATIP-AS2,0.003576952771178771
SAA2,0.003576595452590948
LRRC10B,0.0035756862663486114
AC000032.2,0.003575640781261822
SERPINB4,0.0035754810807250557
SNORA40,0.0035754437124110874
CTD-2003C8.2,0.0035751499935399197
RP11-126O22.1,0.0035751410651633435
SPDEF,0.003574462603561653
CTC-297N7.10,0.0035742801866507556
RP11-473I1.6,0.003574178125747656
LINC00524,0.0035741474788947686
MT4,0.0035741136360948086
AC007246.3,0.0035740849992041473
RP11-1E4.1,0.0035732470211778636
RP11-318K12.1,0.0035730370739017604
OR2T32P,0.0035729926487561244
RP11-181B11.1,0.0035727372422915855
C21orf140,0.0035726115503142393
RP3-468B3.2,0.0035723443802661288
RP11-456I15.2,0.0035722348781386123
RNU6ATAC7P,0.003572195362378841
RP3-467K16.2,0.0035720558728994803
ZFP92,0.0035718007221465144
AC011516.1,0.003571500493551435
RP11-1072C15.4,0.003571475319427552
VSTM1,0.003571279535412558
BGLT3,0.00357083948892492
KRT74,0.003570385623156875
AC099754.1,0.0035702008772179653
MED28P8,0.0035697462994125437
MIR616,0.0035695465570100317
AC008281.1,0.003568649588287681
KB-1460A1.5,0.003568388925762138
TSPAN2,0.0035669477479745113
RP11-318K12.2,0.0035664796766772897
AC022816.2,0.0035660003613232623
GPAT3,0.003565993947653454
RP5-842K16.1,0.003565854500757499
C4orf45,0.0035656442936242557
RN7SL393P,0.003565183810390162
SNORA25,0.0035647211617635794
RIBC2,0.0035645716209363855
RP11-195L15.2,0.00356438387647674
RP11-453A12.1,0.0035642796668702544
RP11-353N14.7,0.0035641943580822597
AC092652.1,0.0035640480545961408
HMGN1P20,0.0035639870482698753
TRAV5,0.0035636384630155136
KL,0.0035636048823925637
VLDLR-AS1,0.0035632770867550343
RP11-674N23.4,0.003562266425243718
RP11-95I19.1,0.003561777329111371
RP1-228P16.9,0.0035617697470957245
RP11-494I9.2,0.003561328427342526
AC007875.2,0.0035605552979524613
FZD8,0.003560008150563976
RP11-212D3.2,0.003559901919211966
RNU6-606P,0.003559684262550766
RP11-586K12.1,0.0035594669821746292
AC073316.2,0.003558496585874983
AL591806.1,0.0035581628044439235
RP11-680F8.4,0.003557043908071953
RP11-310N16.1,0.003556981907440701
TRBV8-2,0.003556785504918904
LCE1D,0.0035565767371352475
CTD-2026K11.3,0.003554238866100722
RPL7L1P12,0.0035539867495360793
RNU6-595P,0.003553461222674663
RP13-228J13.9,0.0035531869700800045
RP11-495P10.7,0.0035527390631371783
RP11-177H2.1,0.003552263430201156
JAKMIP2-AS1,0.00355183682942877
SCRT2,0.003551792894006314
RP11-732M18.4,0.00355124518140571
LRRC74B,0.003550785566586323
ADGRD2,0.003550672873798409
RP11-514D23.3,0.0035506508858290193
AC093063.2,0.0035501956453274416
RPS27AP7,0.0035499064605093783
RP11-122M14.1,0.0035496430768780056
CNN2P9,0.003549416219094292
LINC01300,0.0035491862662416487
RP11-190D6.1,0.003549133797383065
AC090505.4,0.003549131979809025
CTB-2L9.1,0.003548874926882351
CTC-563A5.2,0.0035488522204383086
RNA5SP320,0.0035487180998072594
RP11-285G1.2,0.0035479491053925713
RP11-12M5.3,0.0035479060289934023
CTA-221G9.7,0.00354759223111603
MTATP6P17,0.0035472904593477164
RP11-62I21.1,0.0035472520986668515
LINC00682,0.003547062300446272
LINC00649,0.0035467138520092582
ROPN1L-AS1,0.0035465319358785018
RNU6-196P,0.003546524512883318
ZNF603P,0.003546375760265005
RP11-45A17.4,0.0035459069265951384
DOCK9-AS2,0.0035459054183091684
TTYH2,0.0035445539588864886
LINC00501,0.0035445261096469422
RP6-99M1.1,0.00354415235065675
LL22NC03-75H12.2,0.0035440820322038677
RP11-151A6.6,0.0035436079954193596
RP11-136O12.2,0.0035428126684650518
RP11-206P5.2,0.003542594762704155
CTA-221G9.11,0.0035425205581596864
RP11-513H8.1,0.0035420474448580428
RP11-1399P15.1,0.0035420009595742543
RP11-395L14.3,0.0035413667047681655
LINC01193,0.003540584022391759
CAPN12,0.003540058136915685
Metazoa_SRP,0.003540003808539548
RP11-396F22.1,0.003539331811385665
AC000367.1,0.003539306940322165
LHX5,0.0035390312721845446
RPS27P12,0.003538439701332248
MIR6769A,0.003538283178303345
CTD-2542C24.2,0.003538094545405187
RP11-442N1.1,0.0035376321713905126
RP11-370I10.4,0.0035373010412749536
CTD-2631K10.1,0.0035371854504122756
RP11-34P13.14,0.003537092815113922
RP11-1029F8.1,0.0035370884682568845
ZNF492,0.003537049976820405
CTD-2037L6.2,0.003536980444773669
AC004593.3,0.0035345108389524386
RP11-177B4.2,0.003534359585385625
PRSS46,0.003533588269941899
MIR148B,0.0035334741891223853
CTD-2026G6.3,0.003533353175313108
FAM90A28P,0.0035330950100967698
COL6A4P2,0.003533077047115097
MRC1,0.0035325876780214474
CTC-321K16.1,0.003532106670097811
KLRC2,0.0035321028531665045
ALPP,0.003531993975561047
MTND4P19,0.003531875087716473
BTNL3,0.0035318679261464787
CYCSP29,0.0035315646630415527
TCEAL2,0.0035315255869161444
RP11-550I24.3,0.0035313217162810944
GSTA8P,0.0035310932189158337
LINC01293,0.0035310852348141245
RP11-15E1.6,0.0035309696755675213
C9orf135-AS1,0.003530962120914113
NLRP10,0.003530538422458943
RP11-789C17.3,0.003530470441581035
GAPDHP23,0.0035304434438133995
FASLG,0.003530352778039937
RP11-574F11.3,0.0035301143395836294
RP11-343B18.2,0.0035300850026142015
RP11-571M6.15,0.0035292861017408254
TMEM261P1,0.0035292359276609484
RN7SL665P,0.003529093961179144
FABP4,0.003529055496056277
UBE2V2P2,0.00352874586213623
RP11-548K12.5,0.0035281080117477983
AC007557.2,0.0035274943869276327
RP11-671J11.4,0.003527087696336611
RP11-406H23.2,0.0035262236340289762
RN7SL520P,0.003525539340491496
RNU6-29P,0.0035252093164861273
LIN7A,0.003524890016244428
CDIPT-AS1,0.003524577073644936
RP11-511B23.3,0.0035241261679604275
HIST1H2BI,0.0035240805948673353
PCDHA11,0.0035239532281062568
RP11-326L2.1,0.003523675295825257
RP11-368M16.9,0.003523352393700639
RP11-298J20.4,0.003523282486069571
MTND5P13,0.00352327837656044
OOSP1P2,0.0035226875656221906
RN7SL819P,0.00352255889327055
LINC01396,0.0035223686076943216
RP11-304M2.3,0.003521913998282072
FAM133A,0.003521509995425468
LINC00960,0.0035207644058920136
RP11-332J15.4,0.003520116780272559
OR2A9P,0.0035199633382228626
RP11-462G12.4,0.003519245372072332
LMO7DN,0.0035190522062683127
RP11-319G9.1,0.00351896832695181
RP11-543C4.1,0.0035188038514560767
LINC01564,0.0035178302219551734
EXOC5P1,0.003517455507096556
RP11-95I16.4,0.003517179932954971
RN7SL736P,0.0035163776182994978
KIF3B,0.0035157393756352342
HSPD1P8,0.0035153656962588235
CTC-246B18.8,0.0035151191899942336
CXCL9,0.0035142124816628603
RP11-628O18.1,0.003513486738273802
RN7SKP297,0.003513340655175575
RP11-807H17.1,0.003513012981255146
HIST2H2AB,0.0035129080321750984
CYP8B1,0.0035114599400874916
AF064858.11,0.003510685508972235
RP11-132F7.2,0.003510002465594798
RP1-71H24.1,0.003509590494232003
LINC00896,0.00350930740266134
RNA5SP395,0.0035089904259623917
RNU6-208P,0.0035088109887008944
LSP1P1,0.0035083265841847878
LL22NC03-N64E9.1,0.0035081482937000977
PLET1,0.0035075432292246845
LL0XNC01-116E7.1,0.0035073547520323004
TRAV9-2,0.0035073160844402923
RP11-446H18.1,0.003507252746159568
RP11-794M8.1,0.0035070874036437845
WTH3DI,0.003507003990451634
RP11-363N22.2,0.0035069998973691506
RP11-927P21.6,0.0035063289955054792
pRNA,0.0035060740409525917
BPIFB1,0.0035058478407495653
RN7SL820P,0.003505786178085392
RP11-351N6.1,0.003505667147740576
CTD-2130F23.1,0.0035055007442417537
CTAGE3P,0.0035053290818627685
AC016831.6,0.0035052646864609273
ASNSP1,0.003504366778029636
RP11-146E13.4,0.003504022091691563
RP11-39M21.2,0.0035038043339927034
CTB-1144G6.6,0.003503721924789623
SLC34A3,0.0035027901765877193
C10orf91,0.003502469891250501
DRC1,0.0035024233228226264
CRYGEP,0.003502271392788436
PABPC5,0.003501805294698838
POU4F2,0.003501398190697807
RP11-617F23.1,0.0035012502195679147
KLF16,0.003500515469315599
KB-1410C5.1,0.003500327475800429
KCNK18,0.003499795853279435
RP11-406A9.2,0.0034993191432876694
RP11-712L6.8,0.0034988518690287317
RP11-302B13.5,0.003498784646313815
RP5-875H3.2,0.0034986929100944285
RP5-1065P14.2,0.0034983582670826924
RP3-415N12.1,0.0034980575498033185
AC105009.1,0.00349738282300986
CALM1,0.003497213288374349
RP4-714D9.4,0.003496763197232878
RP11-747I9.1,0.0034964868112676967
LINC00482,0.003496003133792614
SKOR2,0.00349582978767932
RAD17P2,0.003495717754103463
RP11-368L12.1,0.0034956914094249223
ADORA2A-AS1,0.003495435866300268
LCN9,0.0034953628142498465
RP11-618P13.1,0.003495183514814433
RP11-342A1.1,0.003494582179298613
RP11-158M2.6,0.0034945495343514377
RNU2-40P,0.0034944458497404257
SLC25A3P1,0.0034943329709427413
PCDHGB6,0.0034942618698263527
TNNC1,0.003493739019480437
TTPA,0.0034936225108524724
RP11-355K23B.1,0.0034929330546247216
LY6E,0.003492582743114255
Y_RNA,0.0034920586064524873
CDRT4,0.003492037089822585
Metazoa_SRP,0.0034911209636961653
RP11-508N12.3,0.0034910480669287994
RP4-590F24.1,0.003491046470043951
AC005625.1,0.0034909872903107118
RP11-620J15.1,0.0034904739432472087
FBXL22,0.0034902697562267013
TNFSF18,0.0034899762981911026
RP11-64C1.1,0.003489715122981421
C17orf96,0.0034894872381845865
LINC00954,0.003488545259731563
SCARNA4,0.0034884277396457514
RP11-184D12.1,0.0034880364037094725
PWWP2AP1,0.003487899604620737
RP11-1046B16.1,0.0034878188254898637
C10orf142,0.003487246261313775
SNORA36A,0.00348718979706163
TRIM51BP,0.0034871873609680993
HAND2-AS1,0.0034868945020734596
RP11-578F21.10,0.0034867886559984975
FEV,0.003486647331250779
AC011747.3,0.003486476406134599
BRDTP1,0.0034862330233841783
Y_RNA,0.003486199293213609
LINC01450,0.003485490960058853
AC105339.1,0.003485489921752861
AC083843.4,0.003485413667289093
MIR6821,0.0034852402715183704
RP11-567G24.3,0.003485002675920033
RP1-90J4.1,0.0034839148226416825
RP11-83B20.3,0.003483815711353148
MTND1P10,0.0034836349017902052
RP11-89B16.1,0.003482981557650887
RP11-603J24.4,0.0034829561967008107
RP11-108A14.1,0.0034826243782048777
AC002064.4,0.003482601560913986
AL359314.1,0.003482336996678994
HOXA13,0.00348232722273807
AP000432.3,0.003482208109255009
PAPPA,0.003481838503906918
LGALS4,0.003481615524662756
AQP7P1,0.003481484938677699
RP11-257I14.1,0.0034814063295517212
PICSAR,0.003481240510667528
RAX,0.0034806597193164177
RP1-142L7.8,0.003480004340723792
RP11-192H23.7,0.003479984756450458
FLJ42393,0.003479984452581514
RP11-20G13.5,0.0034798563286310264
RP11-95O2.5,0.003479805474747854
RP11-460N11.2,0.003479590982310705
RP11-253M7.6,0.0034793511873947697
MIR1278,0.0034791807314053648
FTH1P27,0.0034787006200368655
Y_RNA,0.0034777203914671743
RP11-15H20.2,0.003477536275852215
AZGP1P2,0.003477340629180094
AFF2-IT1,0.0034771751864730396
RP11-734K21.5,0.0034770154183919634
RNU1-28P,0.0034766038755245994
RN7SL440P,0.0034764983074419232
FGFR3P1,0.003476452551224911
RNU7-49P,0.0034760106387784094
GS1-304P7.2,0.0034758746951207412
RP11-109N23.5,0.00347541895340077
LILRA4,0.0034752378687370063
AC128709.4,0.0034750427786597845
RP11-98L5.5,0.003475023856149259
RP5-1100E15.4,0.00347444119561249
GPR1-AS,0.003474374314516985
RP11-231C18.1,0.0034740431218728144
RN7SL30P,0.0034734940656325967
AC008073.9,0.0034734055617090484
RP11-624L4.1,0.0034730673537917795
C11orf98P1,0.003473059888356468
RP1-136J15.5,0.003472916772528986
HCG11,0.0034725971839904128
RP1-55C23.7,0.0034723257090314742
KRTAP9-9,0.0034722368290982216
RP11-483P21.6,0.0034721970518249755
AC112715.2,0.0034718682682185324
MTND6P25,0.0034713816338782723
RP11-96B2.1,0.003471374489702157
RP11-725G5.3,0.0034712513186857443
RP3-521E19.3,0.0034703915461292427
RP11-68E19.2,0.00347027406244204
CTD-2017C7.3,0.0034700370699017307
OTUD1,0.0034696855268009238
RP1-122K4.2,0.003468655161214363
RP13-52K8.1,0.0034685625705899543
DNM1P34,0.0034683729935623088
NRN1L,0.003468366317739814
AP000797.2,0.0034678608562249205
RP11-14D22.1,0.0034674877701172057
RSPH1,0.003466458099742881
RP11-129B9.2,0.0034660021717944824
RP11-425M5.7,0.0034659728999188928
TUBB2A,0.0034658473521479833
LINC01543,0.0034657494154935694
RNA5SP243,0.003465731367971307
CHRM5,0.0034655570965664165
KIR2DS4,0.003465412893157752
CTD-2062F14.3,0.0034653686525383605
BTG1P1,0.0034653324416618484
RNU6-411P,0.0034651878465733342
SIK1,0.0034650990516283515
NBPF7,0.0034649620194327525
FLJ16779,0.0034647325417466244
CTC-458G6.2,0.0034646037694752133
RP11-640A1.3,0.0034644673123763983
RP11-56H16.1,0.0034643413044890057
GTSF1L,0.0034642285349936477
RP5-1011O1.2,0.0034642284124954885
BMS1P17,0.003464209380238458
C16orf97,0.003464188742078014
RP11-3B12.5,0.0034640126117747487
CTA-796E4.4,0.0034640113037843877
THUMPD1P1,0.003463997478548933
FAM86MP,0.003463726127224898
RP13-210D15.8,0.0034634237866900336
MMP11,0.0034627728720230456
RP11-350J20.12,0.0034622546304719703
RNA5SP57,0.0034620536171757403
RP11-30G8.1,0.0034612571525931093
RNU2-33P,0.0034604946490029826
BECN1P2,0.003460369850999796
CTD-2540L5.6,0.0034591683194420495
RP11-227G15.6,0.003459120565410668
RN7SL15P,0.0034586854834883288
PABPC1P8,0.0034575244597571633
RP11-407N17.5,0.003457254533951173
AC006159.5,0.0034568000696472197
RPS15AP30,0.0034560934134594584
RP11-723D22.2,0.003455832311249953
CTD-2568P8.1,0.0034556300371735103
RNF208,0.003455442089149147
RP11-331F4.5,0.003454856769964648
RP11-170M17.1,0.0034544226277308005
AC007919.19,0.0034542303207310524
RNU1-27P,0.003454092358057402
LINC00428,0.003453704900562571
DMC1,0.0034536883256156784
RP11-15I20.1,0.0034534511577387805
RP11-58A18.1,0.0034526165851984985
RPL36AP29,0.003452487716126474
RP11-221N13.3,0.003452451711152373
RN7SL118P,0.003452418232141901
RP11-479J7.2,0.003452180443053278
HIST1H4C,0.0034517599003819534
AC243945.1,0.003451529650740756
CTAGE12P,0.003451193848927173
FMO6P,0.003450794205784403
RP11-541G9.1,0.0034496995891404483
RP11-599J14.2,0.0034496697578539643
DCAF4L2,0.003449626898112095
FGF13-AS1,0.003449024774789747
IGLVIVOR22-2,0.0034489275867682677
ARMC4P1,0.0034489222983111138
RP11-236F9.2,0.0034487515791554097
MT1CP,0.003448454890018197
RP11-496I9.1,0.0034480540549256143
HIST3H3,0.0034478433268896064
TSHB,0.003447314761245092
OR7E100P,0.0034470709177585844
HRASLS5,0.0034464168737542524
ZNF839P1,0.003446018276884108
RP11-486L19.2,0.0034454214179124075
RP13-735L24.1,0.003445269358044512
AC007919.18,0.0034449120808211576
CTD-2145A24.4,0.0034447575231935073
RP11-467L19.8,0.003444734511650012
CTD-2047H16.2,0.0034446110570053308
RP1-179N16.3,0.0034439690622865412
C1orf158,0.003443076856827375
RP11-7M8.2,0.0034422706563505268
AC004637.1,0.00344168395941303
RP6-99M1.3,0.00344104846028268
RP11-214K3.22,0.0034403030610501133
TMSB4XP3,0.003440239657247379
AC002331.1,0.0034399790684816844
NHLH1,0.003439943711912099
HIST1H4PS1,0.0034394080740761056
SLC12A8,0.0034384721185645208
RNA5SP160,0.003438343561394953
MTND5P1,0.0034382747909222295
LINC01060,0.003438177781045423
RP11-346L1.2,0.0034374671704191363
RBPMS2P1,0.0034371735211757995
BEND3P3,0.0034362664096364614
RP11-167H9.3,0.003436059632696351
RP11-420H19.2,0.00343596549587769
FAUP2,0.0034351994908010434
RP11-63B13.1,0.003434775670182755
RN7SL351P,0.003433469909653897
RP11-557J10.4,0.0034327261782210604
WDFY3-AS1,0.003432409092870714
TTLL10-AS1,0.0034320122396537312
RP3-473B4.3,0.0034319064272300224
FLRT3,0.003431321771494995
RP11-348N5.9,0.003431162248715184
MIR887,0.0034311431420771233
PCDHGB1,0.0034311423089521042
RP11-284H18.1,0.003430755848413502
RNU6-726P,0.0034304156050748782
GHRH,0.003430384570102467
CGB7,0.003429874307097729
MIR8055,0.003429751783707164
MIR6512,0.0034295335445989035
RP11-426K3.1,0.0034290057806948024
RP11-83J21.3,0.0034289992054462454
SNTA1,0.003428900526966019
GS1-358P8.4,0.0034286961940213534
CCNA1,0.003428610120062821
RNU1-1,0.003428430939989634
RP11-308N19.3,0.0034270761939461155
CTD-3006G17.2,0.0034270686342929716
TRAV25,0.0034265929763526155
SCARNA21,0.0034265922339063617
RP11-405F3.2,0.003426404415128767
RP13-631K18.2,0.00342633878406462
MIR4512,0.003425832755643365
CTD-2143L24.1,0.003425638097564564
MUC5AC,0.0034254527528703982
RP11-527H14.1,0.003425376008644426
RP11-429P3.5,0.0034240740242881674
RP11-96B5.3,0.0034236335007141756
AC012454.4,0.003423597923016234
RP11-191L9.4,0.003422863380049003
LINC01204,0.0034217906080746593
RNU6-1039P,0.0034213411596107682
WFDC10B,0.003421278276190158
RP11-831H9.11,0.003421113051628142
SLC10A5,0.0034208730752932595
OR2S2,0.0034205687294281916
DDX43,0.0034205539406769797
GCHFR,0.003420400215537209
NKX2-4,0.0034202369361433257
SNORA16,0.0034196748410266617
RP5-1139B12.4,0.003419273995806219
RP11-53I6.3,0.0034192178781172343
CIDEC,0.0034185154296719864
RP11-116O11.2,0.0034180794037495443
RP11-1260E13.4,0.0034180435153195613
RP11-544M22.1,0.003417508308649725
PGAM5P1,0.0034170630661398776
RP11-883G14.4,0.003417019232669688
WI2-1896O14.1,0.003416704144872255
RP11-324O2.3,0.003416207956069251
DUX4L9,0.0034150591187926543
LBX1,0.003414622832343164
RN7SL221P,0.0034145170619941097
ARMS2,0.0034141418625855775
RP11-23J9.7,0.0034139975675329206
CYCSP34,0.0034139210834707155
RP11-107N7.1,0.0034135687776649867
PAICSP5,0.0034132913307102753
LRIT2,0.0034132792432617445
RP11-666A8.9,0.003413047390930617
RP11-945C19.4,0.0034127389198286367
CA3,0.0034125993719802713
SNORD114-25,0.0034121284486734807
LINC00865,0.003411792873208323
SCARNA17,0.0034115136446461304
KRT8P23,0.0034109712042771283
RNU7-200P,0.003410850258415288
SLC31A2,0.0034108085800375995
EMBP1,0.0034104703879818143
RP1-192P9.1,0.0034103296256291515
CA15P1,0.0034101183570146186
RP1-167O22.1,0.003409537434515667
DPPA5P4,0.003409231086788317
VIM2P,0.0034089550851968387
AC012668.2,0.0034085750035530342
L34079.4,0.0034085674163032097
RP11-383G10.5,0.0034084290114899957
Metazoa_SRP,0.0034081918722233865
RP1-224A6.8,0.003407906004450097
DPRX,0.0034078238525114485
SP6,0.003407583439182918
RP11-356J5.13,0.003407472627837224
CH507-210P18.3,0.0034073175828715297
TRAV13-2,0.0034071932226403256
RP11-432I5.6,0.0034069592276264157
MAGEB2,0.0034064030731036895
MALL,0.0034062876656844048
AC007349.4,0.0034054003470041653
RN7SL125P,0.003404865651066399
RPS4XP4,0.0034048449127005087
RP11-863P13.3,0.0034047362033082554
RP11-121A14.3,0.003404561892391165
CTD-2017C7.1,0.003404208761784522
RP11-888D10.3,0.003404040590874143
MESP2,0.00340311763810772
RP4-663N10.1,0.0034026327862215432
RP11-678L1.1,0.0034022494246478325
MIR548AN,0.0034021517607287113
OR6T1,0.0034020285544873515
IFNWP18,0.0034017735412816275
RP11-429B14.1,0.0034012738775198
RP5-961K14.2,0.003401175244596315
MT-ATP8,0.0034010692359762633
ZNF602P,0.0034010495161903615
KRT81,0.0034007113374799535
HIST1H1E,0.0034006712285791878
AC013262.1,0.0034004090629862344
CTC-235G5.3,0.003400385342015061
RP11-138E2.1,0.003400196724616107
SOST,0.0034000959406053385
ARHGEF9-IT1,0.0034000474104833216
GOT2P1,0.003399902623077189
MIR98,0.0033996307427744416
RP11-452D2.1,0.0033992760630387002
RP11-366L20.2,0.0033990508694058796
RP11-894J14.2,0.0033990328191916097
RP3-400B16.4,0.0033988236694110423
FAM95B1,0.0033987475595389756
MMP10,0.0033981252774247152
AP001627.1,0.0033980284799117084
VN1R48P,0.003396660573364345
RP11-351O2.2,0.0033963258151127884
CCL8,0.0033960644435166954
RP11-326E22.1,0.0033958943490113454
RAPGEF2,0.0033954552669910702
SGTB,0.0033953308920815
RP11-88G17.6,0.0033951922678776966
RP11-327F22.4,0.003394719338130421
RP11-532L16.3,0.0033944206043597467
BMS1P7,0.0033938245246968846
RP11-368P15.1,0.0033938169547756787
RP11-109G23.3,0.003393810587323362
CTB-107G13.1,0.0033934531235602122
COX6A2,0.0033932379917006985
TSPAN31,0.0033930449775153412
RP4-545K15.5,0.003393004958321482
C19orf81,0.003392985701382529
RNU5F-3P,0.0033927658053545073
RNU6-390P,0.003392242706512119
C9orf92,0.003391698535389983
RP11-474B12.1,0.0033912218789022043
OR9A3P,0.0033911125401059816
LUM,0.0033906115160300945
RP11-616M22.5,0.0033893115605023063
ST13P16,0.0033890707404270973
RN7SL279P,0.0033890672930014256
RP11-21M24.3,0.003388236068940655
RP11-265F19.1,0.0033880888888442994
AC126365.1,0.0033877558345358186
DLGAP1-AS5,0.0033871858552813085
RP11-197O8.1,0.0033866907915375234
AC022210.1,0.003386690791530747
CTAGE9,0.0033864732626514298
MMP1,0.0033864098609476924
CTD-2330J20.2,0.003386189477274198
RPL7AP65,0.0033852431186261085
CTC-344H19.6,0.003385127676616437
USP12-AS2,0.0033849757546027723
MIR3188,0.003384512966220373
TNFSF4,0.003384197659703588
AC147651.5,0.0033825491476524383
RP11-118E18.1,0.0033824011679982266
RNU6-1163P,0.0033821133545467617
RP11-8P11.4,0.003381855357446214
RP11-305L7.7,0.0033815548632365527
SERPINA6,0.00338101078387175
KLF2P2,0.0033808410174515557
HSPD1P21,0.0033806091704529297
RP11-379K17.9,0.003380519926865985
ERVFRD-3,0.003380364336006174
RP11-326C3.16,0.003380058134039823
RP11-433P17.1,0.0033800077469837713
RP11-118E18.2,0.003379551022550665
RNA5SP449,0.0033793014282909725
RP11-791G16.5,0.00337913295966834
RP11-195M16.3,0.003378937943830242
CTC-497E21.5,0.0033784011626051026
NEUROD4,0.003378059160418224
GLYAT,0.003377952649409951
PPY,0.003376939579031182
RP11-326A19.4,0.003376925152622505
RP11-520H14.1,0.0033765511171662556
CTXN2,0.003376334395899532
RN7SL750P,0.003376143336633217
RP11-131K5.1,0.003375035771641709
RP11-296C13.1,0.0033749266615122186
WNT8B,0.003374689255407809
FFAR3,0.0033742357574639585
RP11-311B14.1,0.0033739730107143003
RN7SKP74,0.0033739045398665122
DNAJC25-GNG10,0.003373645219377216
POM121L4P,0.0033736450907905025
MIR26A2,0.0033732537272089347
NUDT10,0.0033731114101453624
RP11-576C2.1,0.003373061209080633
SNORA64,0.0033726838543441445
RP11-505P4.7,0.0033718709647371182
TRAV4,0.003371698091507941
AC009955.8,0.003371612790335741
RP11-83A16.1,0.003370645095511179
SCT,0.0033706266552637463
RP13-1056D16.2,0.003370546230456536
LINC00689,0.003370518669930187
RP1-212P9.3,0.0033702108037111395
KRT18P52,0.003370050514611083
RP11-162D9.3,0.0033700059196044648
RP11-1180F24.1,0.00336991493831553
FLJ37505,0.0033689947199933225
CTD-2547L24.3,0.0033683533401806277
RP11-331H2.4,0.003368310902292309
NEUROG1,0.0033678454367458794
SLC5A3,0.003367842087586914
IMP3P2,0.0033671362350963093
AC106900.6,0.0033670794614012694
CTD-2195M15.3,0.003366869182119351
RP11-136K7.2,0.0033666640570977524
PHKA1-AS1,0.00336639123457482
C3orf22,0.003366368865047823
RP11-418J17.3,0.00336633148708946
WNT7B,0.003366097555979255
RP11-250H24.2,0.003365921887043209
RP11-303E16.5,0.0033657260082474148
RP11-244N9.6,0.0033652845691124053
RP11-266A24.1,0.0033652398061950806
RNA5SP290,0.003364785081127319
RP11-6N17.9,0.003364575100486255
KHDC1P1,0.0033641767795104848
LINC01422,0.0033639368358717283
GFRA3,0.003363286820983708
RN7SL151P,0.003362884899458707
AL450226.2,0.003362800019282368
MIR5692C2,0.0033621301048584406
RP11-495K9.7,0.003361819924059516
RP11-18B16.1,0.0033618018062522704
RP11-49O14.3,0.0033614211090090993
CTC-471J1.9,0.0033613548475514322
MIR579,0.0033613006291902314
RP11-259O2.2,0.003361274735567792
Y_RNA,0.0033607707465402358
RP5-945I17.2,0.003360437716247807
RP11-275I4.1,0.0033603857608099394
C6orf203,0.0033603186805708026
RP11-527F13.1,0.00335945963119443
PPP1R15B,0.003358734926527249
PCBP3-OT1,0.0033574580551930344
CTB-88F18.4,0.0033561873950095173
RP11-75C9.2,0.0033560793035587967
RP11-236L14.2,0.00335576977385923
RP11-259G18.3,0.0033557091382363977
RP11-152F13.10,0.0033555500748745784
CADM2-AS1,0.003355409200606469
RNA5SP434,0.0033553572624495888
OTOP3,0.0033541279491002794
RBPJL,0.003353753915372577
AL928654.7,0.0033529120397253324
RP11-5A11.2,0.0033525269558127703
SPDYE22P,0.003352307651148487
RP11-631M21.7,0.003352302447825833
TDGF1P6,0.00335210692105083
RNU2-46P,0.003351819422704695
TRABD2B,0.003351672814498912
MIR4728,0.003351619366375573
CARTPT,0.003351054320599038
TRMT112P2,0.0033505573929881877
RP11-274A11.5,0.003350392052015129
RNU6-135P,0.0033501319566271166
MIR574,0.003349733205579668
RUNDC3A-AS1,0.003349440862328238
TVP23C-CDRT4,0.0033492116478026006
AC073464.7,0.0033492034883276832
LINC00632,0.0033490466507657183
SAA1,0.0033477760855506514
COL11A2,0.003347659628933153
PCSK1N,0.003347064194107566
RP11-702L15.4,0.003346971437041592
WDR38,0.0033468839469050905
RP11-417B4.2,0.0033460677301643095
RP11-80B9.4,0.003346039010893523
LINC00574,0.0033460076869338017
LL22NC03-80A10.11,0.0033451613721604623
AC068138.1,0.003344729231997783
RP11-379L18.3,0.00334442488233394
KB-1254G8.1,0.0033435591579205398
TAF9BP2,0.0033434994209273726
IARS2P1,0.0033434322698254744
RP11-589C21.2,0.0033433020003251247
RP11-9B6.1,0.003343275770593938
APOBEC4,0.0033429248080785873
PTP4A1P3,0.003342737680202143
ABRA,0.0033424325045636034
FOXD2,0.003342395291942602
SNORD38A,0.0033423584858409995
RP11-344B2.3,0.003342310681931992
RNU6V,0.0033416385269510805
CTB-191K22.6,0.003341539126873196
RP11-391J2.3,0.003341180806876446
RN7SL824P,0.003340302348679905
RP11-158A14.1,0.0033400365742347394
RP11-297M9.1,0.003340032885635634
MIR3179-1,0.0033398238785052824
PAQR8,0.00333959660901782
MTCO2P33,0.0033389336021905046
OR7E136P,0.003338841057646805
BPIFB5P,0.0033387213817884756
RP11-503C24.6,0.003338502058591046
RP11-542B15.1,0.0033383903243880465
LINC01580,0.003336707659612395
SAA2-SAA4,0.0033362489689227246
FAM86LP,0.0033361849300639046
ACOT4,0.0033357258061419517
GLYATL1P2,0.00333541311576304
AC083864.4,0.003335314752349116
CTD-2012K14.2,0.003335110380023089
RP11-181K12.2,0.0033350003962054984
Y_RNA,0.003334737068038467
CTD-2589H19.6,0.0033346541005602223
RNU6-10P,0.0033342091491971337
TBC1D3E,0.003334166036607455
CTD-2538G9.5,0.0033339784664051975
TRBV6-1,0.0033336196059754524
BMS1P8,0.003333440427621103
AC079630.2,0.003333189416797911
CTD-2329C7.2,0.003332752740715484
PHKG1,0.003332396536434521
SNORA20,0.0033318912983926314
FRG1JP,0.0033315386208414514
AP005530.2,0.003331325912391285
KRT18P22,0.0033309565162516217
ITGA8,0.0033304226173779873
KLRC4-KLRK1,0.0033303667237206463
DPPA5,0.003330290977076424
RP5-1126H10.2,0.003329584646309221
DSCAS,0.003329066044343829
RP11-73M18.11,0.003329034712940581
RN7SKP78,0.0033286850959837
CDK17,0.0033286442846625357
RHBDL2,0.003328560045512769
RP11-982M15.6,0.0033281529376469965
CTD-2182N23.1,0.003327801658460331
RP11-101E5.1,0.00332774822762897
PLAC4,0.0033277198877451767
RP11-299J5.1,0.0033274074663888244
HMGB1P27,0.0033272274636027568
RP1-144F13.3,0.0033271535044799754
RP11-248B24.5,0.003326811841862621
FREM3,0.0033266499901246456
AC007556.3,0.0033262180110571033
AC008074.5,0.0033248357111364253
ROR1-AS1,0.003323544962253837
HMGB1P13,0.0033233843029903984
RP5-1057B20.3,0.0033229178453341034
RP11-162D16.2,0.0033228130951559144
RP11-212D19.5,0.003322118965590627
RP4-635A23.4,0.0033220332105927787
GZMAP1,0.0033219983049764495
MAGEC1,0.003321534606697437
MIR6768,0.00332123221981376
RHOXF1,0.0033212258889982354
TMEM35A,0.0033211876030607066
MIRLET7G,0.0033211091504044632
LTV1P1,0.003320640765241263
RN7SL204P,0.003319470823985044
LRRC31,0.0033191216632711784
RP11-90L1.8,0.0033191052752384867
RP11-367H1.1,0.0033188361175043465
PLA2G12AP2,0.003318831543446964
ACTL9,0.0033187928762790525
UBXN10-AS1,0.0033181215303438893
RP11-807E13.2,0.003317485242779336
DUXAP7,0.0033173995040659417
CATSPER4,0.003317012056938171
ANKRD20A21P,0.0033164116102964657
RP4-742C19.12,0.0033157806325868596
RNF222,0.0033156094466381854
SLC2AXP1,0.003315465327401412
AGAP14,0.0033154398502861044
RP11-513G11.2,0.003314382989639145
MIR5188,0.0033140372449477046
MYBPHL,0.003313822768544364
TMEM61,0.003313689248019018
IGLC2,0.0033135824343937213
RP11-524C21.1,0.0033131390260815255
CPB2-AS1,0.003312858360220102
RP11-380P13.1,0.003312532406662391
RP11-168O16.1,0.003312343210674914
RP11-30K9.7,0.0033122915942416647
RPSAP51,0.003311408602053528
BUD13P1,0.00331124773093127
GAS2,0.0033106443920122917
AC087499.4,0.003310327539013458
RP11-473C19.1,0.0033100464317429752
RP1-253P7.4,0.0033097230782259085
LINC00415,0.003309382321862238
LRRC3,0.0033091606142950265
LINC00844,0.003309024138489471
Y_RNA,0.0033079012584722512
RPL31P54,0.003307627651192299
PRR29,0.0033071137948796187
SNORD81,0.003307061090401446
RP11-282A11.3,0.0033058846637629537
RP3-453C12.14,0.0033058410716675026
AGMAT,0.003305349733044407
MIR4733,0.003305033104790133
RP11-260N14.1,0.0033047196577502104
RP11-197M22.2,0.00330367632509589
Y_RNA,0.0033034938231742196
RNU6-1143P,0.0033033444615086774
AC000081.2,0.003303211488382229
HPDL,0.0033030839362808914
RP11-63K6.1,0.00330244703818066
Y_RNA,0.0033023292671556168
AC008691.1,0.0033022629048982204
TRBV18,0.0033016797646159375
RP11-281P23.2,0.003301462791483053
MIR3167,0.003301339684448867
LCE5A,0.003301121232897205
RP1-228P16.4,0.0033001939997618643
PRSS29P,0.003299497785524275
LINC00837,0.003298598445029257
CTB-35F21.4,0.003298325680791133
RP11-507J18.2,0.0032976850408878537
RP11-205M3.3,0.0032973942437000904
RNU6-377P,0.0032973887832264937
CDRT15P2,0.00329650109638996
RP11-54O7.18,0.0032962637718470093
RN7SL134P,0.003296124150130426
DGCR12,0.003295769610572347
RNU6-126P,0.00329563434855225
RP11-564P9.1,0.003295232423281321
XXyac-YR29IB3.1,0.0032949774250785728
MIR1296,0.003293972547769191
SEMA7A,0.0032936280182239088
GCSAML-AS1,0.0032934715652235746
HMGB1P30,0.0032927926124014933
RP11-494K3.2,0.0032925374479584723
RP11-331H2.3,0.0032920735923740434
RP11-511B23.2,0.0032914012487809258
ZNF849P,0.0032906690250695736
MIR151B,0.0032906348722012094
ARMC8P1,0.003290355823582696
AC002511.2,0.0032895446743942155
CTC-455F18.3,0.003288353838371865
PSD2,0.0032877150522657114
RP5-981O7.2,0.0032875722747399516
LINC01486,0.003287480419770515
LINC01239,0.0032867006477153376
AC079584.2,0.0032865971834569884
SNORA42,0.0032864428737801013
RP11-224O19.5,0.0032860785487371182
RP11-415F23.2,0.0032858558797169276
MFSD13B,0.0032855909900288962
RP11-478C1.7,0.003285310841485642
LINC01012,0.0032850232593077777
RP11-133K1.7,0.003284963722293727
TVP23BP2,0.0032847624745085168
RP11-498C9.12,0.003283869690782175
RP11-91I8.2,0.0032831990860493314
SSBP3-AS1,0.003282780863248213
RNA5SP490,0.003282642506725858
AC139100.4,0.0032820640121432056
MIR4668,0.0032816944346384263
RP11-94B19.4,0.0032816345532570273
TRAV38-1,0.0032814747903537307
SNORA79,0.003281455887662724
RP11-549B18.1,0.003281020645622272
CTD-2366F13.2,0.0032808178910818755
CYP2F1,0.003280302030224144
MIR1208,0.0032802730795104215
RP11-1017G21.4,0.0032798684894453332
RN7SL246P,0.0032798300685110814
CTD-3010D24.3,0.00327926839586932
RP11-11N7.4,0.0032785333725185196
RP11-473O4.4,0.0032780879395606886
HP,0.003277967735551663
RP5-1056L3.1,0.0032777895599287983
RP11-1006G14.5,0.0032773718628622012
RP11-284P20.3,0.0032773261560973565
RP11-12L8.1,0.0032771823817860863
KIRREL3-AS1,0.003276930604680642
RP11-426D19.1,0.003276759438141107
RP11-434C1.6,0.0032764862124549116
CTD-2210P24.6,0.0032764081348740015
RP11-23D5.1,0.003276235867449568
RP11-252I14.2,0.0032761874925209696
RP11-589M4.4,0.003276089463026551
LINC00437,0.003276088820813675
FBLL1,0.0032760392179278295
MTATP6P1,0.003275987985716136
RP11-523O18.1,0.003275829186269957
RP11-755E23.3,0.0032754301431692015
AC007131.2,0.003275159158495482
ADAM20P2,0.0032750313490089076
MIR4643,0.003274711685765448
RP11-1212A22.8,0.0032747116857654002
RP11-263C16.2,0.0032744562186570354
RP11-114H23.2,0.003274116788777929
RNU6-907P,0.00327389413876592
CDH10,0.0032731286815420903
PIP5K1P2,0.003272311561265264
AC025165.8,0.0032718649354179434
PROK1,0.00327084186865687
CYP2B7P,0.003270823708641374
RN7SL704P,0.003270030708151467
Y_RNA,0.003269728757327342
PRSS2,0.0032697133760447275
GIPC2,0.0032692391462601847
TDRD15,0.0032691561613487356
MIR4664,0.00326885274220155
RN7SL316P,0.003268809239933815
AC005757.6,0.003268684839904403
KCNH4,0.003268330077398394
UBE2CP1,0.0032681155104974627
AC020571.3,0.0032671409193479736
RP11-99J16__A.2,0.003266388883536167
RP11-80B9.1,0.0032663395035284733
RP11-107E5.3,0.003265849465399758
RP11-725M22.1,0.0032656643572838754
TECTA,0.003265240741035611
BMS1P22,0.0032649038523404257
RP11-7K24.3,0.003264808621896619
RP11-628M2.1,0.0032646937089228713
RP11-713D19.1,0.0032642974487389884
MIR3945HG,0.003264174513857511
RN7SL258P,0.0032641439709687535
HTR3E,0.00326400854538283
CCNO,0.003263903618744798
RP11-451B8.1,0.003263115441866034
CYP1D1P,0.003262533628206907
AL133243.4,0.0032625027804422846
RNU6-409P,0.00326219266258868
GPR63,0.0032621444725527563
Metazoa_SRP,0.003261789241691438
WAC-AS1,0.0032613893840219136
RP11-331D5.2,0.003261316934174794
FAM174A,0.0032612909982423846
LHFPL3-AS1,0.0032612368043204196
RP11-622C24.1,0.0032611786561168713
CTD-2308N23.2,0.0032611688397696493
AC005597.1,0.003260805974914382
APOD,0.0032607890590949347
RP11-667F14.1,0.0032606569255042854
RNU6-658P,0.0032602746646285346
AC084082.3,0.0032602647170184283
ARHGAP19-SLIT1,0.0032601553852317244
MIR550A2,0.00326010203607187
LINC01614,0.003259837622506605
RP11-33H15.1,0.0032592195278405177
RP11-131K17.1,0.0032588754858099466
CTB-14A14.2,0.003258472059121873
RP1-63M2.5,0.0032581768174170505
FTH1P19,0.0032578867732325706
IL36B,0.0032577129042803223
RP11-655M14.12,0.003257683273888651
RPL22P17,0.0032565977639603875
RN7SL225P,0.0032564660544290905
TRAV23DV6,0.0032562991456994285
RP11-616K22.2,0.003256131766180093
SLC6A1,0.0032559467183903654
RP11-479O16.1,0.0032559086451631938
SLC46A2,0.003255769541420696
AC006427.2,0.0032549625397928213
ARHGEF34P,0.0032544895906206784
RP11-474I11.8,0.0032530983787586454
AC002542.2,0.00325245706399592
LINC01101,0.0032523119742709724
RP11-94C24.8,0.003252218280750511
RP11-3M1.1,0.00325138706215729
RP11-365D9.1,0.003251301868304025
RP11-545M17.3,0.003250664371452612
MYO15B,0.0032504587767101314
RP11-78A18.2,0.0032500262214716358
AKR1B10,0.003249555962747429
MIR455,0.003249503331917901
RNU6-325P,0.003249120225949103
RP11-214J9.1,0.0032489309132786785
SLC34A1,0.003248882719587748
RP11-63M22.1,0.0032486213824693163
ZNF876P,0.0032484878677542634
RP1-186E20.1,0.0032482974829589058
IGLVIVOR22-1,0.0032478756866503498
CRYBA1,0.0032448187884844253
LINC00636,0.0032445358270406788
ZNF72P,0.003244226660534521
TAAR6,0.0032440988568730807
CTC-448D22.1,0.003243917523075483
KRT18P37,0.0032429489460519957
IGHV3-30,0.003241832500405907
KIAA1462,0.003241539378398742
CLSTN2-AS1,0.003240854219532407
RP1-66C13.4,0.0032407497270449006
RP4-749H3.2,0.003240724665111996
RP11-569G13.2,0.003240716237634192
RP13-507P19.1,0.0032402163251766805
AL691477.1,0.003240127897344578
FAM13B,0.0032399987517082907
RN7SL589P,0.0032397671421442154
KRT8P7,0.003239579492520544
PSG4,0.0032394522416804997
BSNDP2,0.003239326093628069
OR1K1,0.0032391158451465607
G6PC2,0.0032389147110529516
RP1-184J9.2,0.0032389040422372913
RP4-564F22.7,0.003238733148178705
MIR138-2,0.0032383917972725624
RP11-171L9.1,0.0032377873336697513
CLYBL-AS2,0.0032377036640834026
CNTNAP3P5,0.003237235735835543
RP11-154D6.2,0.0032371469799617374
RNU4-16P,0.0032371179519050048
LOXL4,0.003236657076135067
SCN4B,0.00323645943049624
RP11-1277A3.3,0.0032357837784119407
RP11-641C17.4,0.0032347209695957053
PYCARD-AS1,0.003234330837892875
STARD13-IT1,0.0032340575171419996
RP11-111M22.5,0.003233887564046248
RP11-771K4.1,0.0032333151027968457
RNU6-237P,0.0032331371287506673
RP13-895J2.6,0.0032320930504700887
RP11-410K21.2,0.0032306367105660637
LINC01231,0.0032301924992254737
RN7SL711P,0.0032301195049946815
RP11-642D21.2,0.0032300377022775957
SLC1A4,0.003229940641182607
RP11-169F17.1,0.003229737896852641
CTD-2547H18.1,0.0032295811825306057
FMR1-AS1,0.0032291348722794534
RP11-295H24.5,0.0032291162877249916
ZFP91-CNTF,0.003228811418411166
RP11-1D12.1,0.003228430210429504
TRAV8-2,0.00322842998594581
CTD-2372A4.1,0.0032281255370028255
IFNWP19,0.003227886718275976
RD3,0.0032278304306956013
RP5-858L17.1,0.0032278076279615873
IFNA5,0.0032275719282314702
RP1-190J20.2,0.003227080260537956
RPL7L1P1,0.0032262477057832945
RP11-355N15.3,0.0032261405270976335
AC005237.4,0.003225546009377664
TEX38,0.0032252111880493495
RP11-51B23.3,0.0032250979021969037
RP11-680C21.1,0.003224971510863629
CTD-2537I9.15,0.003224461494741276
AC106786.1,0.003224217680974905
RNU6-57P,0.0032240515335782744
AC011999.1,0.0032235157472494036
RP11-89K21.1,0.0032231317572906106
Y_RNA,0.0032230755912215883
P2RX3,0.003222949054782676
MTCO1P30,0.0032228199359974944
IFIT1B,0.0032228012346040085
RP11-88I21.1,0.003222424390845958
RP11-168O16.2,0.0032223670593279938
MTND4P4,0.003222049739470697
RP11-212E4.1,0.0032219337687002343
CTB-73N10.1,0.003221762963958938
MIR499A,0.0032216162455381303
RP11-95H3.1,0.003221395326126431
RP11-269F21.1,0.0032211935665524254
FAM183A,0.0032207845590066
RP11-384J4.2,0.003220668459216691
RP11-1084J3.1,0.0032205456167423065
ZNF92P2,0.0032205223619417383
NCBP2L,0.00322026990427972
RP11-1H8.5,0.0032202516750447527
MYOD1,0.0032202000297724895
DDX43P1,0.003219975534060004
CXCL8,0.0032191955630669076
RP11-756H20.1,0.0032182802919985837
RP5-874C20.8,0.0032182337825270163
CELA2B,0.003218193484609869
HMGB3P4,0.003217506076446342
RP11-5G9.6,0.0032169729230636913
TBPL2,0.003216934298951279
TKTL2,0.0032168820822047407
TCF15,0.003216609977995337
RP11-498P14.5,0.0032162625844125896
RP11-1C1.5,0.0032159626263086995
AC020956.3,0.0032158027075136564
OR7E62P,0.003215786687034463
AF064858.6,0.0032156437305482853
EIF2AP4,0.0032151264785058235
RNVU1-7,0.0032147324309037303
MIR6865,0.0032144042986785816
MTCO2P20,0.003213653293784856
CTAGE16P,0.0032129706795026498
CYP1A2,0.0032128499208810032
RP11-67L3.2,0.003212680228091441
SNX18P12,0.0032126010706151134
RP11-563P16.1,0.003212316784888674
RP11-640N11.2,0.003212148302420531
FAM95B1,0.0032117089786268516
CTD-2270P14.2,0.0032117085872339565
LINC00398,0.0032111228126456386
RP11-211G23.2,0.003210587490144028
RN7SL856P,0.0032100265996409605
RP11-10K17.6,0.0032097068933384415
CTD-2008P7.1,0.0032096729225410256
RP1-225E12.2,0.0032093860873607717
COX6B1P4,0.0032091200698088347
RPS29P15,0.003209043802526322
CCL26,0.003208542399582579
LINC00407,0.003208488151460102
RP11-14C10.3,0.0032057321575558375
RP11-22P4.2,0.003205497124861558
TMEM14EP,0.0032054756432649515
RP11-164O23.8,0.003205065645827524
XXbac-BPG299F13.17,0.0032047276189345105
RP11-861E23.2,0.0032043472015194723
NPIPB8,0.0032042615271785533
UPK3A,0.0032033008294180096
RP11-767L7.2,0.003202749412486341
PCDHB4,0.003202655669541149
TMEM139,0.0032018997105081617
KLKP1,0.0032014706764197055
RP11-58A11.2,0.003201395537069628
RP11-118H15.1,0.0032013767001435826
AC007036.6,0.0032010640661972716
NAALAD2,0.0032006365736586932
RNU6-600P,0.0032002261546404346
FUCA1P1,0.003199874802288354
CTD-3137H5.4,0.0031997635080533425
THAP12P8,0.003199291296450468
OR52B5P,0.0031989735520694404
RP11-454H19.2,0.003198493152634503
MIR8058,0.003197984705578919
RP11-45P15.2,0.0031975637251749176
MAGEA1,0.0031974501292688314
RP11-1057B8.2,0.003197321839236687
NUP107,0.0031967718780039106
CTD-2340E1.2,0.0031966192768844593
CTC-441N14.4,0.003196472101393446
RNU6-686P,0.0031959102357174383
CHIAP1,0.0031958335675393154
SMCO1,0.0031956686539778784
RP11-530N7.2,0.00319550455598503
RP11-630D6.5,0.0031948835042107664
HIST1H4A,0.003194476603437822
RNA5SP450,0.0031944215716246667
TCF23,0.003194321182311765
OPCML-IT1,0.0031942831452655453
SNORD115-38,0.0031942445278015136
FABP12P1,0.0031942445278015136
CTD-2050I18.2,0.0031942445278015123
FRG2MP,0.0031942445278015123
AC005324.7,0.0031942445278015114
RP11-297A16.2,0.003194111421969937
RP11-89K18.1,0.0031937307714505403
RP5-1033H2.1,0.003193730771450537
Y_RNA,0.0031937307714501686
CTSE,0.003193418155245226
RP11-212I21.4,0.003192824274542537
FCER1A,0.0031923192690324485
XXyac-YX155B6.7,0.003191830147244868
RP5-1049G16.4,0.003191655214793044
LINC01344,0.0031916379009957127
TRBV7-6,0.003191472391590915
MTCO1P55,0.0031914338315930262
CXorf67,0.0031912146504683454
RP11-845C23.2,0.0031900778963395203
uc_338,0.0031893107642268687
RP11-100G15.10,0.0031891361636171545
FRS2,0.003188798822731763
KB-1043D8.8,0.0031887543391903215
RP4-742J24.2,0.003188457291498884
LINC00304,0.0031881822332983692
RP11-732A19.9,0.0031881177630458746
AP001625.6,0.003187451900921407
RP11-296I10.3,0.0031870561306345173
RP11-804N13.1,0.0031864219605212294
PNPLA3,0.0031854557649734325
TRAV13-1,0.003185418148770214
UROC1,0.0031853726700298538
AC091729.8,0.0031848750130067183
TPTE2P6,0.0031847397640881593
RP11-210H10__A.1,0.003184375690166851
RP11-290D2.3,0.0031841872006264835
RP3-403A15.1,0.0031836318871960095
RP5-878I13.2,0.0031835956165400183
ATP6V1G1P3,0.0031833067280229044
RP11-5N11.2,0.00318291972630625
DDX53,0.003182695574989267
RP11-318C2.1,0.003182673755380814
CTD-2340D6.2,0.0031811972126174234
MICC,0.0031807106578304926
RP11-109E24.2,0.0031792717003289563
CTD-2033D15.3,0.0031790802985859155
TRPC7-AS1,0.003179014450925329
RP11-205K6.1,0.0031787103659610483
MIR3907,0.0031787031691519114
BX842568.2,0.003178084206992151
SPTBN5,0.0031778377807042575
RN7SL479P,0.00317678598342907
RNU6-760P,0.0031766950239898845
CNOT6LP1,0.003176434109678874
RP11-753N8.1,0.00317622161209846
RP1-127D3.4,0.0031758567129922793
RNU6-1201P,0.0031754378758253846
RN7SL144P,0.003175415274524088
RN7SKP273,0.0031752413475335723
MAB21L2,0.0031748491878942995
OR7E110P,0.0031744617903916614
AC064871.3,0.003174200679880591
RP11-407G23.5,0.003174132503939411
PEBP4,0.0031734879172913887
LINC00698,0.0031730807613123565
CTD-2192J16.17,0.0031720555855459425
CTB-152G17.6,0.0031714563671125
CTD-2553L13.4,0.003171099817945233
RP11-417L19.5,0.0031709235547777268
RP11-565J7.1,0.0031707762444729386
RNU6-301P,0.003170192966632636
PLD6,0.0031697888867383913
TCF4-AS2,0.003169693354378736
RP11-995C19.2,0.003169614098912303
RP11-145M4.1,0.0031694589505956595
snoU13,0.003168422552880349
LINC01121,0.003168378130558718
KCNIP2-AS1,0.0031677493042110397
RP11-508N12.2,0.0031676674378974504
KCNG4,0.00316678881208768
RNU6-1025P,0.0031667210872187075
RP4-781B1.5,0.0031659207846365276
LINC00972,0.0031656884545923805
C1QTNF1-AS1,0.003165665572715507
LINC00944,0.003165420138189554
CPA3,0.0031653811551393667
CTD-2311M21.3,0.0031653608894765045
LINC00656,0.003165069420700406
SLIT1-AS1,0.003163894735468925
RNU6-1109P,0.0031637800431742464
AC093484.4,0.003163585175398359
RP11-9L18.3,0.003163518599028684
RP11-366M4.8,0.0031625973487341644
DTHD1,0.003162026586104567
SCG3,0.0031616183668857012
RP11-255P5.2,0.0031611278948597194
FAM180B,0.0031607095342171343
RP11-401F2.2,0.0031603241699932113
RP4-710M3.2,0.00316028485484221
RP11-589M4.3,0.003158783264490294
SLC24A5,0.0031587532951655767
RP4-791M13.3,0.0031586829338096406
RNA5SP295,0.0031586031792387413
IMPDH1P11,0.0031581335406308747
LELP1,0.0031574163845788598
PNRC2P1,0.0031573911357672844
RP11-669M16.1,0.0031569693634758904
VPS26BP1,0.0031568912446074417
GPR50,0.0031562101791328717
RP11-758N13.3,0.0031560677753967536
AC091633.3,0.0031558591849862963
CTC-248O19.1,0.003155140280592651
ZBTB20-AS2,0.003154575963453657
RNU1-2,0.003154561172117491
LINC00444,0.0031541913799086876
TMED10P2,0.0031538621154146903
RP11-434H14.1,0.0031535593850246083
NTM-IT,0.003153360976580433
MIR3149,0.0031527483102040395
RP11-405A12.2,0.0031525721661993036
ACSM4,0.0031524927322175316
RN7SL825P,0.0031524028858079707
CD5L,0.003152244304950718
MAP2K1,0.0031521789130893665
MTDHP3,0.0031519608868985018
RP1-196A12.1,0.003151411071751337
HERC2P10,0.0031509783670563346
RN7SKP71,0.00315037022771891
RP11-486M23.2,0.0031498943427467467
PLA2G12B,0.0031491475152043615
RP6-91H8.2,0.003148899803991282
MIR4632,0.0031485991343948813
AC002539.1,0.0031481747312940207
AC073342.12,0.0031476209367256786
TRAV26-2,0.0031476141762920014
RP11-346E8.1,0.003147576987611926
RP11-72K17.1,0.0031473018919310463
MIR645,0.00314713868844786
GPRIN1,0.0031470073699347897
CLN8,0.003146512056862602
RP11-94M14.2,0.003146431155901191
LA16c-380H5.5,0.0031464206143646777
BMS1P9,0.0031458807432280396
MIR6851,0.003145775028199046
RP11-800A3.2,0.0031456812584790264
RP11-111J6.2,0.0031455933787354093
Y_RNA,0.003145449834438881
CH507-42P11.8,0.003145303742637671
SPINK2,0.0031451311335642584
RP4-640E24.1,0.003143848550623509
RP11-343C2.9,0.0031431207433176528
HMGN1P15,0.0031426684764422376
MAGEE2,0.0031423865204707906
RP4-758J18.7,0.003142258796383109
TRBV7-9,0.0031416983368712276
Y_RNA,0.0031413378101950674
AP001628.7,0.0031413287542620613
METTL21AP1,0.003140947525387193
CTA-246H3.8,0.003140693907938045
LDHAL6FP,0.003140358033729268
RNA5SP305,0.003140349851120817
OR1F1,0.0031399551203273694
RN7SL767P,0.0031398029048281388
XCL1,0.0031378153287370436
Y_RNA,0.0031374492359870073
RPL17P45,0.003137362496267502
AC009262.2,0.003136997089451632
RP11-103J8.2,0.003136603513530721
SRP68P1,0.0031362265830416915
RP11-613F22.7,0.003136157136307455
MANSC4,0.003136111842835115
RP3-333H23.8,0.0031354104491992034
SLC9A4,0.003133460495264091
DEPTOR,0.0031334042481196154
AP1S2P1,0.0031332568141214704
RP11-531A24.5,0.0031327184526750247
RP3-495K2.2,0.003132386008506028
NDUFAF4P3,0.00313193818158346
RP11-594N15.3,0.0031316054726068187
RP11-429A20.3,0.0031315827075811082
RN7SL636P,0.0031315685078692323
RP11-126H7.4,0.0031315503189558508
NLRP8,0.0031313737101867547
RP11-356M20.3,0.003131335849222383
RP11-108P20.2,0.003130879488220685
TRDJ2,0.00313064871170416
RP11-19D2.2,0.0031304961311017718
CTC-459F4.5,0.003130389104274832
FLJ40288,0.003130347413194907
RNU7-113P,0.0031292264895579165
HECW1-IT1,0.0031289049409503602
RP11-184E9.2,0.003127081005590594
MIR556,0.0031270331026648037
RNU6-723P,0.0031265891751849576
RP11-524N5.1,0.003126555640424703
RP11-407A16.3,0.003126114683923796
RP4-815D20.1,0.003125876808243488
MTUS2-AS2,0.003125425833267742
RP11-108E14.1,0.0031252729267794393
CTC-348L5.1,0.0031251830787168253
RP11-248N22.1,0.003124924889495657
RN7SL36P,0.003124897683741652
LINC00658,0.003124513624274239
C9orf135,0.003124222954074178
RP11-491H19.1,0.0031241118577442846
RP11-543P15.3,0.0031230747893674113
RN7SL217P,0.003122685443295823
AC004899.3,0.0031226822717969342
CTD-3233P19.8,0.0031225591070526346
RHOT1P1,0.0031222471571514952
CTD-3074O7.7,0.0031220649418925157
DDX11L8,0.0031207350065800034
AP000477.3,0.0031201727819362233
LINC01324,0.00312010842757431
RP11-225N10.3,0.0031199470287169915
RP11-573M3.2,0.003119937263795546
RP11-242O24.3,0.00311948634502822
RP11-547L9.1,0.003119089808942413
CTA-299D3.8,0.0031190699734762613
ABCB10P1,0.0031186181247823863
DCAF8L2,0.0031183966007213787
FAM13A-AS1,0.003118349391685946
AP000640.10,0.0031182408762649057
AC105052.1,0.0031180772915915217
RPSAP48,0.003118063738091364
MTND1P3,0.0031178069866914294
FAM47E-STBD1,0.003117786361522561
RNU6-807P,0.0031175265722254665
AC023115.4,0.003117275267615674
GAPDHP36,0.003116866316287395
GIF,0.0031164842841421626
RP11-317F20.3,0.003116401612972639
Y_RNA,0.003116385713976491
PATE2,0.0031162318399023804
RP11-794P6.2,0.0031158370057181362
RP4-565E6.1,0.003115709795062338
RP5-860P4.2,0.0031156945828024404
AP001189.4,0.0031153569332822454
RP11-56O18.1,0.003115306808761957
RN7SL274P,0.003114805851298309
Metazoa_SRP,0.003114726836022002
FCN1,0.0031142421261448816
GPR12,0.003114232715745447
XIST,0.0031138721100041535
FIGNL2,0.0031138578365934593
KRT71,0.0031137660996267543
RN7SKP128,0.003113579105563539
RP11-750H9.7,0.003112921885960308
SNORD116-22,0.0031126508924618633
IGLV3-19,0.003112595351186981
RP11-277I20.3,0.003112284475529185
OR7E130P,0.003111942832528894
BNIP3P40,0.003111792859591011
TCTE1,0.003111691921163114
ZNF860,0.0031113569500167662
RP5-884C9.2,0.003111295524285195
RP4-735C1.6,0.0031110552244566253
RP11-67L2.2,0.003111053701684781
RP11-638L3.1,0.003110656358443072
GLYATL1P4,0.0031103208083459516
Metazoa_SRP,0.0031101816682617568
IZUMO1,0.0031097687198008333
CTD-2135D7.3,0.0031091782581145265
MPO,0.003108524943770182
MIR5091,0.0031083129241399367
DNAJC9-AS1,0.003108311888740111
OR2M3,0.0031083044695865195
RP11-336K24.5,0.003107415760165896
RP11-187E13.1,0.0031073486504920307
RP3-332B22.1,0.003107010426466635
RP11-611O2.2,0.0031055304817232928
ZBED2,0.0031054639326235484
DAB1-AS1,0.0031053711559267004
LRRTM3,0.003104665648927
LINC01298,0.003104586967059982
LECT2,0.0031043461469838856
NRBF2P2,0.003104164816743108
RP11-33E12.2,0.003103790628223687
CTD-2545H1.1,0.0031022603994798077
CTC-459M5.1,0.0031009739428221697
FLJ43879,0.0031004202386634193
PTGES3L,0.0031001688599751253
CTC-215O4.4,0.003100126553013417
LINC01072,0.0030984682062460043
IGLV1-36,0.0030984165892493673
MTND4P15,0.0030981141793775756
OVCH1,0.0030981126494242415
AC004941.3,0.003097863159178135
AC005487.2,0.0030978276616892633
SIX3,0.0030977091922295033
CYP27B1,0.0030973791637130487
OR8S21P,0.0030969026229074347
SCOC-AS1,0.0030966968235963256
NTNG2,0.0030964353665717094
Y_RNA,0.0030963621311216744
CH507-513H4.1,0.0030963280664542373
RPS29P19,0.0030962959061414524
RN7SL411P,0.003096097690561861
TDGF1P2,0.0030950115785031568
TSPAN15,0.003094938853594766
RNU1-56P,0.003094648593937005
CLPSL2,0.0030939194760790014
IGKV2-24,0.003093699379941615
RN7SL100P,0.003093317026229404
OR10H1,0.00309321103019755
AC104451.2,0.003092953191439923
MIR5094,0.003092618556233318
AC007179.1,0.0030919844539872236
RP11-706O15.5,0.003091123048222399
RP11-64P14.7,0.003090197855964194
CXCL2,0.0030898402596378567
RN7SKP230,0.003089726448399404
PCED1CP,0.0030891720476724062
RP11-387H17.6,0.003088496790496676
AC004870.3,0.003088352880434688
RNA5SP372,0.003088352133353159
RP11-822E23.6,0.003088289865787548
RP11-116K4.1,0.003088032583416629
RP11-675F6.3,0.003087884130794663
Y_RNA,0.0030875848765731834
BOLA3P4,0.0030871206706036404
RNU1-19P,0.0030870308690181844
SNORD63,0.0030869659907163216
BNIP3P22,0.0030865797333731954
RP11-304L19.3,0.00308613552748594
MTND2P24,0.0030861098812673374
IGLV2-14,0.0030855789774136707
GPR162,0.0030847247799418763
ROCK1P1,0.003084177576765137
AP005135.2,0.003083933208973087
RP11-234B24.2,0.0030838991856046256
RP11-116D17.1,0.003083488877845902
MIR642A,0.0030831199704996226
DYNLL1P4,0.0030830986941988805
RP11-363N22.3,0.003082656003756806
RN7SL105P,0.003082628512689943
RP11-449J1.1,0.003080833329325932
RN7SL753P,0.003080571111548997
RNU6-932P,0.003080419118247983
HSPE1P26,0.0030803125133784933
RP1-244F24.1,0.0030802974176537086
AP000640.2,0.003079954873330972
RP11-507J18.1,0.0030799139396535296
RP11-575F12.3,0.00307933134993069
RP11-181G12.4,0.0030787397879968054
RP11-498P14.4,0.003078427455842361
RP11-88I18.3,0.003078316792151066
LINC01522,0.0030782492377441077
PTPRH,0.003078221859317104
RP11-420N3.2,0.0030772823739145735
KB-1184D12.1,0.0030765597054363894
ITPK1-AS1,0.003076206354113366
SLFN14,0.003075320924677356
CTD-2623H2.7,0.0030745287635880656
CHRM3-AS1,0.003074382679871122
LLNLR-249E10.1,0.0030743206274255475
MIR2052HG,0.0030738306117324013
ZNF90P2,0.0030734122962475297
RP11-700F16.2,0.0030726679147256583
RP11-105N14.2,0.003072091460468072
MIR7974,0.0030719178768016547
Y_RNA,0.003071691607809922
MYB-AS1,0.0030714665654617453
POU5F1P4,0.0030713305228406494
TARM1,0.003071212141557134
RP1-90J20.14,0.00307114343426622
RP11-81H14.1,0.0030706719908189504
RP11-56B16.5,0.0030700513183458886
REG1CP,0.0030695242981618833
CTA-796E4.3,0.003069269154811772
RP11-177J6.1,0.003068913050387997
RNA5SP195,0.003068741506557705
CTD-2244C20.1,0.003068643999579807
XXbac-BPG246D15.9,0.003067830644694891
KRT18P62,0.003067800201199954
CTD-2193P3.2,0.003066675347054074
MTND5P8,0.00306606014570493
RP11-88E10.4,0.0030657710085026184
BLID,0.0030647265595835447
NBEAP1,0.003064488935984044
RNU6-53P,0.0030642437907355056
PMS2P6,0.0030641410590918844
SNORA23,0.0030639849778783014
RP11-259O2.3,0.0030637124513357397
PPP1R16B,0.003063159920235519
RP11-77K12.3,0.0030627162120870316
AOC2,0.003062667519345068
KCNAB1-AS2,0.003062594303799115
RP1-193H18.3,0.0030620264170372726
RP11-513O17.1,0.00306193229899818
OR13J1,0.0030608722765289986
CTC-493L21.1,0.0030598584376717694
RP5-1099C19.2,0.003059394375800281
SLC25A14P1,0.003059154554475232
MLLT10P1,0.0030589491528932675
C21orf91,0.00305873500507753
SNORA19,0.0030585649079133644
RP11-203H19.2,0.0030585637963058882
MYCNUT,0.0030585619313996987
KB-1466C5.1,0.0030583226287072703
MIR544B,0.0030581290808615043
RP1-13D10.3,0.003057739666487283
PRKXP1,0.003057663217738096
COX6CP3,0.0030573851009403417
RP11-278C7.2,0.0030561993078431432
DDX10P1,0.003055714240169888
LINC01128,0.0030556650049278857
RP11-450H6.3,0.0030554519618695613
RNU6-212P,0.003055232149019484
RP11-123C21.3,0.0030546983878502946
WDR86-AS1,0.003054682007314719
RP11-167P11.2,0.0030546737088343622
bP-21264C1.1,0.0030544888488800714
RP11-69E9.1,0.0030538920290510358
AC006486.10,0.0030536575399542866
RP11-175G14.2,0.0030536515133772497
LINC00968,0.003053553731191276
RNU6-549P,0.003053107090273293
AC005077.14,0.0030527642109346694
RP11-370I10.11,0.00305274296546152
CTD-2291D10.3,0.0030521064738391144
MIR4768,0.003051992146542577
U51244.2,0.003051876496944083
RHOXF1P1,0.003051564794038597
RN7SL441P,0.003051524331763246
CTD-2316B1.2,0.003049307128510227
TRIM63,0.0030491560134177625
SLC25A51P2,0.0030491377170405844
ADAM20,0.00304843632080276
RP11-119H12.6,0.0030484349681236564
RP11-862P13.1,0.003048253461821599
RP11-946L16.2,0.0030478607469573296
KRT18P33,0.003047516130656178
SPATA31A6,0.0030472664194749442
RN7SKP261,0.003047068969154511
RP11-728K20.2,0.003046761252855379
RP11-701B16.2,0.0030466522591709655
TVP23BP1,0.003046648458435327
NAT16,0.003046137983408615
OR2BH1P,0.003046086364197021
RP11-707A18.1,0.0030457274144038873
HTR1DP1,0.0030456981486722944
RP11-291L22.4,0.0030456824570527386
RP11-89B16.2,0.003045643116503412
RP11-677M24.1,0.0030455123036199627
DIRAS1,0.003045288043829679
RP11-815M8.1,0.0030448451776242625
RP11-811J10.1,0.003043888834183082
AC104389.31,0.003043745590485454
RP5-1121H13.4,0.0030437217493483604
LINC01047,0.0030436063423418943
RHEBL1,0.0030432459693162926
RNF125,0.0030430480982379386
MGC39584,0.0030429913373892187
Y_RNA,0.003042776081347675
VN1R87P,0.0030423402577283163
PRKAA2,0.0030420154882213435
AC000111.4,0.0030412028345010544
PLCB2-AS1,0.003041088526593422
RP11-729I10.3,0.003041061779929356
MIR541,0.0030408934699996237
RP11-397O8.7,0.003040521330330866
CTD-2231E14.5,0.0030396745307030427
RN7SL39P,0.003039638397113602
AC005609.16,0.003039626089861385
RP11-153F5.3,0.003038975070218363
PRO1804,0.0030389045041047257
CYCSP2,0.0030387673906923924
AC006538.4,0.0030387201281023937
MIR3115,0.0030384333524621325
Y_RNA,0.003038267698478385
RP13-923O23.7,0.0030380880365562346
RP11-320L11.2,0.003038066601094522
RP11-1127D7.1,0.003038005259900569
RP5-965G21.4,0.0030368838327186993
RP1-67A8.3,0.0030367057761036586
AF003625.3,0.0030361377767192223
TPTE2P2,0.0030359720854059493
MIR1302-2,0.0030356651367830557
LVCAT5,0.003034569426336736
AC066615.1,0.003034399583662617
RP1-261G23.5,0.0030340054353458494
RP11-335L23.5,0.003033840595318714
RP11-95P13.1,0.003033816458346001
RNU6-1095P,0.00303374957794401
AC007126.1,0.003033360326152051
RP11-146I2.1,0.0030332735792993524
CHEK2P2,0.00303281958205075
RP11-571M6.17,0.003031952603167155
HNRNPA3P16,0.003030994343540608
AC007750.5,0.0030309777750128653
NT5C1A,0.00303087487642369
LINC01615,0.0030307407458345
RP11-200A1.1,0.0030303023738320455
RP11-403B2.10,0.0030302923876449777
RD3L,0.0030301607338743815
TPTE2P1,0.0030301234400134155
CYP51A1P3,0.003030096739021784
Y_RNA,0.0030300019151465697
RNU6-1248P,0.0030295916192786087
RPSAP71,0.0030290242204729307
TNFAIP8L3,0.003028180930572358
SNORA54,0.0030280464598871674
FOXD4L3,0.00302775792221445
RP11-324I22.2,0.0030272248372748313
LINC00922,0.003025557157065263
AC012613.2,0.003024799732509628
ABT1P1,0.003024470875233426
RP11-399E6.1,0.003024303410910205
CFC1,0.0030237127338792694
HMGB1P7,0.00302321535045416
RP11-357G3.2,0.00302321527770622
RP3-508I15.19,0.0030224844305915826
SNORD17,0.003022250548827829
SBSN,0.0030220562568365875
LYVE1,0.0030217284467615626
RNU6-341P,0.003021193638603654
DNAJB8-AS1,0.0030202920512109118
RN7SL165P,0.0030202406897158335
MTND1P24,0.003019497959681678
RP13-977J11.9,0.0030193153254888193
SNORD38,0.003019292694670569
CNN2P4,0.003017435631858431
HIST1H1B,0.003017006768465951
RP4-697K14.3,0.003016742303041537
C9orf129,0.003016654827978602
RP11-865I6.2,0.0030156273581021034
LINC00529,0.003015564864014527
RP11-60C6.5,0.0030154431811653657
AC005105.2,0.0030152245743154914
Y_RNA,0.003015054455284777
U1,0.00301481797698017
RP11-379F4.8,0.0030142449646228565
CTD-3064M3.4,0.00301383898157538
DNM1P41,0.0030136728739143265
RP5-1166F10.1,0.003013285106240991
AL137067.2,0.0030131453107912517
RP11-411G7.2,0.0030127429980607015
FAM217B,0.003012108935536047
NDUFAF4,0.003011664260692483
RP11-540O11.6,0.003011546376175077
TMEM8C,0.003011093481368027
RP11-114J13.1,0.0030108880528682625
POLHP1,0.0030107663491134476
RP11-142O6.1,0.0030107324328111675
RP11-303E16.6,0.0030105650963288414
RP11-84A12.1,0.0030105028836832134
ETNPPL,0.0030097848416953434
ZSWIM2,0.0030094447764575623
RP11-63E5.1,0.0030092458880510526
MIR6804,0.003009064856189853
RP11-380M21.1,0.00300807874542683
ANKRD44-IT1,0.0030079095008185503
SLC39A4,0.003007421712532058
RP11-346I3.2,0.00300742099520639
RP11-66B24.2,0.0030073366842408153
ARL5AP3,0.0030072795138597137
RN7SL494P,0.0030061424698630507
TMCO5B,0.0030054268975726038
RP11-671P2.1,0.0030053792226291654
SRMP2,0.0030052739217017958
RP11-475I24.8,0.0030051563135222
RP11-193J6.1,0.0030046599681465835
RP11-290C10.1,0.003004132097963974
IFNK,0.0030035131897092606
RP11-134D3.1,0.0030031818317529492
SNORA16B,0.0030024811153656263
RP11-404E16.1,0.003002335150762895
AC092066.1,0.0030021389197958585
FER1L5,0.003002040524730633
RNA5SP180,0.003001256988217584
RNU6-1099P,0.0030010604401800836
RNU7-40P,0.0030009809941396303
RP11-567O18.1,0.0030007993623418928
SCGB1A1,0.0030005947514078497
RP11-17A4.4,0.003000527109153727
RP11-545G3.1,0.003000185946103164
RP11-404I7.2,0.002999852966735105
RP11-14I2.2,0.002999697786721233
RP1-68D18.3,0.0029988080471554843
RP11-132N15.3,0.0029982598294448874
CICP8,0.0029972529585962538
MIR4755,0.0029972277508293244
PDX1,0.0029970721889010323
RP11-1070A24.2,0.0029970589108309913
RP11-51I5.1,0.0029958663688336522
RP11-53L24.1,0.002994870938216654
RN7SL525P,0.002994268059957887
RNU6-132P,0.002994187251244351
LINC00525,0.0029933787671802903
RNU1-131P,0.0029931848162625704
RPL23AP87,0.0029931105915782397
RP11-3P22.2,0.0029924885808872434
RNU6-1176P,0.002992483696784984
CTB-31C7.3,0.002992354285589435
DLG2-AS1_2,0.0029920901103980013
RNA5SP402,0.0029908664072630284
MTCO1P24,0.002990855828644449
RP11-455O6.2,0.0029907698797739662
SNORD15B,0.0029906466090664696
COQ10BP2,0.002990358312176459
OR5BA1P,0.0029895695873225067
RPS16P5,0.0029891508701356644
RP11-113K21.1,0.0029886670188545256
Y_RNA,0.0029882160428218473
RBBP8P1,0.002988087694522523
RP4-673D20.3,0.0029878531683779222
PMM2P1,0.0029876867831016805
RP11-39M21.1,0.0029875993956844007
OR10AD1,0.002987452398373946
TSEN15P2,0.0029873090635579944
RP11-288C18.1,0.0029871379625870205
CTA-414D7.1,0.002985239039386338
RP11-867G23.10,0.0029848911200116976
IL20,0.0029847746533057124
XXyac-YM21GA2.1,0.0029845913092418417
AC004022.8,0.0029844133870347814
OR2T4,0.0029843655457382537
CLDN25,0.0029841051949707777
LINC01118,0.002983965292258148
AC002310.11,0.0029837634228616727
RN7SL487P,0.002983710335682879
RP11-342M21.2,0.002983022265808059
MRPS17P9,0.0029827603140044666
RN7SKP255,0.0029824150700534734
Y_RNA,0.002981333935114154
FAM221B,0.002981115399624209
PPBP,0.002980671417068568
OR5B19P,0.002980549944690491
RP3-453P22.2,0.0029800076835862265
RTL1,0.0029798635546353413
RN7SL452P,0.00297980312023704
RP11-296K13.4,0.002979430911648594
RP11-1134I14.2,0.0029793260013133765
RNA5SP497,0.002979219570231685
Metazoa_SRP,0.002979117481676189
RP11-474I11.7,0.002978979190242551
CTD-3126B10.2,0.002978578383970366
DYNLT3P1,0.0029780919653877806
RP11-3B7.1,0.0029778021755971873
MIR3648-1,0.0029773835028024816
B4GALNT3,0.0029773006851606726
AC092669.6,0.002976179889749507
LA16c-380H5.2,0.0029761347618088986
SLC25A15P3,0.0029756123117890033
CTD-2515A14.1,0.0029755568855264684
MIR6069,0.0029753487299263182
AP002884.2,0.0029751366251622546
RP11-74M11.2,0.002973346101134055
IGFALS,0.002972870003482093
MAFA,0.00297256757511138
AC092159.3,0.0029725348067972993
RP11-278H7.4,0.0029722360596949734
RP11-626H12.2,0.0029713862938814434
RP11-172F10.1,0.0029706407004942486
RP11-387A1.6,0.0029703026195678087
Y_RNA,0.0029701927368432743
CTB-111F10.1,0.0029698963691579283
RP11-63G10.2,0.002969880025730192
RP11-804A23.4,0.0029695631204549027
RP11-295H24.4,0.002969174289950864
RP11-480I12.10,0.0029691587814204847
CTD-2349P21.7,0.0029690091546944438
AP003385.2,0.0029680694471870685
OR52L1,0.002966919291894499
Y_RNA,0.002966685079683511
LINC01529,0.0029664220155686902
SLC22A3,0.002966050495061536
RP11-214K3.5,0.002966012566701772
RP11-797J4.1,0.002965039980686872
MTAPP1,0.0029646605542895613
RP11-715H19.2,0.0029642737764113947
LINC01119,0.002963196076820959
PTGER2,0.0029625593894231053
AP000797.4,0.002962486953043021
RP11-767I20.1,0.0029618766523256484
ESRG,0.002961773601961294
RP11-367B6.2,0.0029617730296935215
AP000688.29,0.002961725260192403
SMG1P4,0.002961647738746836
SPEM1,0.0029614863703902403
LINC01513,0.002961424024431938
AL035610.1,0.0029610810510339466
AC005592.3,0.0029604247742173154
ART2P,0.0029601879743871634
RNY1P15,0.0029597729844789704
CDC42BPB,0.002959704745983357
MIR4764,0.0029595826440241067
KRT18P26,0.002959438842164156
LINC00488,0.002959348447798686
Y_RNA,0.0029584442812626813
OR7E46P,0.0029582796856667385
RP11-43P5.1,0.00295822949403772
RP11-346D14.1,0.0029580216451044025
RP11-481A20.4,0.0029576811363340905
RP4-559A3.7,0.002956331152834616
RP11-441F2.2,0.0029557913526170065
RP11-445P19.3,0.002955290131743427
KRT8P42,0.0029552693839257874
snoU2_19,0.002955234483301785
RN7SL67P,0.0029548997897300513
RP5-1181K21.4,0.0029547367960875664
TRBV12-4,0.0029543400302026296
CTD-2158P22.1,0.002954010354234447
RP5-892G5.2,0.002953829340710041
RP11-466A19.4,0.002953192907897399
RP11-298D21.2,0.0029531612617280487
RP11-472N19.3,0.0029529656624026537
Y_RNA,0.002952515326929464
MIR766,0.0029517133464259018
OR52N2,0.002951436359074451
SCARNA10,0.00295048470369289
RP11-45F15.2,0.0029503840229380958
Metazoa_SRP,0.002950210769754845
SSMEM1,0.002950079290337715
OR51J1,0.0029493318003484498
RP11-164N3.3,0.0029492728584540402
RP11-288L9.4,0.002949097128785888
SALL4P2,0.0029489403144096647
RP11-44N21.4,0.0029484876875713957
OR3A1,0.0029484488545730783
SPINK9,0.0029481132825911666
RP11-87E22.1,0.0029478510134793626
RNU6-808P,0.002946948101843916
DCDC2B,0.002946725598005689
RP11-98D18.3,0.0029466285267176306
ASPHD1,0.002946348515105322
RNA5SP456,0.0029461433452608607
RP11-446H18.6,0.0029452410744625866
RP11-556O5.6,0.0029449209386192836
RP1-156L9.1,0.0029446995295641532
RP11-240B13.2,0.002944286498167993
RN7SKP55,0.0029439997773777244
AL450992.2,0.002943712750963095
RP5-963E22.4,0.0029435590609126518
RP11-57H12.5,0.0029428591567549796
RP11-45A17.3,0.002942827388031182
RP11-582E3.4,0.002942015352136881
UCN2,0.002941856754162896
PTPN20CP,0.0029416115764975873
RP11-973H7.1,0.0029413073049910023
POM121L14P,0.0029397684855234367
RP11-288K12.1,0.0029396909872912175
C20orf141,0.002939659240435456
RBM43P1,0.002939469277912059
RPL17P46,0.0029392287569346117
RP11-559N14.6,0.0029391391271665133
RP11-326L17.1,0.0029386451029044464
IGHEP2,0.002937533805274797
AC092580.3,0.002937216345538458
PABPC1L2B-AS1,0.002936912077413582
RP1-179N16.6,0.0029369104782107857
MT-TP,0.002936112001333294
LINC01048,0.0029360853741406466
HECW2,0.0029359077801653336
RP5-1025A1.3,0.002935896861769097
AL445183.1,0.002935480307110399
XXbac-BPGBPG55C20.3,0.002935442161889379
RP11-574K11.26,0.0029349881848890207
CTA-243E7.4,0.0029347735846129916
SNORA70,0.0029346639123575546
CCDC74BP1,0.0029338961905699345
RN7SL762P,0.002933543286280525
RP11-1250I15.2,0.002933396929097917
RP11-136H19.1,0.0029330535571470253
CTB-3M24.2,0.0029320544076813864
RP11-463O9.9,0.00293163411430456
RP11-184E9.1,0.002931564708879624
RP11-662I13.2,0.002931247553851647
GPR174,0.002931245556685346
AC018866.1,0.0029311180649704296
RP11-89F3.2,0.0029310943345728312
AP001065.15,0.002930545058661114
PWRN4,0.0029304454531484006
RP11-123O22.1,0.0029302057706885477
AC079610.1,0.0029288730773524715
RP11-95P2.4,0.002928545707520283
KB-68A7.1,0.0029284188199802177
BLOC1S5-TXNDC5,0.002928354812577025
SNX18P14,0.0029280911318132928
RP11-493E12.3,0.002927741779938893
RP11-701H24.7,0.002927035407141758
MIR7851,0.002927014510005918
RP11-731D1.4,0.00292676820749765
ALG3P1,0.0029263778431875935
PGAM1P11,0.002926252262143286
MIR3678,0.0029255526882075926
RP3-449H6.1,0.002925525928868066
MUC22,0.002925482702894145
RN7SL313P,0.00292499580202229
RP3-495K2.3,0.0029243667355000136
RN7SL382P,0.0029238502661470306
AC006159.4,0.0029225490749267306
RNU6-856P,0.00292157570121853
AC009228.1,0.0029212706650898045
MIR4500,0.002920898749202947
RP11-862G15.1,0.0029199589305430374
UCHL1-AS1,0.0029198631702840143
STK33P1,0.0029197223674506776
RP11-548P2.2,0.002919586811243036
snoU109,0.002919464485075285
RP4-799D16.1,0.0029191415185894592
RNU6-269P,0.0029187020812682495
RP11-798K23.3,0.002918275198018005
CASC19,0.002918226959843892
RP11-264L1.1,0.0029180092026501055
RP11-452I5.2,0.0029178756312838415
RNU6-884P,0.0029174902565281386
SGO1-AS1,0.0029172307503786826
LLNLR-276E7.1,0.002916721856397436
RP11-394I13.3,0.00291616909391238
MIR320C1,0.0029160201127266046
RP11-755F10.3,0.0029159159609510508
RP5-1092A11.2,0.002915767439002418
PCDH9-AS4,0.002915763425110844
LINC00605,0.002914972107307528
PRKG2,0.0029149713325930136
RP11-335O13.8,0.002914772798050254
OR11M1P,0.0029145276450208697
RP11-45A12.1,0.0029138361168172034
RP11-267D19.1,0.0029127346734604876
HCG2040054,0.0029124360050911623
LHX1,0.0029122379041093215
AP001625.5,0.0029121800770959853
RP11-547D13.1,0.0029120931910819386
Y_RNA,0.0029113421546734164
PTPN4,0.002911033878735692
RNU6-1136P,0.002910113058729875
RP11-433O3.1,0.0029100256022778696
RNF133,0.002909989371812406
STK25P1,0.0029094178643444095
Metazoa_SRP,0.0029086617374836756
RP11-567L7.3,0.0029081049779609257
CTD-2613O8.1,0.002908023130927616
OR2G6,0.002908023130927616
RNA5SP482,0.002908023130927616
MIR626,0.0029080231309276156
OR2T12,0.0029080231309276156
CRYGD,0.002907705372329457
RP11-532F12.5,0.0029070078799777613
CLDN6,0.0029064897065585724
RP11-435O5.6,0.0029056010134373743
UGT2B17,0.0029051799033269774
RP4-715N11.2,0.0029045495044562717
ARF3,0.0029044093779032488
AC011742.3,0.0029042947692684076
DEFB134,0.0029041979412116623
SNORD74,0.0029041093698731623
RP11-148O21.3,0.0029039003789658293
AC116050.1,0.002903831385918125
GKN2,0.002903260894782677
RP11-355I22.5,0.002903199251262354
NCKIPSD,0.0029030433408660126
KLRC4,0.0029029636529357443
LVCAT1,0.0029029520493343234
RP11-567M16.2,0.0029028548944391697
TRBV7-3,0.0029026708034150172
CCT8L2,0.0029025607932966864
RP11-598F7.3,0.002902356181582796
RP11-286M16.1,0.0029020367573945028
TMEM97P1,0.002901320692718537
IGKV1-8,0.002900434314874197
RP11-326A13.3,0.002900290755477604
RP4-668E10.4,0.002900086340093318
ZP1,0.002900066243905701
RP11-462D18.2,0.0029000419049313897
RN7SKP129,0.002899976889538715
RN7SKP209,0.0028997472297389213
RAG2,0.0028992877493274607
NR1D1,0.0028990626322799758
TMPRSS11F,0.0028981018045805304
AC003989.4,0.002897932404363227
RP1-13D10.5,0.0028976600370385717
RP11-483I13.2,0.0028976185227059074
CTD-2050B12.1,0.0028976176652013266
RN7SL615P,0.0028975027701407235
OTOG,0.0028974588187674383
LINC00554,0.002897370868441446
ANLN,0.0028970310815262155
LINC00967,0.0028967942258246618
WNT9B,0.0028962000316926553
GS1-5L10.1,0.0028961051353732074
LGALS7B,0.002895786810901082
RNU6-486P,0.002895322593006357
SNORD113-2,0.002895131843183661
RP11-483E23.2,0.002895100021257405
GOLGA6C,0.0028947605378725665
RP11-856M7.6,0.0028946149158799784
AC005019.3,0.002894606982525537
CTB-36H16.2,0.0028930021082241545
AC092684.1,0.0028928657751643642
ATP6V0CP1,0.002892863285171836
RPSAP59,0.002892677979491795
HNRNPA1P72,0.002892448996558622
PABPC1L2B-AS1,0.00289229895106304
RHOXF2,0.0028922110991085937
RP11-437F6.1,0.002892012749557533
LYST-AS1,0.0028918281680715622
SLC17A8,0.0028917717003984775
RP11-83B20.10,0.002891733366170529
RNU6-7,0.002891373180725893
ELK2AP,0.0028912121825545663
AC007879.7,0.0028903177984555923
RNU6-1174P,0.002890246625112995
POPDC3,0.0028891538202594656
RP11-431K24.1,0.0028888649615819773
IGKV1-5,0.0028877920884763583
RNU7-107P,0.0028872917346927473
RP11-430C7.5,0.0028865617260566846
RP11-735G4.1,0.0028863163633572166
RP11-588P7.1,0.002886211035879281
LOC401913,0.0028861024614264498
RP11-76C10.6,0.0028860160564038403
RNU6-1301P,0.0028855057305875232
RP11-366M4.6,0.0028854202460871824
ASH1L-IT1,0.0028842015208090715
RP11-160H12.3,0.0028837834541599033
ARSI,0.0028834950014107355
KRT12,0.002882914952061464
RP1-84O15.2,0.0028829052726055925
CFL1P8,0.0028822122179069233
CCKAR,0.0028819528886142123
CTD-3116E22.6,0.0028816422397740255
RP11-778J16.3,0.0028814084021514426
HES5,0.0028802483227618617
ATP6V1B2,0.002880023659982577
RPL31P3,0.0028799730573578265
Y_RNA,0.002879897143022267
TRPA1,0.0028798913568946795
AL031601.5,0.0028788840940773917
RNU6-43P,0.002878485382046619
LARP1P1,0.0028784834636319577
RP11-298E9.7,0.0028783213480124267
RNU6-250P,0.0028782439033960884
RP11-65J21.1,0.002877986275785213
AC097499.1,0.0028778887367194436
DRD5P2,0.002877661644193455
uc_338,0.00287755075816716
SNORD114-17,0.0028765010753011907
RP11-598O12.1,0.0028764251383284934
LINC01124,0.0028764178516876896
ALG1L9P,0.0028758892011629257
OXT,0.002875876255714893
FAM90A20P,0.0028753096342731153
OR4N2,0.002875184502003219
CSMD2-AS1,0.0028750861912204546
RP11-73B2.6,0.0028746161317751845
RNU6-403P,0.0028740333526025715
RP5-1185H19.2,0.002874027909510543
RP5-1106H14.1,0.0028739077717913355
AC007362.3,0.002873703359164673
FAM81B,0.0028736960592764664
RNU5A-7P,0.0028732492983966702
RP11-669C19.1,0.002873039592484228
ANKRD60,0.002873026016912357
RP11-563N6.6,0.002872811113342262
Y_RNA,0.002872566009342081
LINC01085,0.0028725233245430627
LYZL2,0.0028721920030573295
OR5K2,0.0028721821250192194
SLC25A5P4,0.0028720265292930818
RP11-1055B8.2,0.002871878580460877
RN7SL480P,0.002871545449204661
RP5-943J3.1,0.002871156254980454
RP11-867G2.4,0.0028710242621189336
RNVU1-18,0.002870999467984998
CFHR1,0.0028708606550979475
RP5-875H18.10,0.0028706977075575934
RP3-518E13.2,0.0028703979425465623
WFDC13,0.002870157778795348
CT45A10,0.0028700677955579763
B3GALNT1P1,0.0028698271196597883
BARHL2,0.0028697996314837704
ATP6V1G2-DDX39B,0.0028697287524907453
IL25,0.002869620420739478
RP11-83M16.4,0.0028692496041448955
ANKRD26P4,0.002869038641469908
CCDC65,0.002869030088840852
FENDRR,0.0028681901340791
RP11-166B2.7,0.0028676667383088655
CTD-2011F17.2,0.0028675978266269
AMMECR1-IT1,0.0028675590417679576
HOXB8,0.0028669158903456868
RP11-567P19.1,0.0028668024899311476
AC006538.8,0.0028662543185536695
RNY4,0.002865905508406497
RP11-352D13.6,0.0028655847989378608
SCARNA1,0.002865463318709819
RP11-740N7.4,0.0028651693020412873
RP11-557H15.5,0.002865147548790051
RP11-147G16.1,0.0028648219073156744
Y_RNA,0.002864450650126356
AGXT,0.002864395069886957
U2,0.0028643600615311953
CTC-457E21.5,0.0028643176176635227
RP11-473O4.1,0.0028627587850145147
CTD-2544H17.1,0.0028626606981102063
RP11-133N21.12,0.0028625430783409352
CTD-3080P12.3,0.0028623726636104138
RP11-401O9.4,0.0028619258914678036
LA16c-361A3.3,0.0028618744369232597
RP11-368M16.5,0.002861830280648483
SMPD4P2,0.002861259958308524
RP11-272L13.4,0.0028607971231244347
MAGEB6,0.002860359815807527
RP1-5O6.4,0.002860085416906148
RNA5SP296,0.002858152973196538
SGPP2,0.002857806439279474
C16orf92,0.002857117221426472
SIGLEC12,0.0028567285445838335
RN7SL564P,0.002856728363115543
RNU6-103P,0.0028565247088714516
CLCP2,0.002856244735318
RN7SL267P,0.002855417041319574
PLS1-AS1,0.0028550330509350755
MIR342,0.002854450493954048
OPCML-IT2,0.00285394821877568
SCTR,0.002853899634579837
RN7SL794P,0.002853801924371479
CTD-2538G9.6,0.0028533332559810723
LRRC37A12P,0.002852710956839254
AC000078.5,0.0028522855458762587
AC092569.2,0.002852273622867845
CTSG,0.002852060857102032
RP11-575F12.2,0.0028519093885664023
ERVMER34-1,0.002851146707555574
RP11-131J3.1,0.0028502219650161334
Y_RNA,0.002849194986087204
CTD-2383I20.1,0.0028491878422870908
RP11-90J7.2,0.002849159361482461
RP11-155G15.3,0.0028491195156809266
RNU7-170P,0.002849105744025935
PSORS1C3,0.002848578023151114
AC097374.2,0.0028477936005824843
RNU6-748P,0.0028469113701621107
MSMB,0.0028466057586952853
RP11-267N12.1,0.002846279347364808
RN7SL434P,0.00284627082688666
RFTN1P1,0.0028460036138940417
LINC01501,0.0028455105067723757
RP3-388E23.2,0.002845211008098655
ZNF101P2,0.002844590254178716
KHDC3L,0.0028433400020635075
AC093690.1,0.002843069081362935
AP001171.1,0.0028430570323092113
RP11-556G22.1,0.0028429912774506363
FP325331.1,0.0028421200478537406
Y_RNA,0.0028421133971919415
IGLV1-50,0.002841772268738382
RP11-12M5.1,0.002841742144211047
BCRP7,0.0028405294815121514
RP11-551G24.3,0.002840518368802098
RP3-347M6.3,0.0028405104094565026
RP11-632K5.2,0.002840425066442667
FAM205BP,0.0028403412968054
Y_RNA,0.0028394523156280707
RP11-1078H9.6,0.002839185957394255
STPG2,0.0028386879117513805
LINC00659,0.0028385572921894356
RP5-1011O1.3,0.0028384644210340715
RP11-560G2.1,0.0028384026599243494
RP11-65J3.6,0.002838154715229926
RP11-19J5.1,0.0028379874029409997
LINC00207,0.002837824755555083
TATDN2P3,0.0028374079970019802
AC006070.12,0.0028369042862489194
LINC01505,0.002836304038511922
ADORA2BP1,0.0028362407358006932
CTD-2215E18.3,0.002836045864885765
RP11-90P16.2,0.0028358462493316217
MIR3941,0.0028357879514147193
RN7SL788P,0.002835271128698027
RP11-340F16.2,0.002834661767402846
RN7SKP225,0.0028345358566343607
PRB1,0.0028345063488476887
RP11-432J9.3,0.002834392362389896
C1GALT1P1,0.002832762818770263
AQP7P2,0.00283273433390514
RNU6-781P,0.00283141658062604
RP11-523J2.1,0.00283092233405664
AC007091.1,0.0028307526663062118
RP11-763B22.7,0.0028304950498074335
SRGAP3-AS2,0.0028303939895854774
LZTS1-AS1,0.0028303917593875886
RN7SKP203,0.0028303630662494736
AOC4P,0.0028301741398013363
MIR4526,0.0028297249676257547
C2orf80,0.0028296348090038857
LINC00971,0.002829497818391082
AC098795.1,0.00282908615729925
BNIP3P29,0.0028288815494014827
RP11-22C11.2,0.002828764710924422
RP11-468I15.1,0.002828588211499102
KCNJ2-AS1,0.002828587847901815
MTND5P25,0.0028285521984740374
LEP,0.0028271325745196038
RP4-543J13.1,0.0028270821470231613
AC012322.1,0.0028254559121816394
PADI6,0.0028252882860728763
AL158839.1,0.0028252238478564443
LY6D,0.0028250754501817086
CXCL5,0.002824769409830381
SNORD13P3,0.0028247244910739842
Y_RNA,0.0028241214001494745
SCARNA17,0.002823633244285137
RNU6-1079P,0.002823582597419003
RP4-633I8.4,0.0028235661920574954
SCARNA11,0.0028220118506405594
RNU1-143P,0.002821756854962727
RP11-505E24.2,0.0028216368138124673
CTRB1,0.0028212815501701956
RP11-469A15.2,0.0028204810362439255
SLC16A14,0.002820222996114106
MIR8069-2,0.0028200367563745925
IGHD,0.0028198664695136344
AMN1,0.00281986448337738
RP11-317B3.2,0.0028197174842121368
RP11-298A8.2,0.0028193501786962253
RNU6-1085P,0.0028191760786999884
LINC00937,0.0028190524869134244
MIR133A1HG,0.002818268596133298
RP11-512M8.5,0.0028179694807038305
RNU6-1306P,0.002817722267426736
RP3-413H6.2,0.0028176543211666572
RP11-87N3.6,0.0028172942901726894
RP3-512E2.2,0.0028170488185506213
RNU4-2,0.002817039268198757
CTD-2616J11.16,0.002816455701415671
CTC-304I17.3,0.0028163915507110893
RP11-395D3.1,0.0028161764727653604
MTCO1P45,0.002816145346027685
OR8B9P,0.002815465247362665
MIR5698,0.0028154518493032662
CTB-1I21.2,0.0028147114482348283
MFAP5,0.002814562804471927
RP11-615I2.6,0.0028142347525459974
AC090617.1,0.0028141888761927104
RN7SL836P,0.0028133937345369473
EVI5L,0.002813365494529783
OXCT2P1,0.0028133530464378993
BANCR,0.0028132711815934933
RP11-173M1.5,0.0028132448188797547
RP11-51J9.6,0.0028128435522335104
CCL23,0.002812696250634107
RNU6-853P,0.0028126904671673942
RN7SL870P,0.00281264191252071
RNU6-759P,0.002811690216745813
KB-1460A1.3,0.00281154320445043
RP11-408H1.3,0.002811378088792798
COX5BP3,0.002811068680945267
RP5-1065O2.4,0.002810849250120743
RNU6-147P,0.0028103822437537786
RP11-135A24.4,0.0028097216362717677
RP13-122B23.9,0.002809715514665638
MCEMP1,0.0028094452010553705
RN7SKP237,0.0028090459584979217
SLCO1C1,0.0028090444762179155
AC069213.4,0.0028089629466480246
RP11-1018N14.3,0.002808793755385359
SNORD45,0.0028084678889016457
CTA-392E5.1,0.002808417919358415
AKAP11,0.0028083466195437568
RP4-680D5.2,0.002808068749334106
RP11-404L6.2,0.0028080630844503126
Y_RNA,0.0028079764829364714
RP13-672B3.5,0.0028074247842773447
RAET1E-AS1,0.002806981488810865
ZNF806,0.0028065577666673103
GABRG3-AS1,0.0028061882230230625
EXOSC3P2,0.0028060662574641787
RP11-1236K1.8,0.002804994664667615
PNMA6B,0.0028049121539081715
Y_RNA,0.002804773394620157
SPDYE10P,0.002804476478520377
RP11-1250I15.3,0.002804457127808342
MIR1913,0.002804442095441702
ZNF560,0.0028037820029424114
ENPP7P10,0.0028036415681319715
AF067845.1,0.002802680230901349
CDH19,0.0028025697176792407
MIR5697,0.0028024595911664376
RP11-380L11.4,0.002802012661996807
RNA5SP202,0.002801951165987498
LLNLR-260G6.1,0.0028016080476946192
RNU6ATAC17P,0.002801574011021242
RP11-231P20.2,0.0028013301982821753
STX18-IT1,0.002801221512601537
LINGO1-AS1,0.002800920807686928
RP5-837M10.4,0.002800744249671584
MIR6077,0.002800618856674615
MIR1273C,0.002800110312236268
FCF1P4,0.002799880825770456
Y_RNA,0.0027998179632212146
CTD-2357A8.2,0.002799779791014002
RP11-1007J8.1,0.0027990940516578345
RORB,0.0027987447581479716
RP11-315I20.3,0.002798611361984922
LINC00403,0.0027985923425073414
IGHA1,0.0027984912242629725
AC005592.1,0.002798232387882792
AC025442.3,0.002798171644340962
MUC21,0.0027977976903181944
RP11-612B6.1,0.0027973386312978997
RP11-122D10.1,0.0027972022278566935
RP4-646N3.1,0.0027968929892161565
RP13-539J13.1,0.0027968507573121436
TTC39A-AS1,0.0027967900544252217
ROPN1B,0.0027965990134509503
RP11-272B17.2,0.002795319545256462
ARMCX3-AS1,0.002795251227264207
IQSEC3P1,0.002794161758293421
KBTBD11,0.002793624025905228
PF4V1,0.0027933987233705027
RP11-255G12.3,0.002793354321025789
RP11-32B5.8,0.0027930739851402702
RPL34P22,0.0027919764152674366
GPR88,0.0027913714910207305
HSFX1,0.002791247620030306
RP11-94A24.1,0.002790446002684486
Metazoa_SRP,0.0027901999457610746
RP11-819C21.1,0.0027884596818994046
TRDV3,0.002788339808002713
AP001331.1,0.002788238132976055
KRT73,0.002788127698571908
RP11-102N12.3,0.0027880237182945733
MIR6799,0.0027879891395177795
MARK2P8,0.0027878199606898267
IRX4,0.0027874908377869727
Y_RNA,0.0027870687739725603
RP11-253I19.4,0.002786878792162992
RP11-462D18.4,0.0027864191620221358
RPL3P13,0.0027861824899803483
RP11-298I3.6,0.0027861403776119143
RP11-338O1.2,0.002785871565982117
TMEM229A,0.00278582794257198
RP11-94H18.1,0.002785717510404962
RP11-475O6.1,0.0027856028156585336
STX19,0.0027852484970526128
CXCR2P1,0.0027852414393104118
RP11-659P15.1,0.002784666200598057
RP11-386M24.1,0.002784275649207571
RP11-314C9.2,0.002784257621370966
MEDAG,0.002783423011035665
RP11-962G15.1,0.0027834199107928475
RP11-238K6.2,0.0027832473713302213
RP11-278H7.5,0.0027827700814938407
RNU2-28P,0.0027826932625411942
RP11-151H2.1,0.002782460804646469
KLK1,0.00278231775647591
NR0B1,0.0027822905473774365
RP11-114H7.3,0.002782261015963507
TNRC6C-AS1,0.0027821806923142424
AC005532.5,0.002782095560045024
AC069542.1,0.0027818502696945004
MIR4697HG,0.002781691552334009
MRGPRX3,0.0027815099865973786
CTD-3064M3.3,0.0027804868550191522
CTD-3118D7.1,0.002780336909968133
GSDMC,0.002780328787093305
OR52W1,0.0027797807192777705
RP11-474P2.7,0.002779141325163983
AC105760.3,0.0027789278411556742
RP11-495K9.2,0.002777808605610614
RP11-298E9.5,0.002777493278934707
CTA-929C8.7,0.002777429618973145
SBK3,0.0027774178779776605
TMEM74B,0.0027773691752498624
LINC01570,0.0027768265325710034
RP11-46A10.8,0.002776284825445736
RP11-672L10.3,0.002775729234056015
RP11-398J10.2,0.00277531148262288
CTB-187M2.2,0.002774565948878221
RN7SL300P,0.0027742024262892018
CH507-9B2.8,0.0027737105108557414
CTC-268N12.3,0.0027731033922201403
AC016995.3,0.0027724305672092745
REV3L-IT1,0.0027719893426507384
CETN4P,0.002771955800766471
GATA6,0.002771508555764065
RP11-64B16.2,0.0027713684009081072
ACTBP13,0.0027711701058339435
RNU6-1167P,0.0027708578260440203
CTD-2007H13.1,0.002770850302663981
CTD-2595P9.2,0.0027706845127170887
RNU7-97P,0.0027705671994085143
MIR3649,0.0027702056972626257
AC026954.6,0.0027700741354179195
WFIKKN2,0.00276982149107936
RNU1-11P,0.0027695809681220623
HIST1H4E,0.0027692010537727478
RN7SL733P,0.002769177435839984
RP11-320N7.1,0.002768863191087694
RP5-844F9.1,0.002768809794507972
AC010287.1,0.002768629323749803
AC009060.2,0.0027681185613111737
THRA1/BTR,0.0027680309556708926
CTD-3037G24.4,0.002767110161080617
RP11-463I20.2,0.0027667029739479074
SLC15A5,0.0027664233551842107
LINC01259,0.00276604678001545
RP11-148O21.6,0.0027654156510115036
RP11-45F15.1,0.0027653458710421544
AC006539.6,0.0027652459384092743
RP11-127L20.3,0.0027652402691716853
AC069499.1,0.00276519423092737
RP11-174G17,0.002765141754764784
BTBD18,0.002765124629132704
BSX,0.0027650298734577723
RPSAP34,0.0027649591913380166
RNA5SP163,0.0027648107006272835
RP11-85I21.1,0.002764180487174932
RP11-552I14.1,0.002763847492248244
CTC-264K15.6,0.0027637474823146825
RP11-22B10.3,0.0027621810787184175
RP11-443N24.2,0.002762046784617938
RP1-18D14.7,0.0027620442427400247
MIR4644,0.002760709004866007
RP11-2L8.1,0.0027606897676831213
RP3-522J7.6,0.002760683780883267
AC114730.7,0.002760639963663688
RNU6-540P,0.0027603857040878017
POU2F3,0.0027599869566078284
RP11-180I4.2,0.002759858755598338
RPL21P104,0.002759805102848822
CACNG5,0.002759552070153346
RP11-571O6.2,0.002759253632154217
AC005062.2,0.002759127233875124
FAM8A6P,0.0027590381767196182
RP11-12A20.8,0.0027586763383929238
TBC1D3D,0.002758593161755301
TMEM178A,0.0027581286488271854
AC004019.13,0.0027578756361762357
BMS1P19,0.0027572461994230476
AC002486.3,0.0027571539488889644
RP11-163I18.2,0.0027571254007369016
CTB-129P6.7,0.0027570928267398698
AC073464.4,0.002756859587660724
PNMT,0.002755838830018207
IGKV3-15,0.002755755037878717
RP11-1038A11.2,0.0027551462386969944
MIR3919,0.002754616934147112
RP11-270B14.1,0.002754023997029874
POLR2KP2,0.0027533618720456147
RP11-338H14.1,0.002752891361290227
RP11-543H23.2,0.002752555484022658
RPS26P45,0.0027517890446242758
PITHD1,0.002751638284042661
FABP2,0.002751425232631693
MIR365A,0.0027512625261120133
RP11-691H4.4,0.0027512422762581232
MAPRE1P3,0.0027511273349595505
MIR28,0.002751063321547252
RP11-930P14.1,0.0027505775645683783
MISP,0.002750546130717846
RMRP,0.0027503144248869813
RNU6-1016P,0.002749857215299491
MARK2P17,0.0027498059059610155
CTD-2194D22.1,0.0027497834231002332
MAFK,0.00274964172956018
RP4-713B5.2,0.0027493669199956695
MTHFD2P2,0.0027493241702176187
RP5-1100I6.1,0.002748822225148474
ADAMTS4,0.002748540865315157
MTCO3P44,0.002747176096118879
RP3-329A5.1,0.002747157716095243
AC005324.6,0.0027466210647213766
RP11-98F14.11,0.0027464479953747912
MTND4P2,0.0027449979838899637
RP4-651E10.4,0.0027446309570932723
ANKRD20A8P,0.0027445904021730643
AC016909.1,0.002744250749858356
RP11-666A8.7,0.002744045290956269
RP11-720L2.4,0.002743759914016553
RP11-115N12.1,0.0027435645026548296
AL049758.2,0.0027431610182738052
BSN-AS1,0.002742855841719732
Y_RNA,0.002742788698481704
MIR326,0.0027426787932386147
METTL24,0.002742405900652574
RP5-839B4.8,0.0027421253407708787
AC116609.3,0.002742024379601421
RP11-61J19.3,0.0027416401027253604
ASS1P10,0.0027405196692520555
FAR2P4,0.002740485985682187
RNU6-880P,0.002740429329102973
CTA-363E6.5,0.0027392979156816307
RP11-554A11.7,0.0027378214721249633
ZDBF2,0.0027370733605697095
ABHD15-AS1,0.00273678259936918
HBG1,0.002736428762562003
BNIP3P20,0.0027360028710826747
RP11-1C1.4,0.002735827865987741
RP11-466P24.6,0.002734858348527683
RPS29P4,0.002734826610697149
HSPA8P3,0.0027348003685173415
AP001187.11,0.0027345433373385753
MRPS17P3,0.002734505443468347
AP000662.4,0.002734333554914323
CH507-338C24.2,0.0027339091191999287
RP11-698E18.1,0.002733799047826588
AC073636.1,0.0027332633325095434
RAB11FIP2,0.002733180051377326
CTD-2540B15.9,0.0027328956833223158
RP11-515C16.1,0.002732503793911445
RP11-333A23.3,0.0027318898870902254
CUBNP3,0.002731705830634969
NEK4P2,0.0027312758235451535
AP000345.4,0.0027305710772983736
LA16c-390E6.3,0.0027301553801093274
RP11-436M15.3,0.0027300653753194147
TRIM71,0.0027299995159363317
RP11-637N19.1,0.00272992199700429
SECISBP2L,0.0027297606449891427
Metazoa_SRP,0.002729581452993369
MIR4502,0.002729550857956196
IGLV1-44,0.0027283531550290185
RP11-364B14.1,0.002728321401967968
DPP10-AS2,0.002728202979069867
RP11-114N19.5,0.0027266771115845613
MTND2P9,0.002726488822156538
RP11-122K13.7,0.00272546973480281
RP11-5N11.4,0.0027253455289079575
CTD-2555I5.1,0.0027251462316729507
RP11-493L12.6,0.0027247583517234176
IGHV5-51,0.0027245923594574483
AC007386.2,0.002724487739374304
RP11-245J9.5,0.002724378072093096
Y_RNA,0.0027240303234994045
RP11-755E23.2,0.002724011248708561
P3H2-AS1,0.002723325454814383
AC006466.5,0.0027230376571193856
HOXB9,0.0027230061744823587
RNU2-25P,0.0027228861559962297
CR1,0.002722565201870054
CTD-2651B20.6,0.002722113435255238
AC139103.1,0.0027219673912990995
ZNF735,0.0027219406894028577
RP11-489P6.1,0.0027218624018218434
TMEM170B,0.0027215426371999733
RP11-2H8.4,0.0027214913089085965
RP4-784A16.4,0.0027212938228382004
FUT8-AS1,0.0027210518650946916
RP11-71E19.2,0.0027209591008764437
AC105342.1,0.0027208187914706037
AC016549.1,0.0027196573324246767
AC114752.3,0.002718127484810247
RP11-332H18.3,0.002717971535196932
AC015849.2,0.002717930309135313
RP11-144H23.2,0.002717404459991472
RN7SL328P,0.002717273312101956
GPR15,0.0027170766584718085
AP000355.2,0.002717008082480009
TMEM185AP1,0.0027168849673380384
BASP1P1,0.002716774794850233
Y_RNA,0.0027167473411923346
BRWD1-IT1,0.0027162687288957146
RP11-598D12.2,0.0027161287453375776
AC008440.10,0.0027158375379341447
ELMO1-AS1,0.0027153251542480577
NKPD1,0.002715148026264654
RN7SL280P,0.0027150403741484897
RP5-1029F21.4,0.002714843058694848
RP11-46C24.3,0.00271448986247809
RP11-400N9.1,0.002714413274216812
MAST4-IT1,0.002714374660288165
MYCBP2-AS2,0.002713943228282475
MIR548XHG,0.00271386031038657
TRIM64B,0.0027131718419541534
IGHV3-15,0.0027130857996346884
LINC01566,0.0027129238448479025
RP11-46I8.4,0.002712737606751833
RP11-540O11.7,0.0027124867476063445
CTD-3162L10.4,0.002712295374179782
RP11-108L7.14,0.0027121091413281184
JCHAIN,0.002711615336912499
BOLA3P2,0.0027112960109498788
RP5-1116H23.6,0.0027108692904063885
Y_RNA,0.002710557223176393
RERG-IT1,0.0027103144978115946
RP11-73M11.3,0.0027102315921460497
OR2B11,0.0027102293711973534
RP6-1O2.1,0.0027101638521360443
RN7SL507P,0.0027098183028126904
RP11-1J7.1,0.00270890328720456
CNRIP1,0.0027080700160029073
GPR153,0.0027078689343872334
RNU6-529P,0.0027078524338747995
RP1-177A13.1,0.0027076297069600483
OR7E145P,0.0027072635985804427
RP11-127O4.3,0.0027071357295816545
RP11-882I15.1,0.0027070570419379103
AC093826.1,0.002706922071155841
IL5,0.00270688794045208
APCDD1L,0.0027068015055267073
RP11-361L15.5,0.0027063255474420282
LINC01206,0.0027060830809047653
TRAV1-2,0.00270603146551677
IL21R-AS1,0.0027058136861920438
RNA5SP304,0.0027056254649785697
RNU6-116P,0.002705351143829239
BNIP3P28,0.0027052251582610235
AC083899.1,0.002704813288642096
RP11-408N14.1,0.002704779508159725
C11orf52,0.0027040371274847192
ZNF75BP,0.0027038903858437628
RP11-646E18.4,0.00270378487564867
SNORD116,0.0027035035533751082
TRIM59,0.0027033223646260028
RP11-253M7.3,0.0027033125936954307
RP11-92B11.4,0.0027028867482397543
SNORD115-48,0.002702554645986956
RP11-99H8.1,0.0027021314043013432
RP11-326A19.3,0.0027017819594158617
PRTN3,0.002701383615830453
AC072061.2,0.002701000586881891
RP11-751K21.1,0.002700547750576941
TATDN2P2,0.002700223225762337
AP000289.6,0.0027001775072737636
WASF3-AS1,0.0027001731376998937
GAS2L2,0.002699435330925704
LINC00486,0.002697404891059257
AC131056.5,0.0026958752296592694
ZBTB8OSP1,0.0026954794370051775
CTD-2525P14.5,0.00269535105922012
MIR181D,0.002694640700368865
RP11-286H15.1,0.0026943909534064493
CTD-2243E23.1,0.0026939094637924584
AC005518.2,0.0026938833353011508
CYP2A7,0.002693637203753501
RP5-864K19.6,0.0026928333748641483
LA16c-380H5.1,0.0026927136188878553
MYEOV,0.0026925379065765136
RP11-890B15.3,0.0026923878990470435
RP11-6D1.3,0.002692154425206258
CXCL1,0.0026919716331683104
PNLIPRP2,0.0026917964127349168
RNU6-1217P,0.002690994285355743
CICP4,0.0026909663230893226
GLI1,0.0026907939577266865
FTLP14,0.0026906352053206713
OR6V1,0.0026905147105494563
RP11-247I13.6,0.0026902708842634414
SNX18P3,0.002689195556302061
uc_338,0.002689091970158249
IGLCOR22-1,0.0026887747632101193
RP3-470B24.5,0.002688701245801269
RP11-188P17.2,0.002688161042451515
RP11-631F7.1,0.0026879682223947534
RP1-111D6.4,0.002687957196990814
RP11-434H6.7,0.002687836630361185
SPINK1,0.002687780377362145
FMO8P,0.0026872827122713626
RP1-102G20.4,0.0026872026166620345
RP11-579A4.1,0.0026866131842151705
C11orf97,0.0026864087119517757
RP4-534N18.2,0.0026862498696578595
RP11-242F24.1,0.0026860790583316807
KRTAP5-11,0.002685595025902903
TRAV14DV4,0.0026855123319456144
SNORA26,0.002685371280408552
RP11-234B24.4,0.002685313559993785
RUVBL1-AS1,0.0026852330524118886
CCT4P2,0.0026851723068975096
AP000711.1,0.0026848846035669787
RP11-548K12.12,0.0026848311282882367
ANKRD33B-AS1,0.0026842530277310307
AQP8,0.0026835678823554526
AC133633.2,0.002683525849892031
IZUMO1R,0.0026834827187076395
RPL12P39,0.002683054121914431
FTH1P25,0.002682936320201093
AP004372.1,0.002682931618730079
NHSL2,0.002682654349326952
AP000859.4,0.0026824549997012197
RP11-345J18.2,0.002682247872017425
MIR6894,0.0026820239432078304
DUSP8P5,0.002682010903337225
RPS15AP16,0.0026820070613906444
KRT17P3,0.0026816003986877917
SLC9A7,0.0026814994997164565
MTCO3P29,0.0026811897648415742
THAP12P6,0.0026805994683616833
DCUN1D2-AS,0.0026804090662115
IGHV3-23,0.0026790707169841547
RP11-305E6.4,0.002678941025680212
SNORA36,0.002678937427988053
RP11-6I2.4,0.0026783932128950794
CTB-180A7.6,0.0026783059304037477
RP11-111K18.2,0.002677934631738295
RAB40AL,0.002677626820096726
LOC100421166,0.002677195117355636
MTND1P9,0.0026770770288854335
AC011330.13,0.00267682129275811
AC093375.1,0.002675662597419595
IGLC7,0.002675473561070257
UQCRBP3,0.002675210988470936
RP11-142A5.1,0.002675096303973899
LINC01097,0.0026742886913904843
AC104058.1,0.0026740871425371656
RN7SL778P,0.002673864807132221
DRAIC,0.002673720934198457
RP13-685P2.8,0.0026736527705548126
KIF25-AS1,0.0026735918380692203
RP11-1151B14.4,0.002673120459067916
LINGO4,0.0026727561000563296
TUBB7P,0.0026726898006196992
RP11-697E2.12,0.00267221085657422
RP1-78O14.1,0.0026716592392001647
RP11-402J6.1,0.0026715699110284644
IL11,0.0026713195371128175
RP11-473E2.3,0.0026710092097210784
U3,0.0026702495618562217
LINC01317,0.002669504216279415
RP11-618K16.4,0.002669492592591175
TDGF1P5,0.0026692455329106308
RNA5SP260,0.0026691900375468993
RP11-493L12.5,0.0026691507513968383
RP11-157L3.12,0.0026686849429272143
RP4-745K6.1,0.0026676540973153617
RP11-456O19.2,0.0026675109114092745
AC141930.2,0.002667354444714392
RP11-521A24.1,0.0026671222100797046
P2RX6P,0.0026670476790186305
AC018359.3,0.0026669417837620647
uc_338,0.0026667924043978085
CTB-178M22.1,0.002666602277188354
PLA2G2F,0.002666562297737947
RP11-343J18.2,0.0026655406865629012
SNORA30,0.0026654530017284515
RP11-553A10.1,0.0026651082656018545
OSTCP8,0.0026650627911232144
CTD-2509G16.5,0.0026646556982965136
CTB-164L20.1,0.0026643324264313773
CTD-2014E2.7,0.0026643029165742426
IFNL4,0.0026642193819649187
RP11-556I14.2,0.0026641777874377164
AC067940.1,0.002663833367442578
RP11-397O4.1,0.0026636083619627957
CTD-2540B15.6,0.002662981666676418
CTD-2254N19.1,0.00266291925457085
CTD-2410N18.1,0.0026625143303246925
snoU13,0.002662481516966818
LOC440461,0.0026623768168112312
LINC00029,0.0026619865326416897
RP5-916O11.3,0.002661577875386142
RP11-39E3.5,0.002661358812228584
AC002044.3,0.0026613277132201273
TRMT2B-AS1,0.0026611674073321935
SIRPG-AS1,0.0026605862012692065
IGHG2,0.0026599830947290765
RP11-466A19.5,0.002659721662958467
SNORA12,0.0026594583294504586
MIR150,0.0026591340224113493
RNU6-604P,0.002658330747051066
LINC01627,0.0026577735556826015
BHLHB9P1,0.002657359693609071
LINC00114,0.0026572948872793747
IGLC3,0.0026572208177303765
MIR3150B,0.0026570666903125485
IGLV6-57,0.0026567888869743323
RP11-313I2.5,0.0026565343135553556
RN7SL678P,0.002656126741721704
AC114765.2,0.0026559610078785516
XX-C2158C6.3,0.002655860438718885
LINC00400,0.0026550787592111783
FAM170B,0.0026545637902969823
RN7SL775P,0.0026541025455579866
RPLP0P1,0.0026532195642207236
RNU6-1322P,0.0026528165190384733
HMGB1P44,0.002652774442973693
SNRPCP17,0.0026527390635585697
PRSS35,0.002652630085911447
LINC01399,0.0026512943150567105
THAP12P5,0.00265086312091936
RP1-283E3.8,0.0026503714741849638
TMEM74,0.0026495478735100797
TRBJ2-4,0.0026494463028774646
RP11-723O4.6,0.0026486606257338507
RP1-153P14.7,0.0026481972464240727
CTD-2339F6.1,0.0026479617085272858
CTC-559E9.12,0.0026477030872773502
CPEB2-AS1,0.002647637607665549
RP11-495P10.6,0.0026474140142441847
LINC01524,0.002646375291888853
LINC00298,0.002646045887122167
TNFRSF13B,0.0026458905089741525
BCORP1,0.002645618137932647
RP11-322E11.3,0.0026453974711202447
RP11-420M1.2,0.0026450444147806886
AC008991.1,0.0026442307557809157
RNU6-1046P,0.002643903680945662
MTCYBP16,0.0026438260382523103
RP11-202G18.1,0.002643768338293921
RP5-1007F24.1,0.0026437375460656603
AC016751.2,0.002643699123821904
RP11-370I10.10,0.0026433787154152375
RNU4-13P,0.0026425870437907484
U1,0.002642529828201854
RP11-161D15.3,0.00264180374639935
MAGEA8,0.0026411820361173124
RP11-116D17.4,0.0026405541249301637
B3GNT6,0.0026403255487270952
Y_RNA,0.002639734696084997
RP11-558A11.1,0.0026390265327360034
RNU6-780P,0.0026388968537812267
SLC39A12-AS1,0.0026386119443570326
ZNF350-AS1,0.0026386036510160395
RP11-74E22.6,0.002638431542505876
OR7E15P,0.0026383962453751103
SNORD114-9,0.0026381836671455754
RP11-802F5.1,0.002638098353182582
IGLL5,0.00263804508719147
SPATA8,0.0026379856831945953
AOAH-IT1,0.002637880246702627
RP11-351I21.7,0.0026370585502467495
CH17-13I23.2,0.002636941948928895
C2CD4A,0.002636641310127701
APOH,0.002636299358620699
RP11-5P18.10,0.002636108546459575
IGHV4-34,0.00263551309035356
RP11-314D7.2,0.0026353308657128495
RP11-554A11.5,0.0026353100317318212
RP11-400N13.3,0.002633915080546975
MIR548AT,0.002633747582713805
OR2AG2,0.0026335319656455346
RP11-959F10.4,0.002633341974103529
RP11-65D17.1,0.002633162204888494
PTP4A1P1,0.00263296506429634
RPL7AP2,0.002632236121446756
NPM1P41,0.0026319129077282057
U3,0.002631834240230433
RP11-171I2.1,0.0026315705881577852
RP4-669P10.20,0.0026314123937362342
CTC-459F4.8,0.002631223044206193
SNORD32B,0.0026309590544319516
RNA5SP354,0.002630478129081393
RP11-296A18.6,0.0026304060702681442
RP11-416H1.1,0.002630055749871888
AC106873.4,0.002629831764126648
Y_RNA,0.0026297869475936423
ENPP7P1,0.0026290624466486913
RP11-498J9.2,0.0026287500487321394
DLX5,0.0026282804343964413
RP11-628E19.2,0.002628248368607588
CTB-113D17.1,0.0026282366446991083
Y_RNA,0.0026282283762502764
MIR345,0.0026277609060577152
Metazoa_SRP,0.0026270757810214645
RP11-768G7.1,0.00262697446588204
RNU6-550P,0.0026267564730025937
MIR31HG,0.002626754719473217
RP11-680B3.2,0.0026267036140286506
RP13-452N2.1,0.0026262281713212046
NNAT,0.0026262229255142266
LINC01510,0.00262476054361278
ARPP21-AS1,0.0026243810897463873
SNORA48,0.0026241300444394223
SUMO2P12,0.0026239366460739186
RPL12P30,0.0026234643420455068
NCOR1P3,0.002623285890698767
CTA-243E7.2,0.0026227836366495756
RP11-566K11.5,0.002622469911784484
IGKV3-11,0.0026217846631085614
CTD-2298J14.2,0.0026216420321862367
RP11-153F1.2,0.002620860935122744
MINOS1P3,0.0026207259857958464
RP11-129M6.1,0.002620583020598349
PLA2G2A,0.0026205327049908826
TRAV2,0.0026193918100314234
TRGJP2,0.0026191601836598574
LINC01087,0.0026190243817928935
RN7SL408P,0.002617602913869334
LRRC26,0.002617494108895806
RN7SL741P,0.002617213855647754
RP11-43F13.4,0.0026169561791647136
RP11-131L12.4,0.0026168258034952926
GTF2IP7,0.0026167575953832327
RP11-474P2.2,0.0026166424787639063
WTAPP1,0.0026165901820972286
RP3-366N23.4,0.0026163807355534066
RP11-302L19.3,0.0026162982007433846
OR7E11P,0.002615882557864091
LINC01470,0.0026158102827473816
BRD9P2,0.002613896080975659
RNU6-951P,0.002613257345011322
RN7SL127P,0.002612920254685688
RP11-542M13.2,0.002612389364073974
RP11-24M17.4,0.002612351594823543
RNU6ATAC41P,0.0026119217138170737
PLLP,0.0026117162913102216
AC073130.1,0.0026116581938109744
RP11-109L13.5,0.0026113127148844196
RP5-966M1.7,0.002611142409715476
RP11-432B6.1,0.0026110688920846195
RP11-404P21.8,0.002611061025307442
IGLV7-43,0.0026110314275397
SPANXN1,0.0026105328405979524
RP4-683L5.1,0.0026099993712201475
Y_RNA,0.0026099857295946
RP3-405J10.5,0.0026096559858568226
RP11-114H21.2,0.002609516786022678
RNA5SP37,0.002609201958706639
IGHV4-39,0.002609047372936231
RPA4,0.0026087591349319567
RP11-31H5.1,0.002607943364736238
CHL1,0.0026077148993853163
XXcos-LUCA16.1,0.0026075651715259432
RP11-297C4.2,0.002607107362301255
CTA-280A3__B.2,0.002606834104325676
RP11-403D15.1,0.0026065996158569534
TNFAIP8L1,0.0026063163366261493
RP11-145A3.1,0.0026057095511077518
AC114877.3,0.0026054503812284278
GDF6,0.0026035985936001533
RPS29P21,0.0026035678320220856
RP11-330M19.1,0.0026035234269329794
RNU6-564P,0.0026034313717294617
RP11-299G20.2,0.0026034245382568493
IGLV3-21,0.0026029808587569626
CTD-2291D10.1,0.00260285904827935
PLN,0.00260237411726074
DGKK,0.002602181546149725
RP4-737E23.7,0.0026017942070881536
MTAPP2,0.002601572642312073
RNU6-313P,0.0026013487712447697
TRBV24-1,0.002600867581589443
CASC18,0.0026006123711840587
WNT7A,0.002599643131831881
OR2K2,0.0025995951272246224
TBC1D21,0.0025995634550331367
Y_RNA,0.0025991139181856973
MTCO2P30,0.0025991043914641784
RP11-305O6.3,0.0025985023881179513
WASIR2,0.0025983035110514587
AC005301.8,0.0025982026924384997
E2F3-IT1,0.002597909827850496
RP11-467I20.2,0.0025976829596375283
RP11-131L12.3,0.002597491102578584
CTB-109A12.1,0.0025964008012082105
RP11-634B7.4,0.002596389451809117
RP11-2O17.2,0.0025960634958983033
LL22NC03-104C7.1,0.002595892972837017
CTC-498M16.3,0.0025958057492210997
RN7SL273P,0.00259578459607045
KB-7G2.9,0.002594988845152673
RP11-264M12.2,0.0025946129193955003
INHBE,0.0025944971174956047
DNM1P50,0.002594483742337316
GYPB,0.0025935705044707155
CLPS,0.002593468944992013
FFAR4,0.0025934010246706557
IL31,0.0025930373905853257
RP11-358D17.2,0.002592654028039788
GRTP1-AS1,0.0025922378447346822
SSTR5-AS1,0.002592103478623862
CEACAM8,0.0025918885360793394
MIR4424,0.002591831914634089
CTD-2194L12.2,0.0025916291210711334
SVIP,0.002591465506813002
SNORA8,0.002591244845716829
RP11-292D4.4,0.002591089162100886
PLSCR5,0.0025910221904632018
MTND1P27,0.0025907623333548987
RP11-422P22.1,0.0025906267345786457
CTD-2119L1.1,0.0025903861945988462
USP12-AS1,0.0025901879520177297
RP11-680F20.10,0.0025900756468949532
RP11-30J20.1,0.002589608754901709
DKK4,0.0025891161456680894
LINC00266-1,0.002588955167496268
AC011518.1,0.0025883534117651617
RP1-92C4.2,0.0025882140333418225
RP11-73O6.3,0.0025881811538155785
FOXD4L4,0.002587414599622627
SBK2,0.002586706013571667
CTD-2199O4.6,0.002586261183106791
KRT126P,0.0025858864593510285
RP11-374A22.1,0.002585826853576995
RP1-101G11.3,0.0025856088862385974
RP11-386P4.1,0.002585418245510096
CH17-13I23.1,0.002585263705454376
LAMTOR3P2,0.002584805192048046
MARK2P6,0.0025844362499009258
DNM1P35,0.002584091852841192
RNU6-605P,0.00258372489869467
TRAV22,0.00258302359863908
IGHV3-21,0.002582999641916596
RP11-461M2.2,0.002582994895661587
RP11-1167A19.6,0.0025826807931147344
MIR193BHG,0.002582000930620999
WIPF3,0.0025805941962915866
ARHGEF35,0.002580361005705812
AC006262.4,0.0025802061956764584
SNORA75,0.002579955009702095
RP11-742D12.1,0.0025799130874147778
RPS20P31,0.0025791931335286573
SNORA27,0.002578992632189308
CLDN24,0.002578639916575696
ZBTB46-AS1,0.002578332324029436
RP11-341G23.2,0.002578041832816114
MIR378A,0.0025779700319283213
SNORA70,0.0025774633046901658
STOX2,0.0025772033671727615
RP11-2E17.2,0.002576784242692016
RP11-374M1.10,0.0025760691983995427
MIR519A2,0.0025754557734322223
MIR4766,0.0025752224798326353
MIR149,0.0025745054809519848
SNORD46,0.0025744390000201275
SPINK7,0.002574243084486711
AL355480.4,0.0025741532135593347
RP4-789D17.5,0.002573778491411127
RP11-340F14.6,0.0025737544154177017
RP11-698F20.3,0.002572856462214979
YPEL5P2,0.002572849811694021
RP11-344P13.1,0.0025720272387569714
AC116614.1,0.0025716070816307886
AC012065.4,0.0025715939572615826
RP11-379L18.1,0.002571475568242408
ARL2BPP1,0.002571426243933921
MIR3128,0.0025706743908748045
OR52N4,0.002570397352787481
VN1R28P,0.0025702388129608023
RP11-432I13.6,0.002570236991584687
CTA-992D9.6,0.0025701560069194013
RP11-697G4.4,0.0025701134177720845
RP11-15G8.1,0.0025701067152060796
CITF22-62D4.1,0.002570004180506631
SDPR,0.0025697304246391434
RP11-144A16.8,0.0025697111652475727
CD70,0.0025696132247641475
FER1L6,0.002569382348827031
RP11-409I10.2,0.0025690756101912184
CTSLP8,0.0025690089250276107
CTA-363E6.6,0.0025688017837075094
MIR4513,0.0025683856074482465
SMIM13,0.0025680370664500603
Y_RNA,0.00256742157551695
RP1-154K9.2,0.0025669999967382283
PATE4,0.0025669992835051867
HSPE1P21,0.002566370813470471
RP4-713A8.1,0.002565708036767865
MTND4P30,0.002565299248620346
RP11-513N24.1,0.0025650940854009055
MIR8057,0.002564522901878954
RP11-404K5.1,0.0025641749616332173
SCARNA24,0.0025639226461132577
ANXA8L1,0.0025636126483836153
RP11-120K24.5,0.0025633988546770363
RP11-642A1.1,0.0025631880802467768
AC093390.1,0.002563075497695969
CMA1,0.0025626955326406254
CTB-99A3.1,0.002561799769469208
LINC01031,0.002561544423346523
PSAT1P2,0.0025612224875565847
LRRC4,0.0025610207973627754
PRELID3BP3,0.002560452420281704
GNG8,0.0025603334006375
ACTL8,0.002559984622928684
RP11-157E21.1,0.002559815567468934
AK3P5,0.0025591419787859533
MIR8071-1,0.00255829771956808
NHLH2,0.002557584878671456
KCNMB4,0.0025574299842838306
RP4-535B20.4,0.0025566079283234865
Y_RNA,0.002556410310341209
RP11-738O11.9,0.0025563021178374476
TLX3,0.002556148098464926
RP11-384C4.6,0.0025558051094478583
CTA-992D9.7,0.0025556122761487858
AC003682.16,0.002555254882582569
LINC01449,0.00255488386329685
uc_338,0.002554783810215746
RP11-271K11.1,0.0025544907022934968
RFPL3,0.0025543604178614294
LA16c-352F7.1,0.002554329329554437
KANK1P1,0.0025542603371796306
IGFBP6,0.002554213982021554
RP11-301M17.2,0.002554075428841002
RP11-540B6.3,0.0025529892305159946
RP11-747D18.1,0.0025526756031794694
RP11-169D4.2,0.0025525972560469725
SMIM9,0.0025522649684630604
RP11-973F15.2,0.0025521785911808382
RP11-583F2.7,0.0025519998606022775
IGLV7-46,0.0025517269000236605
CRYBB3,0.0025515458334700813
AF131215.6,0.002551278714218617
LINC00395,0.0025511789753129843
CTC-513N18.6,0.002550788029278921
KRT18P13,0.0025497244497009507
AP001625.4,0.002549314879197941
EPX,0.002549003081646982
CTD-2649C14.1,0.0025489269936744764
RP11-328K15.1,0.002548546906619152
RP11-321M21.1,0.002548493536870821
RP11-182L21.5,0.0025484586357471333
AC138517.5,0.0025481262342695525
SPZ1,0.0025479249713159786
RTP3,0.0025478321178550364
RP11-676J12.6,0.0025474212561619027
CD83,0.0025474120727069617
RNA5SP154,0.0025472763768681268
LRRC53,0.0025472416543667054
RP11-866E20.1,0.0025471128269751635
AC005357.1,0.0025470977245908
CTB-50L17.14,0.0025465969482146955
GNAQP1,0.0025457547660177205
AP000477.2,0.002545593768235902
MIR4685,0.0025434886244393535
ITIH4-AS1,0.0025426602853470103
PALM2,0.0025418991597483728
RN7SL209P,0.00254180868393695
ANKRD20A11P,0.002541743780415411
AC007193.6,0.0025413597169414858
EIF4A2P2,0.0025412975336704256
RP11-522M21.2,0.0025408435513519577
NPPB,0.002540596705082397
RN7SL153P,0.0025405144803005344
CSF2,0.0025402460137958376
CDKN2AIPNLP3,0.002540011267416091
TACR1,0.002539909154962944
TDRG1,0.0025398603113097897
RP1-155D22.1,0.0025398431774750685
RP5-892K4.1,0.002539090311709828
MIR6750,0.0025386937685434358
CTB-83J4.1,0.0025378775806936815
AC073130.3,0.0025372527892942994
MIR122,0.002537065579624388
RPL31P57,0.0025369338841966676
MIR578,0.002536933581104428
RP11-982M15.8,0.002536909388127005
RP11-637A17.2,0.00253684382021159
OR7E121P,0.0025363802341236497
Y_RNA,0.0025361845500540964
MIR3680-2,0.002536006137749634
LL22NC03-N14H11.1,0.0025354726096742885
RP11-461F16.3,0.002535429937028511
DNAH10OS,0.002535029676388857
CTD-2240J17.3,0.0025341145628691697
C12orf54,0.0025339201056492895
RP11-41L14.1,0.002533908418563411
CUBNP2,0.002533851728715488
CTD-2320G14.2,0.0025325698880455986
RP11-493G17.4,0.0025321369375551346
CTC-806A22.1,0.0025321073494854337
RP11-456H18.2,0.002531618346584453
FABP12,0.002531315600329029
RP5-894D12.4,0.0025303352641618004
CTD-2326C4.1,0.0025301846246287628
RP11-576E20.1,0.002530145875527551
MYOT,0.0025293604911247316
NSFP1,0.0025291725550525006
AC003005.4,0.0025291637074500066
snoU109,0.0025289182686752767
SCARNA6,0.0025288072450661654
PRELID3BP11,0.002528767839401139
ZBTB45P2,0.0025281634362653645
Y_RNA,0.002528106820442201
RN7SL426P,0.0025274820815029664
RNU6-230P,0.0025273788903497694
RP11-313I2.3,0.0025269051558638707
SCARNA16,0.002526905155858135
TRBV4-1,0.0025266041724698565
RP11-178L8.9,0.002526401900583096
RP11-210M15.1,0.0025261722549002174
SNORA74B,0.0025261467647541267
RPL30P16,0.002525950422339353
ZNF723P,0.002525892015283332
RP11-62H20.1,0.0025256378224555627
MIA,0.0025256312438429545
RP11-486B10.4,0.002524848980085353
MTND5P2,0.002524686530427769
IGHG1,0.0025244616178749083
RP13-539F13.3,0.002523537924767015
AL121590.1,0.0025231769765504605
IGKV1-16,0.0025230711983769603
RP11-746B8.1,0.0025226312709045783
MIR6770-1,0.0025225376492012627
LCE2A,0.002522537649200579
RP11-313C4.1,0.002522348973698714
RP11-785D18.3,0.0025220415157433014
RP11-57J16.1,0.0025218943380614163
QRSL1P2,0.0025217664087868875
CTD-2210P24.2,0.002521738641215607
KRT8P40,0.002521642596344368
GSTA10P,0.0025216393472291035
TNF,0.002521608012525446
RP11-619A14.3,0.0025215937401559447
RP11-335I12.2,0.002521580958265698
MIR29A,0.0025214720789492173
CFAP99,0.0025212477745769667
RP1-28O10.1,0.002521235820839565
RP11-893F2.18,0.0025211059475573503
RP11-325L7.1,0.0025207155877977716
OTOS,0.002520478036069548
RP11-302L19.1,0.0025200880584869277
RPS6P12,0.0025197489404789235
WFDC1,0.002519555752613965
AC009970.1,0.002519284366371539
RP11-177F15.1,0.0025186612633336233
RP11-589B3.6,0.0025186486937393868
TIMM8BP1,0.002518478046749285
FAM155A-IT1,0.0025180416117286933
RNU6-866P,0.0025176857088429674
RP11-255H23.4,0.0025166223097109687
RPSAP62,0.0025162471318190575
HTT-AS1_1,0.0025154667957944204
AL109767.1,0.0025153663379229676
FCF1P1,0.002514917716081449
KRTAP1-1,0.0025148967365165756
RP11-58K22.4,0.002514825835856663
Y_RNA,0.0025148064818143554
bP-2171C21.4,0.0025146156935461354
ATP6V0E1P3,0.0025145708972619256
RP11-134K13.4,0.0025137228610096875
RP11-99L13.2,0.0025134325279609587
OR2L2,0.0025133228801899384
STEAP2-AS1,0.002512968799706156
CTD-2616J11.11,0.00251250702692951
RP11-92C4.3,0.002512457089447385
OR2S1P,0.0025124226276456102
TGM7,0.0025119746465560246
SLC25A15P5,0.002511721855669286
RNU4-34P,0.0025116927310165882
RP11-445N18.7,0.002511327426518193
RP11-725G5.2,0.002511045528188858
LINC01620,0.002510938513104102
AP000350.7,0.0025107777452867013
RP11-490D19.11,0.00251062340492171
RP11-445K13.2,0.0025105246582795607
PPP1R14A,0.0025099214772276624
LINC00294,0.0025098941182894155
RN7SKP263,0.002509517681617925
RP11-89H19.2,0.0025092215065003923
TRAV24,0.002508847236485747
RP11-518K17.4,0.002508531296804454
MIR663AHG,0.0025081552617368594
CTA-440B3.1,0.00250777043252897
AC092484.1,0.002507589186654179
SATB2-AS1,0.002507580237495263
SSTR5,0.002507517077701547
RP11-61G23.2,0.002507399760280559
RP11-357P18.2,0.002506893267570033
SNORD114-7,0.002506320435775393
GBA3,0.0025061934813358105
ALPK2,0.002506176259111107
ENPP7P14,0.002505874278838027
RNU6-100P,0.002505521832423556
CTD-2218K11.3,0.0025052397005860976
RP3-512B11.3,0.0025051514042603988
RP11-826N14.1,0.00250511139665209
RP11-185E12.2,0.002505034174182142
Y_RNA,0.0025049698572866207
TACC1P1,0.0025049399145748137
RP11-744O11.2,0.0025047683724393455
DUTP4,0.0025044780756196413
AC226119.5,0.0025044675532434535
EIF4EBP2P3,0.002504151768815512
CTD-2315M5.2,0.0025041499025743943
RP11-453O22.1,0.00250350010929955
SNORD39,0.002502830056957558
WNT10A,0.0025025869635560125
B4GAT1,0.0025025564822969038
VN1R5,0.002501973134317461
RN7SL728P,0.0025018001439566246
RNU6-1026P,0.0025017845817540763
CTC-422A18.2,0.002501535798195606
SNRPGP4,0.002501070004246929
CYCSP33,0.0025003977363937347
PPIAP27,0.002499962442044069
RP11-143J24.1,0.0024999162382778003
CTD-2024P10.1,0.0024990596299330754
RP11-65J3.2,0.0024990528193478685
PCMTD1P3,0.002498958939215039
CTD-2501M5.1,0.002498886371020399
PCDH9-AS3,0.0024979385994496244
RP11-449D8.2,0.002497699920081195
GOLGA2P1,0.0024976842004560307
ACTG1P22,0.002497098265742539
RP5-979D14.1,0.0024965673893442477
RP6-60B16.1,0.002496147871611073
LARP7P2,0.00249550251637046
CYP4F32P,0.002494460411178821
RP11-366M4.18,0.0024943973983149177
RP11-451G4.2,0.002494207913054997
RP4-724E13.2,0.0024938383526911375
ZPLD1,0.0024932840691924644
RP11-108M9.2,0.002493056619855326
RPL23AP85,0.0024930527603739087
AVPR1B,0.002492747801483766
AP000936.4,0.002492726719350308
RP5-887A10.1,0.002492416007879352
RN7SL605P,0.002492323099528611
RP11-392O17.1,0.002492278295718771
MTND1P20,0.0024921980182056195
CYP4F60P,0.002492165052880797
CTD-2336H13.1,0.002491114595573255
RNU12-2P,0.002491107558469878
RN7SL842P,0.0024906790060403674
HBA1,0.0024905576651268455
RP11-178H8.2,0.002489909966259447
AC005281.1,0.0024898721448157555
RP11-806L2.6,0.00248872825423179
RP11-134K1.3,0.002488652994019304
RP11-431M3.1,0.002488358622814981
hsa-mir-3130-1,0.002488294745069633
LINC00890,0.002488234676328429
ACSBG1,0.0024869948488552914
RP11-292B1.2,0.0024868684882223915
KRT33A,0.002484720840118729
SOX1,0.0024845410135976177
LINC00892,0.00248437810081006
OR7E28P,0.002484221350075483
MTND6P9,0.002483728020517521
Y_RNA,0.0024834855649939363
RP11-545I10.2,0.002483355821502599
RP11-386B1.1,0.002482375696077119
NECTIN4,0.0024818358634754976
RP1-81D8.4,0.002481490664906534
AC013791.1,0.0024805169277800332
RP11-478C6.1,0.0024804652499778243
MTND4P23,0.002480067148410599
KNOP1P4,0.002479846850120064
RP11-700H6.1,0.0024796246174668968
snoU13,0.0024795087372798306
TMEM240,0.0024793698791500825
CTD-2287N17.1,0.0024786641148777577
CTD-2194D22.2,0.0024786068245509106
RP11-155L15.1,0.0024785869449723036
RP11-492E3.2,0.002478270143291813
CTB-129O4.1,0.002476596104149119
RN7SL166P,0.0024764673914196914
RP11-519G16.5,0.002476293349830739
MTND6P2,0.002476279412631655
KRT24,0.0024761433023115283
AC013275.2,0.0024760400844893206
RNU6-757P,0.002475855330731392
IGHV3-73,0.002475758644837019
RP11-73B8.2,0.0024751991898209714
RP11-203F10.5,0.002475070972059602
RP11-463D19.1,0.002474825853530717
ACTBL2,0.0024747083843109302
AC019070.1,0.002474465446777955
CT62,0.002473913559621173
KRT18P50,0.0024733141004321334
RP11-98D18.17,0.0024730698579529045
TPBG,0.002472886791236905
FOXN3P1,0.002472387070500448
UPK1A-AS1,0.0024719716317137997
CNN1,0.002471943212496776
PCDH9-AS2,0.002471903569797002
RP11-534P6.1,0.0024718821907350583
RP4-568F9.6,0.0024717130793537917
RP11-285F7.2,0.002470713507781798
RP11-635O16.1,0.0024706952377007794
CMB9-14B22.1,0.0024704764032082733
OR9Q1,0.002470361915828391
RP11-546J1.1,0.0024702717326949776
MIR4319,0.0024702196385983006
COL18A1-AS1,0.002470177771770523
RP11-554A11.8,0.002469148777009158
MIR329-1,0.002468916591766613
MIR378D2,0.002468695547849123
RP11-315E17.1,0.002468094597248906
RP11-385H1.1,0.0024680682726464244
VWA8-AS1,0.002467853757343747
MIR99B,0.0024675659929534527
RP4-684O24.5,0.002467538835998336
RP11-147L13.14,0.0024673069886562374
AC093822.1,0.0024670009910116924
RN7SL277P,0.002466579909937926
ARX,0.0024665203917541116
MME,0.0024658873571433452
OR4A40P,0.002465824938293935
CTD-2089N3.2,0.0024652848862975842
RP11-19J5.2,0.002465126420850317
SNORD19B,0.002464985054686919
RP11-167N24.5,0.002464758821747272
RN7SKP30,0.0024647580863962244
AC007386.4,0.0024645902907704876
RP11-357H14.17,0.0024645874654328904
RP11-863H1.1,0.0024641858845641023
RP11-1141N12.1,0.00246360948384767
RP4-777L9.3,0.002463593596574545
CTD-3203P2.3,0.002463555651270969
RP11-356O9.2,0.002463190202200327
snoU13,0.0024628502085348915
RNU6-482P,0.0024627074658376317
Y_RNA,0.002462475975972635
RNU6-1014P,0.002462281113540941
VN1R91P,0.002462255462887228
FRMPD1,0.002461619488777901
RP4-796I8.1,0.0024611111449493917
AC004945.1,0.002460891602882127
AC073928.2,0.002460717966715309
TACSTD2,0.0024605845798152683
ABHD17AP6,0.002460380518172074
VPS13A-AS1,0.0024603478574128923
RP11-20I20.1,0.0024602634485182506
SHE,0.002460180901644882
RPS29P22,0.0024591678985085305
RP11-266N13.2,0.002459077432024477
RP11-57H12.2,0.0024589647975924705
LPP-AS1,0.002458386941713188
PDSS1P2,0.002458386658102927
RP11-713P17.5,0.00245826517652275
TBC1D3,0.002457982947023432
RP11-451J24.1,0.0024575571194534345
Y_RNA,0.0024574984851820597
RP11-373D23.2,0.002456780811634539
RP11-23I7.1,0.002455827805892404
C4BPAP2,0.0024558088873433293
ATOH1,0.0024554195330925496
CX3CL1,0.0024545743563294045
EBF2,0.002454308737102476
RNU7-141P,0.0024538700861095318
ISM1,0.002453850719208795
YBX2P1,0.002453731694652115
POLR2LP1,0.0024534285327574307
RP11-526D8.11,0.0024532505744450667
KRT16P3,0.0024526940386362314
SNORA67,0.002452279220569651
MTCO1P7,0.0024511888334116045
CTD-2503I6.1,0.0024506903370388636
RP11-211A18.2,0.0024503492524369347
RP11-497K21.1,0.0024502326183599866
GOLGA8VP,0.002449602734156964
RP11-44N12.2,0.0024495380474597412
RP11-687F6.5,0.0024494399503056405
HMX3,0.002449000255197665
SAMD12-AS1,0.0024487942802114823
RP5-856G1.2,0.002448077521840468
IGLV2-23,0.0024478902671709823
RNU7-136P,0.0024475982399074035
RP11-115H13.1,0.0024474579167608613
IGHV1-18,0.0024473768421403898
OR7E87P,0.0024470085804159693
IFNB1,0.0024458963777697572
RP11-20G13.1,0.0024450999147330376
ST3GAL5-AS1,0.0024450075464575124
RP11-640N20.1,0.0024443952645739307
7SK,0.0024443076918637535
LIPH,0.0024442261187327076
SCGB1C1,0.002443939945142481
RFESDP1,0.0024436930508789905
HSPB2-C11orf52,0.002443525975362163
LINC00239,0.0024431526656819636
FRG2B,0.0024430538182111435
RN7SL688P,0.0024429711434676236
LINC01491,0.002442917157494709
CTD-2553C6.1,0.0024428833786535073
RP11-757O6.6,0.002442672391554097
CTD-2537I9.16,0.002441954445641506
MIR302C,0.002441830076427308
AGBL1-AS1,0.0024416770344762475
PGP,0.0024416732212653373
AL022578.1,0.0024415699604197582
LRRC15,0.0024413146400678377
AC011893.3,0.0024411307473661335
AC060834.2,0.002440642907528614
RP11-434D2.3,0.0024399512377065134
NENFP2,0.0024397043085600404
RP11-440I14.3,0.0024391143266919665
LINC01618,0.002438965327540506
CTB-78F1.2,0.0024384644827928873
CCDC162P,0.0024382810781803646
ANKRD20A9P,0.002438255870285662
DKK1,0.002437668597889362
RP11-44D5.1,0.0024365821196094552
ZNF705G,0.0024364654268115905
IGLV3-25,0.0024362840508700564
TRAPPC3L,0.0024359829142169016
RP5-984P4.1,0.0024355509344936204
AC092168.3,0.0024353199841518573
IGLV2-18,0.0024352674386058353
MIR33B,0.002435082459674183
RPPH1,0.002433876312468634
VEGFD,0.002433715533814877
RP11-899L11.1,0.002432626733027668
IGLCOR22-2,0.0024325834594723108
LINC01141,0.002432577421625775
AC004129.7,0.0024323206093230794
SNORD114-4,0.0024321137463747637
CTD-3194G12.1,0.002431812435347371
IGKV2-30,0.002431787851527662
IGLC6,0.0024316514141695072
RP1-127H14.3,0.002431117584971254
MTND5P28,0.0024308943306491785
RP11-152O14.4,0.002430677052953263
LINC00943,0.0024304518971622726
AP000431.1,0.002430428645710977
RP5-1057I20.2,0.002430088970330642
RP11-435I10.5,0.002430041189285796
RP11-701H16.4,0.0024299764265231275
Metazoa_SRP,0.002429970841836483
ERVH-1,0.0024288116098682444
AC090625.1,0.002428674033649515
KB-1027C11.4,0.002428241491697374
RP11-692P14.1,0.002428228466569807
RP4-587D13.1,0.0024282283203365153
RN7SL556P,0.0024280345512597613
DNAJA1P5,0.0024280106411489455
RP11-17M15.2,0.0024280047839676327
FLJ46284,0.0024278307956039444
RP11-214K3.19,0.002427311187219433
RP11-230G5.2,0.0024272039536427934
ATP1B3-AS1,0.0024270327846776887
NACAD,0.0024270042595449636
RP11-96P7.1,0.0024269795041748053
RP11-43D4.3,0.0024263602509852207
RP4-604G5.1,0.00242585705015688
IGLV1-51,0.0024253303353704197
RP11-711C17.1,0.0024247116080856695
RP11-958N24.2,0.002424262760110311
LACC1,0.0024242547675573808
ADGRG4,0.002424063292420544
CHRM3-AS2,0.002423980037603907
RP11-282O18.7,0.0024235515474066585
RP11-419I17.2,0.002423500585201767
FRK,0.0024225077768593004
RP11-347N5.3,0.0024223472989218786
Y_RNA,0.0024222909074002323
CTD-2240J17.2,0.0024218625355206884
LIPC-AS1,0.002421856104799012
LRRC66,0.002421632045855978
GPR37,0.0024214687460780756
RP4-635A23.3,0.002421306083415078
RNU6-1203P,0.002420932667299645
RP11-588P8.1,0.0024204874784949063
RP11-213G2.5,0.00241854062162995
CCIN,0.0024183599036908415
OTUD7A,0.002418301848773032
RP11-796I2.1,0.0024182073896400493
DNAJA1P2,0.0024181564391261984
SPATA16,0.002417869834072084
ATP11A-AS1,0.0024177522446294
HMGN1P12,0.0024172208732332794
AC093642.6,0.002416224794534384
U7,0.0024153305944852573
KIAA1522,0.002415236460136523
CXCL6,0.002415131692198946
KRT32,0.00241510129989383
AL121657.4,0.0024141268317859057
MMP7,0.002413552055832026
CCL21,0.002412440252724853
RN7SL2,0.0024119709820701694
MKRN9P,0.0024118788568943334
UBE2Q2P11,0.002411851031664777
RP11-815J21.4,0.002411781596611699
RP11-46E17.6,0.00241175666156552
ENO1P3,0.002411161327299948
RN7SKP117,0.002411122199681175
RP11-417O11.5,0.0024109354504127977
LANCL1-AS1,0.002409651063091389
SOX3,0.0024078983710363114
Y_RNA,0.0024076190238684018
PRODH2,0.0024069545743623895
RP4-630A11.3,0.002406747792479088
DSCAM-IT1,0.0024066411481951902
BRINP2,0.0024063969853746277
RP11-90B22.1,0.0024063953401710545
TNR-IT1,0.0024062910397542486
KCNA10,0.0024049120969785055
RN7SL111P,0.00240452318785641
RP11-343P9.1,0.0024043739543550334
SPATS1,0.0024037769237191457
SLC35E3,0.0024035913221115432
SNORA49,0.002403556045859942
AC104794.4,0.0024034453512016838
Y_RNA,0.002403416958923448
SPATA20P1,0.00240339504463443
PNMA2,0.002403316712306603
SLC6A14,0.0024032008201286042
ZNF729,0.0024031187407071637
RP11-44B19.1,0.002403050904878571
RN7SL368P,0.0024022862484340056
SNORD114-20,0.002401965703908584
RP11-83B20.8,0.0024015275913022993
CTD-2008P7.10,0.002401379556119322
RP6-127F18.2,0.002400891936402471
RNA5SP79,0.0024006658958243225
RP11-154H17.1,0.00240024719269072
AP001136.2,0.0023998839048390845
CTD-2308G16.1,0.0023997691837754336
RP11-849N15.4,0.0023992089254260434
RP11-1078H9.1,0.002398984475923848
RP4-564F22.6,0.0023989727457299787
MIR1289-1,0.0023982465268414877
RP11-159M11.2,0.002396730945662775
RP5-875H18.9,0.0023965102188720382
pRNA,0.002395962911469399
KCNMB3P1,0.0023958108253143394
OR52E8,0.0023956682289050695
RP11-355I22.2,0.0023950161756119788
RP11-21I4.2,0.0023949355303805623
CTD-2576D5.4,0.0023949061887052893
AP005273.1,0.0023948718934002117
ITIH6,0.002394330195252911
CIB4,0.0023941796855196412
GCSHP1,0.0023938252600573928
RNU6-22P,0.0023926757674227563
IGKV4-1,0.0023925167403443387
RP11-763K15.1,0.0023923523275532527
RP11-408A13.2,0.002392039663766488
RP11-1292F20.1,0.0023919856255783852
KRTAP9-8,0.002391265878083915
Y_RNA,0.0023912380734186136
SNORA71,0.0023911569991172505
AC004987.10,0.002390925727785355
MYL7,0.0023901551948824038
CTC-575C13.3,0.002389872568213703
RP11-753A21.1,0.002389689027184819
RNU6-921P,0.002389389031814395
RP11-301M17.1,0.002389264210288891
KRT27,0.0023887740640625146
EEF1DP4,0.002388707335608341
CTD-2215E18.2,0.0023884143235027517
MTND1P32,0.002388240275668393
RNU6-1226P,0.002388171605926103
RP11-213G2.2,0.0023881351299137044
RP11-651P23.5,0.00238802411863062
CTD-2561B21.3,0.0023877762873269516
RP11-806L2.5,0.002387700456526146
MIR8070,0.002387693664645162
RP3-477O4.5,0.002387231101746014
RP11-617D20.2,0.0023871036164897614
CD24,0.002386995174551695
AC093381.2,0.002386752685243731
CTD-2292P10.4,0.0023867515611928768
DNAJC5,0.002386608846556018
Y_RNA,0.0023864296474299385
AC064834.3,0.0023861737281637247
RN7SKP224,0.0023860288293336804
OTUD6A,0.0023843494824485625
IGKV3-20,0.0023838244158444315
IGKV1-27,0.0023835119579700384
RP11-299D14.2,0.0023835092097960627
RN7SKP75,0.002383480262497552
RP11-218C23.1,0.0023833094994096817
RP11-82O19.2,0.002383181894003667
RP11-123O10.4,0.002382853694464193
NR1H5P,0.0023827969832488386
RNU6-1028P,0.0023817331019424094
RNF217-AS1,0.0023815978674202273
RPL37P25,0.002381390702618022
RP11-605F14.2,0.0023811903295936072
LINC00645,0.002380507607074133
RP11-445O16.2,0.002379980086827929
MIR4284,0.002379864547664975
RP4-781K5.4,0.002379658001259399
RNU6-1208P,0.0023796003598405375
IGHV3-13,0.0023791594846413406
MIR4518,0.002379031237181159
OR2V2,0.002378693829992713
RNA5SP199,0.0023786080982741552
AL049794.1,0.0023783880516382375
RPS23P5,0.002377883287717227
RP11-359M6.2,0.0023776814826814156
TMEM190,0.002377638586092555
RP11-274J7.3,0.0023775526742917047
RP11-335L23.4,0.00237750042781732
RP1-124C6.1,0.0023774695113385146
SRRM4,0.002377245173676353
RP11-191G24.1,0.002377213826686873
KRTAP4-1,0.0023766854882243957
AC013472.3,0.0023766689847498587
FNDC10,0.002376160635442697
RN7SL769P,0.0023760997437579745
RP11-63L7.5,0.002375929641348297
RP11-273B20.3,0.0023754141969563824
AP1B1P1,0.002375312446407903
Y_RNA,0.0023750704950882364
RP11-202H2.1,0.0023748977541472273
LHX5-AS1,0.002374850957253841
CTA-228A9.3,0.0023747759096606723
TMEM191C,0.0023735976095876896
GXYLT1P4,0.0023735368979078894
AC093843.1,0.002372710460815764
AP003900.6,0.002372558055902435
uc_338,0.0023724769172144304
RP11-531H8.2,0.0023724512936769532
SNORA35,0.0023719868786766674
CTC-571O20.1,0.0023719063021901943
RN7SKP207,0.0023718904087033214
CDC42EP3P1,0.0023718514122779326
Metazoa_SRP,0.0023718116971163643
NEUROG2,0.0023717617183657805
REM2,0.002371637819555416
NMD3P1,0.0023712600864112116
TERF2IP,0.002371186237529643
LINC01255,0.0023711120602713334
RP11-286N3.1,0.0023707302667450494
RP11-665C16.1,0.002370470924287351
CDKL1,0.002370366901051061
RP11-574K11.8,0.0023702024614013807
RP11-802O23.3,0.0023698318335709768
RP5-824H1.1,0.002369116241883717
ARHGAP23,0.0023685488986928704
VDAC2P4,0.0023682168138005983
Y_RNA,0.002367997045682128
RP3-410C9.2,0.0023675640489199175
RP11-91A18.4,0.00236748922172373
RP11-317B17.4,0.002367393114547746
RP11-543D10.2,0.002367268110940316
MTCYBP42,0.0023671626672618143
SNORA38,0.002366409955207138
RP11-726G23.11,0.0023663107796179634
Y_RNA,0.002366077288622828
LINC01207,0.0023660383587254356
TMIE,0.00236540330709374
RP11-231C18.2,0.0023652042033947187
ASIC5,0.002364794988209652
SNORD14,0.0023644297360411563
RP11-45M22.4,0.002364291367187342
AP001042.1,0.0023634265141958288
CT45A1,0.0023630114932284853
CD24P4,0.002362355231255636
MTRNR2L3,0.0023618652256142724
LINC01266,0.0023617590405445093
CTD-2515H24.3,0.0023604859844183956
RP11-587D21.4,0.0023600977648974217
RP11-85O21.4,0.002359927591445257
RP11-497G19.2,0.0023597347481276085
Y_RNA,0.002358512685405551
RNU6-1282P,0.0023583304988846767
RP11-216L13.16,0.0023581734316130702
DOHH,0.0023577831590200276
RP1-296L11.1,0.0023566473358338836
ECEL1P1,0.0023565607538823976
RP11-25G10.2,0.002355994731782623
AC010980.2,0.0023556439062545234
FDPSP3,0.0023553946621450964
EID2B,0.0023549358695041083
RAET1L,0.002354803881130733
RP11-219G17.6,0.002354448296850596
RP11-546M4.1,0.002354356093367846
MIR6722,0.0023542411403192284
LINC01177,0.0023540306672244424
RP11-176N18.2,0.0023530260349580623
AC003989.3,0.0023524610194172466
LINC00371,0.002352459438656606
RP11-363J17.1,0.00235226082722836
MIR5093,0.0023522570438059016
RP11-341N2.1,0.002352020168832565
RP11-119F19.5,0.0023519978186059293
RP1-292B18.3,0.00235186264191311
RP11-431J24.2,0.0023518128043737924
CLEC12B,0.002351648993755426
RP11-520H14.7,0.0023511399794679975
RNU6-141P,0.002350908539977457
RP11-675P14.1,0.002350732540025833
Y_RNA,0.0023500958413353625
ZSWIM5P1,0.0023498326189758684
C11orf53,0.002349811743575426
RN7SKP11,0.002348923312402632
AL138706.1,0.0023481166566481867
AC009518.8,0.0023475705329764848
CUBNP1,0.002347307357217771
AC113331.9,0.0023472526285259745
LINC01067,0.002347245459345046
RP11-44F21.3,0.002347217109786586
RP11-616M17.1,0.002346669181025545
RNA5SP128,0.0023463958227961782
UGT8,0.0023460535003490455
RP11-471N19.1,0.002345797149358991
RNU6-238P,0.002345557803872983
RP1-37M3.8,0.0023452903060075434
RP11-613E4.5,0.00234419779314299
AC104699.1,0.0023441934576841138
RNU6-487P,0.002344162543284663
RP11-797A18.6,0.0023441194185307357
RP11-10J21.3,0.0023439885172670295
RP11-746P2.5,0.0023424486598151158
RP11-401L13.7,0.0023423393239067045
RP5-850O15.3,0.002341857244366002
RP11-346C16.2,0.0023415231678463383
KIAA1210,0.0023405305471018243
PI3,0.002340117626023537
RP11-338E21.1,0.0023401082677703346
IRX1P1,0.002339102420844486
HSPB8,0.0023390909574716634
AP001255.2,0.0023389315265912236
RP11-324D17.2,0.002338868799288531
CTD-2154B17.4,0.002338753233942346
AC092535.3,0.0023384867320341506
RN7SKP21,0.002338481001006334
BNIP3P30,0.002338386302859055
AC023137.2,0.0023381303844983953
AC006994.3,0.002337970254015216
RP11-490N5.3,0.0023377144382159196
RP11-424M24.3,0.002337325552593137
RP4-566L20.1,0.002337079861736272
RP11-89M22.3,0.0023367771788248702
LINC00977,0.002336660950355464
RP11-193F5.1,0.0023365453043278713
RP11-167H9.4,0.0023365413909785184
NANOGP8,0.0023363577453521444
IFNL4P1,0.0023355279878206096
RNU6-828P,0.0023354375393801457
EBLN1,0.002335244335194588
PPP1R11P2,0.0023338470198450067
RNU6-130P,0.0023337393288310284
IGHM,0.0023335870961447235
EIF5A2P1,0.002333359956407459
OTX2P1,0.0023331229815532917
RP11-897M7.1,0.0023329645402383327
RP11-1060J15.4,0.0023328011902703466
IGKV2D-29,0.002332526331775415
RP11-434P11.1,0.0023324226200393356
RP4-799P18.4,0.0023321181207459946
RP11-402G3.5,0.002331604631481834
SYNDIG1,0.00233106537211175
MORF4L1P4,0.0023309923383491313
SYNDIG1L,0.002330614758665247
RP11-138I18.2,0.002330050564203249
ACTN3,0.002329373115355265
OR52N3P,0.0023287905507050734
CHML,0.0023279710026851666
DLL1,0.0023279695448009024
TRGC1,0.002327962999252795
ATG12P2,0.002325027152903398
RP11-794A8.1,0.002324737151320353
TVP23CP1,0.0023245514904362817
IGKV3D-20,0.0023236791224923122
RP11-83B20.6,0.002323012524102964
MIR3117,0.002322761922146242
RP11-203M5.6,0.002322365392823462
SNORA51,0.002322311177534261
RNU6-644P,0.0023221538013106107
AC104809.4,0.0023214960743609156
AMD1P1,0.00232139195174575
SNORA31,0.0023208145738752026
RNU6-444P,0.0023206439119396417
RP11-463I20.4,0.0023199577071402063
CTD-2175A23.1,0.0023197513364895204
ZP2,0.002319575787893041
KB-173C10.2,0.0023195536770474674
RP11-381K20.4,0.002319097229422402
RP11-900F13.2,0.0023189890949086647
RN7SL278P,0.0023182980577089334
RP13-487P22.1,0.002318051802365134
MIRLET7C,0.0023173212129288627
U7,0.002317148292157623
PCDHA9,0.0023164561300178382
Y_RNA,0.0023160988634848044
PHOX2B,0.002315980661939634
RP11-73M7.9,0.0023151386474968287
SNORD114-10,0.002314981341970146
ARHGEF17,0.002313750024813433
RP11-923I11.6,0.0023136001683884935
RP11-295P9.6,0.002312880309830835
RP11-138H8.2,0.0023125248880811675
VN1R34P,0.0023122934310556226
RP11-369E15.4,0.0023117349562901835
RP11-361C13.1,0.002311537217764102
RP11-272K23.3,0.0023114523358024586
RP11-386M24.5,0.002311439128116979
TRIM36-IT1,0.0023113009859598707
IGHV2-70,0.002310841009187105
Y_RNA,0.002310018341287697
MIR4312,0.002309616509663707
AJ239322.1,0.0023095822030312456
RP11-385J1.3,0.0023095651927490532
CLEC3A,0.002309325978655473
AC092839.3,0.0023091518332799526
RP11-168O22.1,0.002308968262838806
VAC14-AS1,0.0023081224770022963
RP11-30K9.4,0.002306741682590279
CYP2C9,0.0023065070803329995
SAMD11,0.002305886699470808
C4BPA,0.0023058567526281753
KCNJ6-AS1,0.0023053301131896664
RNU6-1137P,0.002304564858458777
RP11-527N22.2,0.0023045475281717404
CTD-3051D23.3,0.0023044287426803303
RP11-496H1.2,0.0023041926840504123
SPANXN3,0.0023038829520571004
MIR7160,0.002303535023291977
MTATP6P25,0.0023028939091178625
AC011754.1,0.002302400493223939
SNORD115-4,0.0023006363845985405
RP11-191F9.1,0.0023003563262830075
PRICKLE1,0.0023002292541823596
CTD-2251F13.1,0.002299899331937976
DOCK4-AS1,0.0022996696673268633
MROH7-TTC4,0.0022993145530897825
OR7E90P,0.0022989557836428547
RNU4-49P,0.0022989554067307265
Y_RNA,0.002298310165358973
RP11-140M13.1,0.002297956101528856
RP11-296L22.8,0.0022975250195882125
RP11-874J12.3,0.0022971494817176324
RP11-248E9.6,0.00229667119636938
AC008074.4,0.002296399274738441
ZNF630-AS1,0.00229632362900193
RN7SL403P,0.002295943804458667
TAS2R18,0.0022954433556653126
RP11-2N5.2,0.002295421886405565
RN7SL460P,0.0022950754374224122
DDX55P1,0.002294907552764186
RP11-521D12.5,0.002294687352846259
KRT85,0.0022946767387583278
GPR27,0.002294586788765913
RN7SL329P,0.0022937422847076993
AC079776.2,0.002292286324235918
RP11-321L2.1,0.0022918086450591556
RP11-524L6.4,0.0022914036606652565
AL354828.2,0.0022911336254824847
RPL6P9,0.002291079714276343
U8,0.002290770404121815
RP11-624D11.2,0.002290762811371225
TMEM30B,0.0022906544065273518
PCDHGA7,0.002290528285589435
IMMP1LP3,0.0022897192760662996
RP11-234K24.3,0.002289636300468365
LLPHP2,0.0022889667524838317
RN7SKP189,0.002288807148773181
RP11-643G16.4,0.0022885914485391784
CST6,0.002288475708470095
FBXO3-AS1,0.0022882104536955782
RP11-74E22.8,0.002286155316352374
CTD-2154H6.1,0.0022860964133303422
SNORA2B,0.0022857776761903196
LINC00706,0.00228573545397918
MIR429,0.002285703604019785
RNU6-1165P,0.002285590446962024
RP11-703H8.9,0.0022853372640384484
AKAP6,0.002285322167678647
CTD-2193P3.1,0.0022852031357301276
C17orf105,0.002285172523900058
LINC00404,0.002284254000232867
IFITM10,0.0022840091253304245
RP1-223B1.1,0.002282810181010377
Y_RNA,0.0022826034068407076
CTD-3149D2.2,0.0022825809186453163
CTB-54I1.1,0.0022825077847385836
CTD-2649C14.3,0.0022821676193283636
AP000344.4,0.00228156252299106
LINC01104,0.0022807888350662962
AC004744.3,0.002280772022412383
RP4-612C19.2,0.0022804151780845003
IAPP,0.0022798102213618236
COMMD3-BMI1,0.002279504118937751
TRGV11,0.002279112905194822
RP11-571M6.18,0.002278582278771352
YRDCP1,0.0022783082883622184
RP11-723G8.2,0.0022782094857464333
AP001619.3,0.0022781712082488273
RP4-761I2.5,0.0022780905515315483
PNOC,0.0022779374061166996
RP11-508N22.12,0.0022777921804827427
Y_RNA,0.0022776482747575632
APELA,0.0022776428568763757
RP11-59D5__B.2,0.002277396836493005
RP11-65J3.15,0.002277062666655423
RP11-579O24.3,0.0022767852588754336
XXyac-YM21GA2.3,0.0022763949643407316
RP11-255M2.3,0.0022763817771932187
SNAI3,0.0022762617674102446
RP11-59O2.1,0.002275246697638062
CEACAMP1,0.002274755003088119
AP002856.6,0.00227415406268688
PPIAP10,0.0022738810407960316
REC114,0.002273527544219224
AC090954.5,0.0022733909752829557
CTD-3105H18.16,0.0022729826049524707
RP11-739B23.1,0.002272975099032237
RN7SL230P,0.00227289405988886
MIR6867,0.002272778278157534
RP11-21A7A.4,0.0022723487542363153
NKX2-1-AS1,0.0022722946661833756
RP11-381P6.1,0.0022720195204384342
DUTP7,0.0022718313634506066
RP11-983G14.1,0.002271795414254077
CITF22-24E5.1,0.002271285658672089
MRPS36P4,0.002271119781351643
RP11-403H13.1,0.0022709672509668277
LINC01362,0.0022708508153245523
RNU4-88P,0.002270697513713209
CCND3P1,0.0022705440560358827
RP11-135A1.3,0.002270402242627765
LGALS7,0.0022696707149732504
RP11-118M9.3,0.0022682327632195264
FDCSP,0.0022661937771398023
RP11-611O2.1,0.0022661018306428097
AC008703.1,0.0022660325166243716
HMGB3P26,0.0022659960945055377
RP11-168F9.2,0.002265556192289539
Y_RNA,0.002265231713299749
EGLN3-AS1,0.002265135543516483
C4orf51,0.0022650435829775547
MTND1P19,0.0022649827798969136
PRSS3P3,0.0022647076137152426
MTCO1P8,0.002264621171870852
TRGC2,0.002264068209829142
SNX18P13,0.002263545849786462
RP13-487K5.1,0.0022622959319081996
RP11-654A16.1,0.002262060605108221
RP11-528N21.1,0.0022619327264564904
CTD-2139B15.4,0.002261630404587157
RP11-96J19.4,0.0022616073357449476
RP13-1039J1.4,0.0022615849218246445
RP11-800A18.3,0.0022615782585918443
AC068279.3,0.002261519028163943
RPS6KA2-IT1,0.0022604340106560385
IGKC,0.0022601723774528927
RN7SKP83,0.0022600029960921342
Metazoa_SRP,0.002259841093468014
INGX,0.0022596880706694388
RP11-455G16.1,0.002259458255340141
AGAP13P,0.0022587775801957985
RPL7AP72,0.0022585985914629785
KIR3DX1,0.002258385157961106
RN7SL483P,0.002258274398494526
RP11-693J15.3,0.0022568857680519212
RP11-856M7.2,0.0022560696888873073
CTD-2124B20.3,0.002255845531279054
MIR222,0.002255648536575958
IGFL3,0.002255646980349842
PIP5K1C,0.0022556082458872677
RP11-325L12.3,0.0022554679613396938
LINC00508,0.0022545484411184567
RP11-154D17.1,0.002253980290911481
TSSC1-IT1,0.002253365946710869
RP11-98D18.16,0.0022528959004990564
CPA1,0.0022526128138362616
CTB-158D10.3,0.002252510937707343
MTCO1P27,0.0022523477292230843
CTA-398F10.1,0.002251974789929108
RP1-153P14.3,0.0022501689876212264
AC010518.2,0.0022495801241801112
RP11-556O9.4,0.002249353532322197
RN7SL152P,0.0022490184956673485
ARL2BPP3,0.0022481757208135805
RAB33A,0.00224801078813051
RP4-704D23.1,0.0022476829603272097
RP11-310P5.2,0.002247599317015575
CD24P2,0.0022473409890876
AC107083.1,0.0022471852981649663
RP11-577N1.1,0.002247173808155637
RNA5SP311,0.002247113020805138
RP11-358N4.6,0.002246948417165615
RP11-390M11.1,0.0022467040064469016
OR7E66P,0.0022464173106424255
RP11-1379J22.7,0.0022457331697947978
RP11-956E11.1,0.0022451202111494132
RNASE8,0.002244734864272715
CTB-47B11.3,0.0022440485807136376
IGLV2-11,0.0022439897956860883
LINC00397,0.002243789725806308
AF228730.8,0.0022434846237786936
FLG-AS1,0.0022433554120933922
RP11-733D4.1,0.0022429826726402097
IGHV1-46,0.002242872916030257
ZRANB2-AS1,0.0022428134431733077
ARHGAP22-IT1,0.0022425329481258016
RP11-390B4.3,0.0022423245489431773
RP11-573G6.9,0.0022415796980997976
AC010982.2,0.00224107131056731
IGLV8-61,0.0022409698851373065
PCDHA3,0.002240673805508177
CCNHP1,0.002240267621196412
RP11-115M14.1,0.0022398150737931166
AC092162.2,0.0022393800588672375
LINC00200,0.002238412006746083
RP11-526D8.7,0.0022382079699331354
RNU6-173P,0.002238204180377798
RP11-148B6.2,0.002238065898152068
RNU6-964P,0.002238059745848757
AKAP17BP,0.0022376229370305763
IGHV3-33,0.002237592509023809
RP11-813P10.1,0.0022375356280942955
RP3-461P17.6,0.00223730213670691
RP11-573N10.1,0.002237107239174862
AL356806.3,0.0022369168876868683
U3,0.0022367357222546624
SNORD116-18,0.0022364862618174317
RP11-315I14.2,0.002236143966967309
MIR920,0.0022361219555067802
SULT1A2,0.0022361213879178725
LRRC2-AS1,0.0022360129681498913
RP5-1029F21.3,0.0022359625070885684
RP11-452C8.1,0.0022353982010196467
RP11-467I20.6,0.002235327644688803
RP13-228J13.10,0.0022352138343252692
AF003626.1,0.0022349004630073297
LINC01228,0.0022348699085283277
ZNF676,0.0022347042162838707
AC012512.1,0.0022344633477662324
IGLV1-47,0.0022339895374041347
MTATP6P16,0.002233672904531553
RP11-122G18.9,0.0022336500147847266
RP11-268G12.1,0.0022334678546185056
RN7SL431P,0.002233272694050659
VN1R20P,0.0022332124099080698
RNU6-984P,0.0022331596570161526
SPACA5B,0.0022328112893357285
LINC00273,0.0022327806922680595
ADAMTSL2,0.0022327424094867963
U91319.1,0.0022326384990107155
SMIM2,0.002232559520934437
MIR4706,0.002232147444354036
U1,0.002232102152077812
TAS2R46,0.002232001471856898
MTND2P12,0.0022312902880040103
DDTP1,0.002231155517569648
RN7SL33P,0.0022307080512344985
LINC00887,0.002230495839356741
MTCYBP18,0.00223022290002528
RP11-138E16.1,0.002230078338198462
RNA5SP437,0.0022299431871476852
RP4-675C20.4,0.0022299292429672915
SCX,0.002229914194532437
RP11-374M1.4,0.002229562724571101
RP11-165I9.9,0.0022289664701891786
TBX5-AS1,0.002228963414661824
AP000857.3,0.002228867898815687
RP11-421P23.1,0.002228662779633759
ACTRT3,0.0022280838460545425
IGLL3P,0.0022278290113141703
RP11-186F10.2,0.0022272234702587555
AC022153.1,0.0022268417482145726
MIR4305,0.0022268181823362006
MIR661,0.002226475801109717
RP11-359H18.2,0.002226463654267166
RP11-739N20.3,0.002225349518578533
RP11-475D10.5,0.002223807820230242
AC104667.3,0.0022235856115640595
CRYAA,0.0022235306687597885
CTD-3233P19.7,0.0022227038384150456
RNU6-1056P,0.002222573831413258
C1orf185,0.0022222332033728295
RP11-442N1.2,0.0022221669115993687
CLRN1,0.002221404436324311
OR7E158P,0.0022210545956008253
PES1P2,0.002220894141375084
RN7SKP64,0.002220699253879741
RNA5SP479,0.002219865056923663
RP11-298J23.5,0.0022195589119123117
MIR4484,0.0022195532240822545
RP11-64B16.4,0.0022195058652831547
RP11-265N7.2,0.0022195036163677674
RP11-454F8.4,0.002219387720074288
RP11-54O15.3,0.0022189324048377287
LINC01492,0.0022177471993100597
RP1-90J4.3,0.002217155617736521
TBX18-AS1,0.0022163820477098155
CGA,0.002215893286492219
RP11-6L6.7,0.0022155616357202733
AC004461.4,0.002215450084082802
F5,0.0022154054358495363
RN7SL98P,0.0022152028574572514
RP11-290L7.5,0.0022148184354369802
FOXB1,0.0022145306974449505
RP11-135J2.3,0.0022140911084390187
CTB-52I2.3,0.0022140211154904306
RP5-933K21.3,0.002213909044133927
SNORD114-11,0.0022136568061992927
RNU6-308P,0.002213605322933444
WI2-2373I1.1,0.002213068558047012
RP11-280O1.2,0.002212700840690293
ARHGEF25,0.00221250322601603
TUBB8,0.0022123499135986617
LSINCT5,0.002212268576267409
RP11-20P5.2,0.002211881704719604
LSAMP-AS1,0.0022116631359547618
RP1-72A23.1,0.002211650019109722
RP11-69H7.4,0.002211498724893249
IGLV5-52,0.002211404954103224
RP11-1028N23.4,0.0022113247054631846
RNU5B-3P,0.002211291136822496
SLC10A1,0.002211026522908759
RNU6-608P,0.0022109220415256316
AC009227.3,0.002210747245453649
CTD-2201E9.2,0.002210304721870951
TFAP2E,0.002210137504565881
RP11-313I2.7,0.0022099865957344363
GXYLT1P2,0.0022098920679563417
RNA5SP201,0.0022097026401484425
GJB2,0.0022089838511377244
CTB-160O22.1,0.00220847448042159
MIR4299,0.0022080528308272684
RP11-804H8.7,0.0022079880932292773
CTD-2228K2.1,0.002207443648810186
CH17-125A10.2,0.0022073791814995196
IGKV3D-11,0.0022073548423742146
RP6-74O6.6,0.0022065022429288567
RP11-467J12.2,0.0022061751490479132
LA16c-380H5.3,0.0022061062027459526
MIR3177,0.002205367894764998
RPLP0P2,0.00220529406034322
RP11-699A5.2,0.0022048602441656646
RP11-797H7.1,0.0022048582172633133
RP11-574O16.1,0.0022048039399769933
MIR1255A,0.002204716992450675
RP13-225O21.5,0.00220467547981237
SCARNA5,0.0022045539458018975
RBAKDN,0.0022045536486758307
MIR4732,0.002204038238290807
CTB-147C22.9,0.002203430893655163
MIR4470,0.0022033499547755623
ENPP7P2,0.002203286941737981
RP11-165E7.1,0.002203199423042649
CTD-2525I3.3,0.0022031474656401713
RP11-30K9.5,0.0022029079409218158
RP11-589C21.5,0.0022026999923007717
NDUFA3P2,0.0022024246454171777
LINC00561,0.002202186134496376
KRASP1,0.002201843736834564
OR10J3,0.002201425247500611
RP11-91J19.2,0.002201100977472497
CCND2P1,0.0022010689609321863
AC109309.4,0.002200256331351916
MIR346,0.002200198425533049
IGKV2D-30,0.0021995507592183065
RNU6-910P,0.0021994569598925854
RNA5SP300,0.0021988102697601455
RP1-144C9.2,0.0021986078293824074
SCD,0.002198585550711456
MIR4760,0.0021980940996245003
CTD-2560K21.6,0.0021973361203154332
RP1-60O19.2,0.002197217090338144
FAM9A,0.0021968071132011046
CTD-2147F2.1,0.0021967482477923553
TRIML1,0.0021965848035328454
bP-2171C21.5,0.0021965199774182163
RNY1P11,0.002196019236476834
CTD-2130F23.2,0.00219586653244561
SNORD56,0.0021955209435436363
LAMP5-AS1,0.0021949777420230136
RP11-667M19.10,0.002194795834969489
CLEC9A,0.002194735750776517
LURAP1L-AS1,0.0021947335026447083
AC093642.1,0.0021937450949472844
AC016735.1,0.002193611808768655
IGFL1P1,0.002192910518463445
RP11-266I3.1,0.0021927699516980223
RP11-179B15.6,0.0021926335613880344
RP11-406H23.5,0.002192542783473533
TUSC7,0.002192284295620482
RP5-1158E12.3,0.0021921210193819973
RP11-572C15.5,0.002191931281296418
AC064874.1,0.0021917844861449624
RP11-540O11.1,0.002190962719303243
GATA5,0.0021899688003182136
RN7SL672P,0.0021898899135535358
RP3-523C21.3,0.0021893208381035664
RASA4CP,0.0021893170416108394
RN7SL597P,0.002189277621626685
MIR8071-2,0.0021892119982581362
SEPHS1P1,0.002189079614326715
LBP,0.0021887872593845344
RP11-1099M24.9,0.0021876364005122646
RP11-456O19.3,0.0021867707771182944
RP11-567C2.1,0.002186315053917072
RP1-60O19.1,0.0021858143056495264
RP11-499O7.7,0.002185798338268532
TMEM183AP1,0.0021856095321517513
RP11-679B19.1,0.002184954422597773
PTTG4P,0.0021848114500373932
SNORA1,0.002184475847553213
AC079354.5,0.002184399234742165
LINC00635,0.0021843512743864348
CCL3L3,0.0021840898352683182
TRBV10-3,0.0021840223428419695
RP11-572B2.1,0.0021838548296458983
HSD11B1,0.002183823564042674
IFNWP4,0.002183786536715928
EDDM3CP,0.002183432264906408
RP11-350J20.9,0.002183194162976238
SLC44A4,0.0021831053791235514
COL6A6,0.0021826765015345055
LARGE-AS1,0.002182525736549019
RP11-304L19.2,0.0021820537722888698
RNU6-86P,0.0021817072314225584
RN7SL220P,0.0021814224914883905
OR5AK2,0.0021814060452645012
AC104777.4,0.002180138239194039
RP11-5A1.1,0.0021793687134752755
RNU2-72P,0.002179289619113572
SGO1P1,0.00217911122125734
LINC01074,0.0021790735950244916
AC000041.8,0.002178889644411853
CRYBA4,0.0021788025303878986
MEI4,0.0021783546145184643
RP11-815I9.5,0.002178341419280331
uc_338,0.002178335036523862
RP11-224O19.4,0.0021778772048030985
RN7SL297P,0.002177715070242988
FOXE1,0.0021776201924684074
SNORA48,0.0021775189021039183
AC096579.15,0.0021770261357644868
RP11-803B1.3,0.0021749210507931876
RP11-310J24.3,0.002172616628172863
CFAP58-AS1,0.002172301041274308
RP11-371A19.2,0.0021711729491984454
RNU6-16P,0.0021710020142375673
RP11-1021N1.1,0.0021709581056220447
C16orf82,0.0021703804048940996
RNU1-13P,0.002170316687023124
TSPAN8,0.0021700435615204534
RP11-304C12.3,0.0021698271423480292
PGLYRP1,0.002169564519859605
IGLV1-40,0.0021695411778884744
RP11-5L12.1,0.002169335338363638
RP11-61O11.1,0.002169108735592609
BPIFB4,0.002168874236608772
RP11-397A16.1,0.0021672256877607082
AC079781.5,0.002167084031966542
RP11-169K17.3,0.0021670461037801166
RP11-887P2.5,0.002166501964326208
CTC-490E21.13,0.002166343521409464
SUPT20HL1,0.002165948234258096
AC145123.2,0.002165202564836676
RP11-68D16.2,0.0021644406080618896
RP4-614C15.2,0.00216377288424888
IGKV2D-23,0.0021637342702706466
TULP3P1,0.0021635337338699817
SNORD116-8,0.002163416254660283
SCGB1D4,0.00216335157572221
NCCRP1,0.002163233231388382
OR6B3,0.0021630093118932105
OR5S1P,0.0021629123168374798
MTCO1P46,0.0021627729806512593
Y_RNA,0.0021620713048496457
LINC01330,0.0021615545250287258
RP11-3B7.7,0.002161124925178101
ENTHD1,0.002160590726578176
RP11-546M21.6,0.002160478201232818
PRSS21,0.0021601893628970395
AC016831.5,0.002159548369102943
MIR627,0.0021591084390670135
SMPD5,0.0021590335608089786
CTB-167G5.7,0.0021583345751411283
OR2L1P,0.0021581179276474994
MIR550A3,0.002158103799480619
CTB-31N19.5,0.0021579801833547974
CHST13,0.0021578639574305006
RP11-481F24.3,0.0021576354970946447
MIRLET7F1,0.0021574492701540255
RNU6-158P,0.0021568476709248685
AP002856.5,0.002156778991029966
RP11-323A7.1,0.002156723017181725
RP11-452D12.1,0.0021566211953013155
GIPR,0.002156575073795018
NAA11,0.0021563491656951842
CCDC185,0.0021562110679273763
GAS2L1P2,0.00215620300404588
RP11-144O23.8,0.0021559696300802295
RP11-348A7.1,0.0021558627422640685
FAM106A,0.002155690102015721
RP11-367F23.2,0.0021551432768156147
RP11-29B11.5,0.0021544817397842232
RP11-196O2.1,0.002154418914704389
RP5-1119A7.10,0.0021540440828102234
RP11-502F1.2,0.002153994260539373
SLC5A1,0.0021522473766401365
RP11-342D11.3,0.002152236546808525
LCN8,0.0021521788803837054
RP11-219A15.1,0.0021521690972478406
RERG-AS1,0.0021521165468732363
CDC42EP2,0.0021517959269309215
RP11-662B19.1,0.0021516125385716337
OR2A1,0.0021515687427707333
RP11-1391J7.1,0.0021514380529442556
NRN1,0.0021512006765535617
RP11-1281K21.1,0.0021505662623723114
RP11-86A5.1,0.002150526619145932
RP4-650F12.2,0.002149960953636346
MTND5P19,0.0021495006676391345
GJB5,0.0021491809320421584
RP3-467K16.4,0.0021479042878482083
SDS,0.0021473934587283973
AC008277.1,0.002146943278746224
MACC1-AS1,0.002146884215367631
RP1-39G22.4,0.002145182231242385
DNAH17-AS1,0.002145136231118887
RP11-852E15.1,0.0021450433846315503
OR5G3,0.0021442429894484465
RNA5SP74,0.002143713018064608
SYDE2,0.0021428142543641524
RN7SL182P,0.0021422343435369916
RP11-166N17.3,0.002142198560653558
BPIFC,0.0021416905393522746
PSG11,0.002141543410325078
MIOXP1,0.0021398177920631733
RP11-65J3.14,0.00213980226024326
MIR328,0.0021392773852641636
RN7SL269P,0.0021390885872193074
RP11-312A15.3,0.0021390643203549713
SNORA17,0.00213812149538715
AREG,0.002137759001306866
RP11-417E7.2,0.0021375050409363655
RP1-274L7.4,0.0021370505432264943
AP006547.3,0.002136322822101753
SNORA74A,0.0021362034172233836
WFIKKN1,0.0021354632544877666
AC092881.1,0.0021347590070863753
RP11-1102P22.2,0.0021346067212285797
SLC25A5P3,0.002134588902326719
RP11-62G11.1,0.00213447176411034
C14orf180,0.002134301688911158
DAPL1,0.002134262679842168
MIR190A,0.0021336712007381203
RP3-395M20.3,0.0021335613531742533
MTATP6P11,0.002132670898507845
RP11-74C13.3,0.0021320446009793445
Y_RNA,0.0021313266965360387
RP11-182N22.9,0.002130868224475618
RN7SL132P,0.002130704535902272
RP5-1053E7.2,0.0021300324832324914
SNX18P1Y,0.0021296747891586024
AC121251.1,0.0021296190170886466
CTC-455F18.1,0.0021295859338124794
PACERR,0.0021293384747899133
Y_RNA,0.0021275653089429464
ATP11AUN,0.002127561310850979
C8orf59P2,0.0021268344475136153
RP11-382A20.7,0.002126375008820543
RP11-106M7.1,0.0021263670854080544
FAM83A-AS1,0.002126135241682463
RP11-383C6.2,0.002126049441170026
RP13-895J2.11,0.0021256122886493646
BMS1P12,0.0021249866424842986
MTND6P5,0.0021249673913781406
CTD-2396E7.11,0.0021237914615639553
RP11-358D14.2,0.0021231766579722054
MIR503,0.002123035574148877
RP11-560A15.4,0.0021230057814260817
RP11-44F14.5,0.00212159231200587
KB-173C10.1,0.002121427057062452
RNU6-859P,0.0021213817018888833
AC019172.2,0.0021203917441791806
ZFP64P1,0.002120139388191121
Y_RNA,0.002120000714070132
ITLN1,0.0021198107868503793
RN7SL341P,0.002119699398789572
RP5-875O13.1,0.002118724202615813
CTD-3037G24.5,0.00211870402142349
RP11-89N17.2,0.0021172484862331154
AF131215.4,0.0021171127418076903
SLC25A6P3,0.0021162770857487377
RP11-96O20.4,0.0021161642175331914
RP11-687F6.4,0.002115954138566623
SNORA73B,0.0021157846257293476
TWIST2,0.0021154906067865414
RP11-71L14.4,0.0021152750907126455
LINC01429,0.0021150102961862917
RPS25P9,0.00211450838771807
AGBL5-IT1,0.002114452460108471
RPL21P9,0.002114126475927507
ANKRD1,0.0021139303460329622
RP5-997D24.3,0.0021138050386854674
PCDHA13,0.00211346304747865
MTCO3P20,0.002113184115545604
RP11-1038A11.3,0.002112976211435633
AP000221.1,0.0021123457612613823
RP11-229P13.22,0.002112209796987032
RPL7AP28,0.0021121484563267727
ABCB10P4,0.0021118271320229435
CNN2P8,0.002111726558891987
SPATA31D5P,0.002111601244664728
RP11-461O7.2,0.002111579842938061
CFL1P7,0.002111565558742736
SNORA57,0.0021114980356252777
LINC00691,0.0021114561882504827
SERPINB2,0.0021113214238908154
VN1R90P,0.0021103984652778253
RP11-169N13.4,0.0021097995348639785
KRT18,0.002109725729867462
MIR4710,0.002109698474885381
RP11-230C9.2,0.0021094640036593104
MIR153-1,0.002109389870261736
AC016768.1,0.002109103094058582
Y_RNA,0.0021088944460701657
FAM166AP4,0.0021084928708939364
RP11-278H7.1,0.0021083832502502052
RP11-788M5.3,0.002108332106892225
SELENOM,0.002108266989149275
FAM96AP2,0.002108120159938438
RP11-56B16.6,0.0021078381543477944
RP11-103J17.2,0.0021074700312260232
C1QTNF8,0.00210717853204483
NOVA2,0.002106842780018469
RP11-345I18.1,0.0021063135117502137
RNU5A-3P,0.0021062648844624495
RP11-432J24.2,0.002106148721753058
C14orf132,0.002105438546060152
RP11-115D19.1,0.002105202568285491
RP1-62D2.4,0.0021051205689847714
RP11-474L23.3,0.002104445558370506
GS1-600G8.4,0.0021043218606617733
RP11-379F4.7,0.0021043124394313937
LINC00964,0.002104130773214667
WBP2P1,0.002103978531748256
AC007568.1,0.0021035554451934065
OR13C9,0.002103515855199536
RP11-368M16.8,0.0021032491020289592
RP11-178F10.1,0.0021032214784199813
AC002116.8,0.002103151887636856
KCNQ5-IT1,0.0021028651165883273
RP11-463J10.2,0.0021025851937046423
REM1,0.002102406875940976
RP11-768G7.2,0.0021016985044392993
CTA-331F8.1,0.002101527499812604
PCDHGA3,0.0021014890311054383
RP11-540O11.8,0.0021011273761230875
ZBTB7A,0.002099631237329172
GPRIN2,0.0020994049694324536
Y_RNA,0.0020992589108497707
RP1-63P18.2,0.0020990332927952153
RNU6-920P,0.0020987998060232344
AC009052.12,0.0020980585859253355
SCARNA20,0.002097887534969358
RN7SL187P,0.002097827317968527
OR56A4,0.002097523545197669
OR9G1,0.0020974230960196013
RP11-380G5.2,0.0020971768055184545
AC004837.4,0.0020967606134473346
RP4-737E23.2,0.002096557278385301
AL109763.1,0.002096473948818734
XXbac-BPG283O16.9,0.0020962841176351567
TSPY12P,0.002096073891514742
AC090587.4,0.0020958976966908463
RP11-451F20.1,0.002095250118900882
MIR5194,0.0020952248251147627
RP11-34H11.3,0.0020949289637635926
OXCT2,0.0020948576439155865
RP11-432M24.4,0.002094776996646989
RP1-20N2.7,0.00209405971243821
RP11-63A2.2,0.002094048649917602
SIX6,0.0020938588144571667
RP11-254F19.2,0.002093849125050955
RP11-739N20.2,0.002093382749819486
CTD-2210P24.3,0.0020931925392944696
RN7SL684P,0.0020931602586590375
RP11-271C24.2,0.002092834167243573
Y_RNA,0.0020924286257584805
SFRP2,0.002091983476146691
Metazoa_SRP,0.0020918065081019527
CTD-2575K13.6,0.002091031598703761
RP11-398E10.1,0.0020909458227591983
RP13-977J11.2,0.002090787536590714
RP11-149F8.3,0.0020904898198337166
RP11-385E5.5,0.002090032755363145
RP11-361L15.4,0.0020899640769684634
AC087499.8,0.002089730463661188
SPATA31D4,0.002089054394984627
RP11-87F15.2,0.002088412225134799
MSL3P1,0.002088391789131835
YBX1P8,0.002088279593842131
RP5-907D15.4,0.0020870486596404865
Metazoa_SRP,0.002086907561524904
AC073626.2,0.00208684538246783
CD8BP,0.002086784133876405
RN7SL79P,0.002086597072449454
FGFBP1,0.00208632033642012
RP11-83B20.5,0.00208601385225476
MT-ND3,0.002085957595226271
RP11-166A12.1,0.0020857203661782484
ELOVL3,0.002085518956985402
LINC00299,0.0020849127826724503
C3orf30,0.0020843697037991726
AC002551.1,0.002084130391125543
CTC-548H10.2,0.002083333420914554
RP11-164P12.5,0.0020833203870885882
RP11-278J6.5,0.002083026918052573
RP11-428K3.1,0.002082972265599128
AF131216.5,0.002082779313681268
LINC00269,0.0020822105755060496
ZNF804B,0.0020820240335048547
TNK2-AS1,0.002081989336872723
LINC00906,0.0020818526601336573
RP11-187E13.3,0.002081442139681792
RNA5SP255,0.0020813001155293625
RP11-52A20.2,0.0020807595061924727
CTA-113A6.2,0.0020806630117909796
CERS3-AS1,0.002079993828679924
RP11-428I12.1,0.0020798054822015292
KRT18P15,0.002079604667816176
OR6B2,0.002079202109269012
SNORA62,0.0020791971769490085
AC097468.4,0.0020774601187064676
RP11-93B14.4,0.002077442780971631
KRT18P29,0.0020774110480720038
RP11-2H3.7,0.00207712256945465
RNA5SP493,0.002077040809119222
RP11-20I23.13,0.0020763822219605683
CTD-3154N5.1,0.0020763132886581657
RP11-857B24.2,0.002074335432202457
TMPRSS4-AS1,0.002073707431018877
XXyac-YM21GA2.4,0.002073376493254712
CTD-2600O9.1,0.0020731800997789043
PLIN4,0.0020730187850757495
UNC93A,0.0020729441972083614
IFNA8,0.0020727780401117403
IGKV6-21,0.0020724152885928937
RP11-415D17.3,0.002071965709019665
AL163953.2,0.002071819400437279
SOCS5P2,0.0020715975424824822
AF121898.3,0.0020714372806380854
LINC00332,0.0020704710526646608
MIR6071,0.0020702748650692888
RP11-629P16.1,0.002067943258760558
RNA5SP282,0.0020679335014334
SCARNA15,0.0020678136168714597
RP11-635O16.2,0.0020675605115458907
RP11-221J22.1,0.002067439852472057
ADAM20P3,0.0020673312229047424
CTB-26E19.1,0.002067299229157433
PRKCQ-AS1,0.002067257963252534
RNA5SP162,0.0020663610465723333
GRAMD4P8,0.0020663050025916184
CTD-2160D9.1,0.002065927084927139
BMP5,0.0020658891854875437
LINC00884,0.0020658101078424797
RP11-61I13.3,0.0020655211334846533
BLOC1S2P1,0.002065437245912469
RP1-206D15.6,0.00206541919585529
TSC22D1-AS1,0.0020646952054184354
HMGN1P19,0.002064062892742863
DEFA4,0.0020640137242640784
Y_RNA,0.002063980883765475
FTLP10,0.0020637853021848044
AP000959.2,0.002063622952171077
CCNJP2,0.002062856632569757
RP11-140H17.2,0.002062372885357048
OR13C2,0.00206218896929724
PLXNA4,0.0020612401063214375
RN7SL116P,0.0020606410029226376
RP11-126K15.1,0.002060380408139985
Y_RNA,0.0020602084686063915
C11orf91,0.0020601967354813107
AC006296.1,0.0020597288092907215
RP11-465I4.2,0.0020590928446389345
RP11-205K6.2,0.0020589165140641424
KRT39,0.002058326034468079
SCG2,0.0020582110301716285
Y_RNA,0.0020577931964112107
MIR3194,0.0020572065583485625
RN7SL120P,0.0020563958643153844
LINC00895,0.002056249223766636
RPRM,0.0020556425531138888
ZNF519P1,0.0020555071528929243
MT-ND4L,0.0020554533277844316
RP11-497H16.5,0.0020546161407260046
MIR6129,0.002054549049530363
TPTE2P4,0.002054324680058727
MIR3157,0.002054084248666701
MYLK-AS2,0.0020540559008707876
MTCO1P6,0.002053991946731943
RP11-760L24.1,0.002053638225580257
PRKCA-AS1,0.002052641509897328
LL0XNC01-177E8.2,0.0020525732026953525
RP11-403B2.7,0.0020525491967284524
RNA5SP338,0.0020524820198376966
CTA-833B7.2,0.0020519928504434677
MC3R,0.00205171960049306
RP11-474P2.5,0.0020516507663324523
DLEU2L,0.0020514215596693095
AC105398.3,0.002050935994692839
AC116609.2,0.002050916382930206
SNORA63,0.0020508836818250286
TUBBP6,0.002050525885706743
CTD-2008P7.5,0.0020501746306398148
AC005522.7,0.0020496234459583774
AC009410.1,0.002049341017120519
RNVU1-1,0.0020489546766104595
U82695.9,0.0020489064020822703
MTATP6P20,0.002048877415151499
RP11-476M19.3,0.0020481689280478425
IGHV3-72,0.0020478310987140694
CCDC148-AS1,0.002047673454479424
AC000124.1,0.0020473288287373528
IGHA2,0.002046862523951223
IGIP,0.002046363294072803
RP1-90G24.10,0.002045974783432854
LA16c-312E8.2,0.0020457246112818364
RP11-467L19.14,0.0020453547953609257
RP5-928E24.4,0.0020453511681762845
KRTAP10-1,0.002045093899916979
NXPE1,0.0020449890568542558
ENPP4,0.002044676586768877
MTCO1P31,0.0020446374302284217
RNU6-282P,0.0020444192590228895
LINC01093,0.002043558309552708
RP5-1002M8.4,0.002043382721567576
RP11-258B16.1,0.002042935711982186
CTD-2050N2.1,0.0020426524852527705
EIF4HP2,0.0020426058711837318
LINC00229,0.0020422867577734463
RP11-432J9.6,0.0020404695688274223
KERA,0.0020401403388516075
BX255923.2,0.0020400179299770145
KRT3,0.002039832809554096
RP11-651L5.2,0.0020396885745820287
AC009313.1,0.002039484527126944
RNU6-663P,0.0020393252799780857
SUMO2P13,0.0020392471131238945
RP11-571I18.5,0.0020392031927449865
KRT18P19,0.0020391867116952905
LINC00856,0.002039058817499535
PON3,0.0020389221792420746
HNRNPA1P24,0.0020388331761975425
MIR3145,0.0020386243024658637
XXbac-BPGBPG55C20.1,0.0020384043455030348
CCSAP,0.0020374126248928178
RAB40B,0.0020372375913291505
MIR3663HG,0.002036776419619322
RP5-865N13.2,0.002035982419065775
OR2H1,0.002035954890183702
RP3-354J5.3,0.0020355143164055185
RPS3AP2,0.0020351086755522295
RP11-67K19.3,0.0020348896672140937
RN7SKP38,0.0020348744180300336
MRGPRE,0.002034136148081807
CTD-2529O21.2,0.0020340434146670127
AP000560.3,0.002033953548843537
GS1-25M2.1,0.0020339007668808353
IGHV3-48,0.002033225720451605
GSTA1,0.0020314784553380648
DPP3P2,0.002031241150642817
AC005086.3,0.0020305447660795774
RP1-168L15.6,0.002030127262284504
CTD-3162L10.3,0.002029799105111514
RP4-683M8.2,0.0020295503112084798
RP11-332H17.1,0.0020295311180981764
NEU2,0.002029473371514468
GUCY1A2,0.002029203930966482
AC004019.10,0.002028600954343517
RP3-382I10.2,0.002028583548111763
RP5-857K21.2,0.00202835780843847
NAV2-AS2,0.0020278967198784086
RNU6-511P,0.0020274584566249833
AC005082.12,0.002027177352244921
SIM1,0.0020263416170738778
AC015922.6,0.002026265932464051
LINC01448,0.0020257266232562594
RAD1P1,0.00202564822483737
AC007204.3,0.0020251181817442445
RP11-555G19.1,0.0020249617025549045
RNU6-883P,0.0020247363212348274
AC019185.2,0.0020244592145864915
RP11-136G2.1,0.002024320498694647
ACTC1,0.002023716297941813
RP4-665J23.2,0.0020234161535371566
AP001429.1,0.0020231127188055724
CTD-3073N11.5,0.002023011971351102
LYRM9,0.002022899307060054
RP11-317N12.1,0.0020218397205094556
RP4-597A16.2,0.002021796926742437
MIR6762,0.002021595684411673
CTD-2285G11.1,0.0020213822032793564
MIR6895,0.002021281854060796
RP11-117L5.4,0.002020883823685216
RP11-445F12.2,0.0020202358687318833
RP5-921G16.2,0.0020200212494901563
CTC-277H1.7,0.0020194897820085636
RP11-406A20.1,0.002019324052885686
RP11-5G9.5,0.0020192660173755867
FZD10-AS1,0.0020191538816578952
RP11-643G16.3,0.0020189380675250572
CD1B,0.0020188333294687095
PRELP,0.002018380359551886
IGHV4-31,0.0020174111784534796
RNU4-50P,0.0020173235924869923
RP11-674E16.4,0.002017321481060341
RP11-354I10.1,0.0020171169561575874
RP11-521I2.3,0.0020169777240266473
RP11-603B24.1,0.0020169093843129967
RP11-805F19.2,0.0020168292184545985
AC010731.2,0.0020168177820544327
NOS2P1,0.002016627131770395
RP11-414J4.2,0.0020164728390181497
MIR199A1,0.002016454885662325
RNU6-495P,0.0020154491046562814
SLC9B1P2,0.002015010862548244
RP11-37N22.1,0.0020149779958644654
MIR3671,0.0020149171571367287
CTD-2342N23.1,0.0020142955271110013
SNORA77,0.002013371458735001
RP11-278H7.3,0.0020130667439481995
RP11-803B1.2,0.0020128782371122544
CTD-3060P21.1,0.002012680650318827
RP11-318G8.2,0.0020124187432253716
FAM170B-AS1,0.002012298349814188
MT-CO2,0.002012268006292828
RP11-1191J2.4,0.0020107577145502035
AC002463.3,0.002010206453283926
YWHABP2,0.0020097597440259262
AC006042.6,0.002008812066068717
RNU6-1272P,0.0020085749822507048
RP11-74C1.4,0.0020084174008926643
RP11-395B7.2,0.0020081749290928987
RP11-440G9.1,0.002008009940659946
RP11-240L7.4,0.0020076704568968576
MIR6855,0.0020076458014789515
RP4-705F19.1,0.0020075194342351974
NLGN1-AS1,0.0020073340522496885
RN7SL268P,0.0020071858152811988
Y_RNA,0.0020064730371921447
DANT2,0.00200645424396219
AC078851.1,0.0020064461757661528
CTD-3020H12.4,0.0020063273552192677
RP11-489M13.3,0.002006153368434391
MIRLET7A1,0.002005942259362455
ADH1C,0.002005928973973818
CTB-189B5.3,0.0020055492664082927
RN7SL353P,0.0020054885822384486
RP4-752I6.1,0.0020053470493550957
SNORA9,0.002005229726176496
RP11-56I23.1,0.0020049925109014476
Y_RNA,0.00200486180476962
RP11-120K18.2,0.0020047154935634937
C3orf79,0.00200450326954164
AC019084.7,0.002004470264636487
RP11-955H22.4,0.002004179394981801
RP11-85E16.1,0.0020040414930604642
RP11-149B9.2,0.0020039298519849095
MAN1A1,0.0020037581979179472
RP11-180C1.1,0.0020034469089063103
RP11-109M17.2,0.002003254436149849
LINC00588,0.002003022492088877
TNFSF9,0.0020022939030202307
RNA5SP511,0.002002007562533538
RP11-626G11.1,0.0020018684873284705
F11-AS1,0.002001801169792496
AC092316.1,0.002001505344399813
RP11-472F19.1,0.0020010876732503517
AGBL4-IT1,0.0020009730453465616
AC090283.3,0.002000849073705384
RP11-616M22.12,0.002000395953523765
AC010132.10,0.002000111532615561
PPY2P,0.001999621588037593
CTD-2195M15.1,0.001999468117511902
IRX6,0.001999464328895626
LINC00477,0.0019994566981830194
LINC00460,0.0019993467969711774
RP11-328K22.1,0.0019989416489793596
RAB28P2,0.0019981950328606074
RP11-736N17.10,0.0019981396528920914
FASN,0.001997112761987183
RP11-57H14.5,0.0019970495810424007
MIR8082,0.0019966232793739635
GS1-279B7.1,0.0019965829834999228
RP11-160C18.2,0.0019965156301651483
FTLP13,0.0019964403368281257
CTD-2292M16.7,0.001996003613805682
RP11-284B18.3,0.0019956668077123906
RP11-753B7.2,0.0019949148765279045
C7orf34,0.001994893855627565
IGHV7-81,0.0019944805387106953
C2orf27AP1,0.0019943080707766625
EREG,0.001994208474486094
KLHL33,0.001994047815178445
PSG1,0.0019935656422265862
RP6-204F4.2,0.001993336718742024
REG1A,0.0019931135718394637
CNIH2,0.0019926674757657155
RNU6-720P,0.0019924446955904215
RP11-617I14.1,0.001992238443897439
RP11-65F13.3,0.0019922382722497604
RNU6-307P,0.001992181544311642
Hammerhead_HH9,0.001992088351234797
RNU6-992P,0.0019920836495039055
OR10H2,0.0019919101651234665
CD1A,0.001991012304888719
CCAT1,0.00199069932885044
Metazoa_SRP,0.001990566603525542
C22orf42,0.001990501422066299
CTD-2023N9.2,0.001989958345130252
RP11-279L11.1,0.0019894147537138952
OR2T2,0.0019890395394349244
RP11-386M24.10,0.0019886320821990103
AC012668.1,0.0019883326673000084
RPS3AP46,0.0019881845254034196
RNU2-34P,0.0019878541512141144
RP11-195F19.29,0.001987600111787039
MTND1P21,0.0019875272576824333
MIR1250,0.0019869727140033465
OR7E47P,0.001986834121374197
IGHV4-4,0.0019867877971458067
LA16c-380F5.1,0.0019866816146872765
MIR573,0.001986650524359654
LINC00533,0.0019866208937723943
RPS7P2,0.0019863673806368343
MIR7152,0.001986068055904881
RP11-158D2.2,0.0019852805657279552
RN7SL482P,0.001985258933668553
RP11-166N6.3,0.0019852359828241226
RP11-424E7.6,0.001985108458887911
RN7SL121P,0.0019846607657496842
TMEFF1,0.0019837261242550133
Metazoa_SRP,0.00198356157616321
OR13H1,0.0019830586042380877
DEFB124,0.0019826735662938012
SNORA33,0.001982609236784084
TTTY22,0.0019821615098170845
KRTAP1-5,0.001982020695652025
CTC-457E21.7,0.0019819308319388535
FAM90A11P,0.0019818120164477367
SVILP1,0.0019817406996902914
RNU6-525P,0.0019816715941175017
SNORD63,0.001981528984522595
RP11-329E24.6,0.0019814226909288138
RP11-351M8.2,0.0019813289399134926
RP11-110L15.2,0.0019811367878874793
RP11-1228E12.2,0.0019810478599315054
LINC00426,0.0019810473252514643
FAM13A-AS1_2,0.001980781085604197
AC079779.6,0.001980546013515202
AC011524.1,0.0019800549580941337
NMNAT1P3,0.0019791455876659574
AC073987.1,0.0019788524668181923
RP1-17K7.1,0.001978053239451135
RN7SKP241,0.001978009702842732
AC079779.4,0.001977883509321815
PPP2R2DP1,0.0019778678089189847
CTB-78O21.1,0.0019773994590656613
MTND4LP9,0.001976914169063237
DSCAM-AS1,0.001976633595102262
CTD-2517M22.9,0.0019766123633582944
LINC00672,0.0019757098912014004
CSNK1G2P1,0.001975184051057177
RP11-34P13.7,0.0019750702790101984
LA16c-349E11.1,0.0019749638277593642
TUBB8P2,0.0019741322264353917
RNU6-171P,0.001973173623113761
RP11-1336O20.2,0.0019728530577472294
AC006369.3,0.001972229991154701
RP11-66N24.7,0.0019710207365239095
FGF7,0.001970249648336199
ADAM3B,0.0019701337306164777
RP11-320M16.2,0.001969379995793352
RP11-27M24.2,0.001969329535904044
AC083875.2,0.001969254488370245
CAV3,0.0019687978993535686
SNORD113,0.001968768746238186
KB-1460A1.1,0.0019684006679682622
RP11-354E23.3,0.001968330210273386
RP11-459F1.2,0.001968206851410262
AC005336.4,0.0019681031151594394
OR7E2P,0.001968046647548711
MUCL1,0.0019680266055578837
CTD-2185K10.1,0.001967770732070076
RP11-20G13.2,0.001966932942472439
LINC00589,0.001966727750476959
RP13-379L11.1,0.0019664227394418947
FAM201A,0.0019657420012372
RPL23AP72,0.0019657366899149343
IHH,0.0019653206220417024
CTB-43E15.1,0.00196515923766028
CTD-3037G24.3,0.0019651538721474062
KB-1448A5.1,0.0019649288422384317
RN7SL756P,0.0019643434153496357
RP11-542K23.9,0.0019638357883161456
CTB-174D11.1,0.0019630231476476493
RP11-820K3.3,0.0019625097035071
CTAGE1,0.0019621136448480254
SNRPFP2,0.0019620025036483483
RP11-108L7.4,0.0019617977276857527
GPR45,0.001961772472360463
RP11-74C3.1,0.0019611348962333057
SNORD70,0.0019610868819633716
AC013448.1,0.001960922318393155
PPEF1-AS1,0.0019608392251028737
RP11-408H20.3,0.0019605166257116303
RP11-1079K10.1,0.0019600799832594877
PGA3,0.0019597343646025112
RP11-27M5.1,0.0019595025461316236
LCNL1,0.001959020287781547
AC097382.5,0.001958946460752265
RN7SKP234,0.001958830598377909
LINC01553,0.0019584304958562087
RP5-1057I20.4,0.0019583682436494177
IGHV1-2,0.0019578807926791154
AC096582.8,0.001957001805703527
RNU6-890P,0.0019567015182285464
RP11-359K18.3,0.0019564685494332474
DKFZP434K028,0.0019562715401431163
MIR4472-1,0.0019561590487527252
U3,0.0019559544941680526
RP11-307E17.8,0.0019557154084787554
RP4-655J12.5,0.0019553132965957148
OSBPL9P4,0.001955121373657554
RP4-753D10.5,0.0019547261386454904
CTD-2555A7.1,0.001954572140316579
RP11-487E13.1,0.0019544982387846824
RP11-407B7.3,0.0019543467442205693
LINC01028,0.001954251179812342
RN7SKP198,0.0019541977447150743
RP11-20I23.7,0.00195382167520804
Metazoa_SRP,0.0019533925113236097
GS1-304P7.3,0.001953271671257601
RP11-27M9.1,0.001953183349992388
AC008592.4,0.0019523669836941026
AC006509.4,0.0019523410098638704
RN7SL250P,0.0019519631171175376
RP11-96D24.1,0.0019511470342117954
CTA-373H7.7,0.0019506507252996296
KRT8P39,0.0019506379372767038
RP13-714J12.1,0.001949829322074892
VENTXP6,0.0019497731963927728
RP11-466A19.8,0.0019497186850976377
RP11-749H17.2,0.0019496440412868007
RP11-109P11.1,0.0019494384112225757
RP5-965G21.3,0.0019493517192086393
HSPD1P10,0.001949282816978244
NRON,0.0019492341656257126
RP3-462D8.2,0.0019490552747459583
RP11-932A10.1,0.0019487583145760034
RP11-381K20.2,0.0019485625490866317
RP11-456O19.5,0.001948136583692668
MIR5684,0.0019474007148889765
RP11-49I11.2,0.0019471580888033347
KIAA1024,0.001947146876571686
IGHV3-49,0.001947133994038401
WFDC12,0.0019468242600302668
RP11-81A22.4,0.0019463622946387848
GPR89P,0.0019463178880085904
RP11-1018N14.1,0.0019449899945273154
SLCO1B1,0.0019442084361525065
CTA-363E6.1,0.0019441622770828746
RTP1,0.0019441618457057166
RP11-459O1.2,0.0019441119578282415
RP11-424M22.3,0.0019437609263078016
RP11-686D22.9,0.0019436469570465634
CTA-503F6.2,0.0019435007432945667
PLIN5,0.0019433774586353788
RP11-461O14.3,0.001942951470054907
RP11-1136G11.8,0.0019429292911499253
RP11-549A6.1,0.001942783575955546
OR2A12,0.0019427835326517508
TAS2R39,0.0019427613088556916
GS1-39E22.1,0.0019417943024791146
AC004901.1,0.001941589324825681
LA16c-335H7.2,0.0019409953964135951
RP11-64C12.9,0.0019400037463025497
MT-TN,0.0019396083370488138
RNA5SP132,0.0019391548078708262
PCDHGA11,0.0019391492241115295
RP11-563E2.2,0.0019389557628187609
RP11-14N4.1,0.0019387400592233294
RNU6-125P,0.0019386298872102012
PCDHA7,0.0019384658241480004
MIR4307,0.001938074317873591
RPS15AP3,0.001937679213070532
RP11-644L4.1,0.0019374627889360845
RNU6-1043P,0.0019373840248679594
GALNT18,0.0019372601941866066
LINC01149,0.0019370272843823814
LINC00491,0.0019369403587583232
CTD-2200A16.1,0.0019368842015895357
CRABP2,0.0019367376328480533
TMPRSS12,0.0019364474134758967
LINC00355,0.0019363939322353694
OR2AT4,0.0019362907091342327
MTND4P9,0.0019356062912708057
MTCO1P5,0.0019355260333969843
AD000091.3,0.0019355103959214693
KRT18P44,0.0019355063537707588
IQCJ-SCHIP1-AS1,0.0019355045265341056
SLC17A1,0.0019352459045174737
KRTAP8-3P,0.001935198787900566
MIR6880,0.0019347222486570464
C2orf15,0.001934191930999513
RP11-748L13.2,0.0019339155189210862
RP1-153P14.8,0.001933868776895394
RP11-720L3.1,0.0019337390065243963
KIF28P,0.0019332789169162728
UTS2R,0.0019331486753566937
RP11-349A22.2,0.001932867216812659
MIR553,0.0019325538799825875
RN7SL126P,0.0019324736110721105
NUTF2P5,0.0019321207714126263
GS1-531I17.3,0.001931947767859752
RP11-171G2.1,0.0019318389492023384
RBPJP2,0.001931340876057774
GLYATL3,0.0019308314304364762
AC015849.12,0.00193078756153678
MMP12,0.001930749545116864
AC002064.5,0.0019298392293930168
RP11-34A14.3,0.0019296080191662304
RP11-476B1.1,0.0019288814343232815
LRTM1,0.0019285327216653398
IGHGP,0.001928385614974533
RNA5SP393,0.0019283210375318951
AC087163.2,0.0019269950119512043
OR9A2,0.0019267267566384786
RP11-325D8.1,0.0019265793785102217
RP11-120E13.1,0.0019264522927230079
RP4-677H15.4,0.0019264163512605125
RNU6-59P,0.001925745205121436
RP11-439E19.9,0.0019256702314404753
NUDT19P5,0.0019256515083960002
RP5-944M2.4,0.001925171588754343
GSTTP1,0.001924764439094167
KB-1183D5.13,0.0019245850795786953
RNU6-1082P,0.0019244857434741636
Y_RNA,0.00192405033603441
NTRK3-AS1,0.0019238638580300613
RP3-430A16.1,0.0019228555013179897
MIR892A,0.0019228420032047025
AC005077.8,0.001922723808492027
GNG2,0.0019225842445216462
RP11-410N8.3,0.0019225823936536133
AC074367.1,0.0019219159730002897
RP11-611L7.2,0.0019217685899241093
RP11-1017G21.5,0.001921670097606352
TTR,0.001921308064063847
LRFN1,0.001920949699665006
RNU4-31P,0.001920858752643745
LINC00387,0.001920801739569179
RPL12P23,0.0019204363773269936
DAPK1-IT1,0.0019201054607615791
OR7E19P,0.0019199480413616282
LINC00485,0.0019198912283513437
RP11-10J21.2,0.0019192791292204849
RP11-58C22.1,0.0019190410953952958
RNU7-115P,0.0019189083258243263
KCNK16,0.0019186452031695006
MIR378B,0.0019181740668050172
RAB28P3,0.001917936997912888
AC147651.1,0.0019179351079468532
AP000351.13,0.0019178997395520175
PROKR1,0.0019173738981438904
uc_338,0.001917290523147472
RP11-4K3__A.3,0.0019172691640511387
RP11-730K11.1,0.001917183678403261
HIGD1AP17,0.0019171183250361432
RPS17P14,0.0019167598458209468
RP11-807H22.5,0.0019161181409401119
RP11-130L8.2,0.001915852872022081
RN7SL473P,0.0019157859485889014
RPL12P9,0.001915761679036994
RP11-389G6.4,0.0019156267709967514
Y_RNA,0.001915234017427774
RP11-451N19.3,0.0019148587133008702
RP4-533D7.6,0.0019146939019862438
NKX2-8,0.0019146764506470368
RP3-382I10.3,0.001914635958489596
RP1-142L7.9,0.0019138384019537554
RP11-404P21.1,0.0019137589117500398
RP11-93K22.6,0.001913418013063825
MIR6807,0.0019129501151946505
WARSP1,0.0019129417060683265
KSR1P1,0.0019127189735624398
ARGFXP2,0.0019114401310217606
CYCSP22,0.0019112658297077935
LINC00973,0.0019108335574255014
RP4-669P10.16,0.0019106317624623126
LINC00684,0.0019105539154760402
DNTT,0.0019102571380412137
RP11-772C9.1,0.0019095243856072492
RP11-339B21.8,0.0019094038150481716
MIR6780A,0.0019092407759677408
LINC01021,0.0019088558574444328
LRRC52,0.0019086596462220377
RN7SL838P,0.0019073558223312043
TUBA4B,0.0019071826808160716
CTD-2644I21.1,0.0019070016114384916
RP11-111A24.1,0.0019066805459453293
FAM27E5,0.0019064237531609953
RP5-1148A21.3,0.0019062901599759294
AC018647.3,0.0019054107962447147
LINP1,0.0019048302644077168
RP11-382A20.5,0.0019047397614705892
RNU1-109P,0.0019045961872210194
RP11-115D19.3,0.0019041736075008538
SRD5A2,0.0019041621313756437
NPY,0.0019040091624764968
CCL13,0.0019033737515835737
RP11-214K3.18,0.001903121739011456
CTD-2647E9.3,0.0019028412265402448
RP11-109E24.1,0.001902545398746662
RP11-390D11.1,0.0019013661078150746
RNU6-767P,0.0019012492500848073
LINC00189,0.0019010586484453208
USP27X,0.0019010044388492217
VN1R13P,0.00190054535742153
SPDYE9P,0.0019002484159764928
RP11-218I7.2,0.0019001906197084284
AC016738.3,0.001899882627063015
LINC00607,0.0018994527002373402
SNORD116-26,0.0018993899632182203
RP11-554D14.8,0.0018992370211461322
RP11-78I14.1,0.0018990195691322544
MEF2BNBP1,0.0018989301589667582
PSKH2,0.001898924895859959
RP4-598P13.1,0.001898532164368707
RP4-799G3.2,0.0018984169196842489
KRTAP2-2,0.0018982557503646907
PRSS41,0.0018982122222088887
RP1-93H18.6,0.0018979858693418665
RP11-404P21.3,0.0018979386077783717
CTD-2072I24.1,0.0018977394379807507
CTA-992D9.10,0.0018976097623032225
GRM3,0.0018975395566074977
KRT6B,0.0018973060354704025
CTB-167G5.6,0.0018970426379215795
Metazoa_SRP,0.0018965280606469109
CFAP44,0.001896199213811079
OR10D1P,0.0018961944511267151
RP11-490E15.2,0.0018961126177373725
RNU6-575P,0.001895824502254705
RP11-845M18.7,0.0018949720688747934
RP11-16K12.1,0.0018944918333465804
AC006373.1,0.0018938598667781674
RP11-767N15.1,0.0018934346929071913
RP11-128B16.5,0.0018930554947643433
SNORD67,0.0018929017895063776
RP11-554A11.9,0.0018928643362601705
AC062021.1,0.0018925988525656968
RP11-148B3.1,0.001892405938009348
HTT,0.0018923984440567085
RP13-977J11.8,0.0018921029641345635
CSAG3,0.0018917718741281743
ACTR3P3,0.0018914497959365202
KIAA2012,0.0018913756179157583
RNU7-8P,0.0018910017398557383
RP11-781P6.1,0.0018905745604577968
RNU6-1128P,0.0018905370668707532
RNU6-1275P,0.0018904287388257716
LINC00864,0.0018902890445813782
PCDHGA12,0.0018902419557664753
IGKV1D-42,0.0018898511796166656
Y_RNA,0.001888468588426868
C8orf87,0.0018880701146849956
MIR548P,0.0018868993085422686
MIR3173,0.0018868899097759949
RP11-288A5.2,0.0018868667579535266
RP11-35J10.6,0.0018865086324208805
RP11-428F8.2,0.0018860986563243227
PCDHA8,0.0018860144561664437
RP11-298C2.1,0.0018854754712451282
MIR3065,0.0018850027833935935
RP11-350G8.5,0.001884997521635404
LINC01591,0.0018849651217742011
SUCLA2P2,0.0018848527291199044
RP11-151G12.2,0.001884822171041418
RNU6ATAC35P,0.0018844708225364858
RP11-300D11.3,0.001882976635023606
RP11-103C3.1,0.0018824360726581151
RP11-35N6.6,0.0018823439480056246
FAM27D1,0.0018821230661107457
RP11-372E1.4,0.001881989014826838
LCN1P2,0.0018816381051409046
RP11-467D6.1,0.0018814007837456067
C1orf204,0.001880954480954472
TRBV5-2,0.0018808842089802493
TRIM53CP,0.0018806948044835816
RP11-69I8.2,0.001880687249507258
RP11-813I20.2,0.0018805863707237662
RP11-383G10.1,0.001880028343306698
MTCO3P23,0.001880028154730832
A2MP1,0.0018799981934357023
PON1,0.0018799225337991804
PTGDR,0.0018793319724218294
LINC01098,0.0018790409049676956
RP11-676B18.1,0.0018790160353929113
OR4A16,0.0018780487776294224
LINC00443,0.0018779549979670367
HAS1,0.0018773784674139132
AC008622.1,0.0018769160083720409
RP11-63A11.1,0.0018766373757809671
RPP25,0.0018762103293360525
LINC00479,0.0018761974240098411
RP11-65D24.1,0.0018760533001932552
RP11-1166P10.7,0.0018759900683758637
AC016909.2,0.001875827581282373
RP1-241P17.7,0.0018755472069552543
RN7SL76P,0.0018755396176938102
RP3-333A15.1,0.0018755115491127087
MIR4324,0.0018754430117146957
RP11-1072C15.6,0.001875214279740751
MTND5P15,0.001875047925487282
RP11-473L15.3,0.0018740355756047455
IFIT6P,0.0018737094315987028
RP1-3E10.2,0.0018733682130172952
GAS2L1P1,0.001872828164536492
MIR4655,0.0018725640056428737
RP11-173P15.7,0.0018717838245316985
RP11-490M8.1,0.0018712828633954018
RP11-789C2.1,0.001869258796887029
AP000770.1,0.0018692169372529694
RP11-167P22.3,0.0018687878248700076
RPL7L1P7,0.001867862878722986
5S_rRNA,0.0018675762598353144
MIR2355,0.0018675356325693678
AC010091.1,0.0018673253475650128
RNA5SP168,0.0018666654292325442
IGKV6D-21,0.0018665011296037926
RP11-367O10.1,0.0018658197515480054
B3GALT2,0.0018655788148977269
DUPD1,0.001865197032527163
RP11-1217F2.9,0.0018648778155506201
RNU6-956P,0.0018642337348604835
RP1-256G22.2,0.0018639358451755762
SAR1AP2,0.0018638279404750292
CFAP57,0.0018630442282428815
RP5-1022J11.2,0.0018627347272043575
LINC00677,0.0018625311994397904
Y_RNA,0.0018624342077990794
RP11-30O15.1,0.001862036763772323
LINC01377,0.0018614935240050545
RNU6-1017P,0.0018612897231191025
CTB-186H2.3,0.0018608220715915572
RP11-434D2.11,0.0018607471596333715
RPS29P29,0.0018604935938066147
RPS27AP8,0.0018597238305860715
PPP1R12BP1,0.0018596181773383067
AC144450.2,0.0018591763525746719
RNU6-40P,0.0018590964131408676
AL133493.2,0.0018590450111190782
KRT34,0.0018589823158224196
TRBV7-1,0.001858577022556244
RP11-45M22.2,0.0018585710799118936
AMYP1,0.0018585672674733744
RNA5SP312,0.001858176573474327
RP11-268P4.6,0.0018577798918553725
RP11-758M4.4,0.0018576445548922464
RP11-762H8.1,0.0018574898529565627
LINC01014,0.0018569054843812257
SLC6A21P,0.0018568803111446563
COX6CP8,0.0018565719717804846
CHODL-AS1,0.001856553204993621
ECEL1P2,0.0018564561507925458
RP11-164C1.2,0.0018559887006495512
RP11-706C16.8,0.001855783744400139
CTD-2587M23.1,0.0018557494517928536
RP11-548K12.8,0.0018554790269924566
LINC01598,0.0018554710893819825
CTD-2562J15.6,0.0018552304674506644
RP11-243A14.1,0.0018544749377896435
KEL,0.00185431013837655
AC009518.3,0.0018542439372364614
C2orf78,0.0018531967884505252
CGB5,0.0018523425029617064
RP11-407G23.7,0.0018521258845077629
AC005609.2,0.001852064930426627
LINC01612,0.0018518875686476493
SCARNA3,0.0018513947812922058
RP11-556H2.2,0.0018513765648010894
RP11-283G6.6,0.0018511675763976437
RP1-37N7.1,0.0018511226797398445
ARNTL2-AS1,0.0018509471180119662
GFY,0.001850891583442968
RP11-65L3.3,0.001850775732540927
RP11-15P13.1,0.0018496156288864828
ATP5F1P1,0.0018489699608092824
CRYGB,0.0018485559010151418
RNU6-584P,0.0018485112991408835
HTR3D,0.0018484488128854737
RP1-283K11.2,0.0018482977488400094
MTCYBP37,0.0018482203414560206
RP5-867C24.5,0.001847911354757882
GJB1,0.0018478777459611355
SLC6A6P1,0.001847639735035376
MIR3163,0.0018474471744252359
RP5-952N6.1,0.0018474406471936109
CEACAM6,0.0018474353586531442
ASS1P11,0.001847332141378533
SPATA41,0.001846977568054539
L29074.3,0.0018467543459765653
BX255923.3,0.001846546259492542
SHROOM2P1,0.0018463459147571417
MTCO3P17,0.001846087992058208
MIR146B,0.0018459888450099214
BANF1P5,0.0018459437703326662
CICP9,0.001845741157091325
TMEM244,0.0018455578985837726
RP11-270M14.4,0.001845202575319818
AC004870.5,0.0018448044274897819
FRG2DP,0.0018447445412708788
RP11-1129I3.1,0.0018447355443879194
CDHR4,0.0018446458199004043
Y_RNA,0.0018445956991635913
RP11-62C3.10,0.001844436657618913
H3F3BP2,0.0018443296675527546
RP11-219G17.8,0.0018442309644264748
OR6M2P,0.0018440804684345582
RN7SL719P,0.0018437909646805983
MIR1301,0.0018436639045159968
NENFP1,0.0018428475505504695
ZNF99,0.001842716689006809
MTCYBP41,0.0018424375434344107
RNU6-665P,0.0018421861852323967
ITCH-AS1,0.001842186141447239
ZNF716,0.0018421732051644606
RP11-647F2.2,0.0018415559393124398
KRTAP9-4,0.0018408828373931668
RP11-484L8.1,0.0018398261171067762
MIR30E,0.0018397380591890777
FGF10-AS1,0.0018392024939414703
IGLV9-49,0.0018388441164163892
RP1-266L20.4,0.0018386377653723939
RP11-148O21.4,0.001838621042455528
KCNH1-IT1,0.0018386119327847247
DDX39BP1,0.001838410220790336
KRT18P67,0.0018374283736482728
RP3-522P13.2,0.0018371744814333893
RP1-197B17.4,0.0018360210954326828
TEDDM1,0.0018358851681914681
MTCO3P10,0.0018348720865912777
OR5AO1P,0.0018348511609380387
RP11-65J3.3,0.0018341621523849578
CSAG2,0.001833840303062652
LINC00454,0.00183356447880407
IGHV1-69-2,0.0018334103812692611
LDHAL6DP,0.0018334052321241972
MFSD1P1,0.0018333261752385042
SLC25A15P2,0.0018332129581421393
NCKAP5-IT1,0.0018329368026525155
RP11-561O23.7,0.001832285133491424
ARHGAP8,0.001831945521581104
SDR42E2,0.0018316636810902832
KRT20,0.0018315768668175614
MIR892C,0.0018303213348022116
CCL18,0.0018299734161831467
AC004051.2,0.0018290173990753585
IGSF23,0.001828428393816434
Y_RNA,0.0018283349247940348
LIN28AP2,0.001827693097673308
RP11-460H9.1,0.0018276930976730361
RP11-280G9.1,0.0018275262315355309
AC078899.3,0.0018274815510246141
E2F6P4,0.0018267720024907304
OR1L1,0.0018264418383294248
PFN3,0.0018262374637203383
OR10Q1,0.0018262156087066029
RNU2-31P,0.0018252802599827496
RNU6-21P,0.001825249031831019
POU3F1,0.0018252305192131373
CTB-49A3.4,0.0018252153531080487
RP11-444P10.1,0.0018245381463768277
RP11-893F2.5,0.0018236323258109157
OR7D2,0.00182360909884342
PWRN3,0.0018233692068542256
RP11-274M17.3,0.001823174703966062
RP11-775G23.1,0.001822918318763533
FLJ36000,0.0018222602842786516
RP11-349G13.1,0.001822107667297988
RP11-506O24.1,0.0018217297670972837
RNU7-63P,0.0018211457669302198
RP3-499B10.3,0.0018209383436704465
ADAM30,0.0018208976543843862
RP11-135M8__A.1,0.001820658136654442
RP11-42F12.1,0.0018205597421729718
CACNA1G-AS1,0.0018198661957483473
CTB-152G17.5,0.001819484252616083
RN7SL20P,0.0018190243366764103
RP13-225O21.2,0.0018189915710864436
RP11-459O16.8,0.0018185639538951955
AC009120.10,0.0018184924091878597
RP11-560A15.6,0.0018181506549033457
RP1-138B7.4,0.0018180886727430041
RP11-18H21.3,0.0018179481193612633
RP11-356K23.1,0.0018176143649440383
RP11-580I1.1,0.0018175486254056853
RP11-412H9.2,0.00181723914238974
RP11-550H2.2,0.0018170087985736336
MAP6D1,0.001816973401317688
RP11-317O24.1,0.0018163464891477919
Y_RNA,0.0018162407361622921
MTND3P19,0.0018161727215869115
DUSP8P4,0.001816140853477312
RP11-370B11.3,0.0018158623003369453
RNU6-1191P,0.0018155272812278736
Y_RNA,0.0018152142727321777
ST8SIA6-AS1,0.0018149875737510117
RP11-897M7.3,0.0018149111496825738
ECM1P1,0.001814866509659911
RP11-444A22.1,0.001814787014369209
RN7SL285P,0.001814690708457175
RP5-884M6.1,0.0018145698382706942
RP11-224P11.1,0.001814397148445779
Y_RNA,0.0018142118603971728
RP11-90K6.1,0.0018142066924483492
AC133680.1,0.0018139680801906404
RP11-14O19.2,0.0018139274990332317
SMAD1-AS2,0.0018135843797266538
TRBJ2-1,0.0018131555917177396
RP11-178C3.6,0.0018128973339180013
AC144831.3,0.0018126525639270404
DNM1P47,0.00181263651979927
CTD-2620I22.1,0.001811547720741601
ZNF488,0.0018109224703811992
RP11-66H6.3,0.001810920716792509
RP5-1033H22.2,0.0018104127136520968
RP11-1086F11.1,0.0018103258738169459
RP11-706O15.3,0.0018087927288262082
MYO5BP2,0.0018085973474625153
RP11-11K13.1,0.0018084714090249054
PLPP2,0.0018083096362890739
RP11-68L1.2,0.001807506647024593
ASCL5,0.0018074941659249847
RP11-433J8.2,0.0018073491414919872
AC002368.4,0.001807321842943568
SLC45A3,0.0018068532602110022
FOXA1,0.0018057340994095759
RP11-231E4.3,0.0018041683014294683
AP000654.5,0.0018041135701211955
RP11-5P4.1,0.0018040360110066391
IGHV4-59,0.0018035667603303657
IGKV1-17,0.0018033829214802494
KRT16,0.0018033808966878954
RP11-763B22.6,0.001802211317951591
RP11-108B14.5,0.0018013316220454208
MAGEC2,0.0018009960005914306
MIR4645,0.0018003343171695445
CTC-529P8.1,0.0017999918566704745
RP11-586L23.1,0.001799727848799014
RP11-69H7.2,0.001799490279513394
DISC1FP1,0.0017991649394799927
RP11-263K4.5,0.0017990183798715354
RP11-659E9.2,0.0017987932546203482
CTD-2535L24.2,0.001798274350666896
RPL17P40,0.0017978018767331458
RP11-730G20.1,0.00179762373514767
AC006372.6,0.0017974918381991165
RP1-101D8.1,0.001797382109326441
RNU1-30P,0.001796595414312049
Z98941.1,0.001795780949210594
CLDN11,0.0017955086821628637
TNMD,0.0017951564356620607
MIR3174,0.0017948527678199949
CTD-3065B20.2,0.0017944291126505629
RNA5SP35,0.0017933074789975305
CTD-2319I12.5,0.0017932741438445995
RP5-903G2.2,0.0017925366226925394
RP11-359E19.2,0.0017914632622234529
Y_RNA,0.0017913750196503315
Y_RNA,0.0017913426648917357
LINC01477,0.0017896660083655152
RP11-797A18.5,0.0017895313863368683
Y_RNA,0.0017890126871961405
RP11-6N17.1,0.0017882778331368596
MIR6500,0.001787947338010871
IGLV4-3,0.001787940846498396
IGLV3-10,0.0017874436852726757
MIR4672,0.0017869027891990723
C7orf65,0.0017867474724273602
HTR1F,0.0017857218168440404
SNORD116-12,0.0017855062160176784
CYCSP43,0.0017844349609244762
C2orf69P2,0.0017843104153727164
RP11-430L3.1,0.0017838933764437138
RP11-508O18.1,0.0017838576688588594
TUBB4A,0.0017834903192086634
RP11-816J8.1,0.0017829651094897214
RP11-561O23.5,0.0017824308119538436
RP11-408E5.5,0.0017822187476977981
CTD-2308L22.1,0.0017819095861180043
LINC00161,0.0017818424015014734
PLEKHN1,0.0017817670102888354
RP11-90D4.3,0.0017804379401921845
RP11-242C24.3,0.0017803676347990878
TRBV7-7,0.0017796115026589528
AC067959.1,0.0017796060561068626
RP11-431K24.3,0.0017794206969532348
TMPOP1,0.0017792950565084233
CR848007.5,0.0017789395617591336
AIMP1P1,0.0017785420222423502
PAQR9-AS1,0.0017782504132717613
Y_RNA,0.0017777826403533807
C9orf57,0.0017770572187639617
RP11-460I19.2,0.001776740350063849
MIR142,0.0017761688406211123
RNY1P1,0.0017759632675838344
RP11-656G20.1,0.0017752097717521633
RN7SL200P,0.0017736582738619945
RN7SL851P,0.0017736320616628758
RP11-548K23.11,0.0017735840797762608
RP11-415C15.2,0.0017728168949625153
AC113167.1,0.0017727495958475806
MIR3935,0.0017726282611658793
CTD-3244O18.5,0.001772596899518086
RN7SKP143,0.0017720016586557728
RP11-348J24.2,0.0017714700337669496
OR7E26P,0.0017709578339785783
Y_RNA,0.0017705919393621314
CNN2P3,0.001770227347658357
RP11-944L7.6,0.0017695350221479044
VTI1BP3,0.00176921992815031
ADAMTS9-AS1,0.0017690152619727838
RNU6-306P,0.0017689375554462833
PLA2G3,0.001768800811076123
ZNF299P,0.0017684594800943222
RPL34P17,0.0017679334219400924
RP11-222G7.2,0.0017678812462945833
TDRD1,0.0017677711665500771
CH17-472G23.1,0.0017677565324503586
LDHAL6A,0.0017670700154371586
GOT2P3,0.0017669674726949634
U51561.1,0.0017668340506629132
RP11-474D1.2,0.001765668967681772
RP11-449D8.5,0.001765489593121113
CELF2-AS2,0.0017652581534006492
Y_RNA,0.0017651414605668555
RP11-16L9.2,0.0017651248832372482
GNAZ,0.0017650474386795118
MIR4646,0.0017647067487751439
SNORD111,0.0017641363488695924
AC012494.1,0.0017640983529689758
TFF2,0.0017639983995601486
SULT1E1,0.0017639855715022097
RP11-526P6.1,0.0017639708121193
AC006007.1,0.0017635321082903428
HEATR4,0.0017635052848075968
LINC01046,0.0017633650082526707
SNORA84,0.0017632118648327972
MIR5688,0.001762912142303162
RP11-96C23.9,0.0017620215816347682
RP11-165D6.1,0.0017614215878887418
AC018890.6,0.00176141653415454
RP11-799D4.3,0.001760937251818067
TFAP2C,0.0017608755172561065
SNORA80A,0.0017607394299631086
KRT18P48,0.0017604858529604599
RNU1-100P,0.0017604236242524762
SERINC1,0.0017601983904593052
RP11-17E4.1,0.0017593156125824726
KB-1592A4.15,0.0017592727284586691
MIR6765,0.0017590961773647437
CTC-297N7.7,0.001758890278867511
RP11-180P8.3,0.001758784076947332
AC142119.1,0.0017582650305942276
RP11-311H10.4,0.0017581385648547084
RP11-476I15.5,0.0017572051919296531
RP5-919F19.5,0.0017565908564740394
RP11-356O9.1,0.001755903332895813
RP11-46A10.6,0.0017557138671097793
AC007163.1,0.0017554063106776793
Y_RNA,0.001754614602381607
RP11-762H8.5,0.0017545764653230868
RP11-404I7.1,0.001754446313755243
SCARNA21,0.001754303777660024
LINC01305,0.0017542644009824714
OR12D3,0.0017538972161340533
RP11-271C24.3,0.0017533695032665463
AC023669.1,0.0017533294109443104
RP11-759F5.1,0.0017532619886132914
Y_RNA,0.0017531576234055875
RP11-377D9.3,0.0017527892074310572
RP6-91H8.3,0.0017526955482566606
DYX1C1-CCPG1,0.001752525897165312
RP11-430C7.4,0.0017512961257785933
SMCR5,0.0017507877674962679
RP11-448G15.1,0.0017507129463625276
ACTR3C,0.0017506738749559795
PRR31,0.0017504696795715311
LIPE,0.0017503453871475251
RP11-476I15.6,0.001749852216491348
CTC-539A10.7,0.001749203253279722
SNORA37,0.0017491750463482672
RP11-2G1.2,0.0017490243864443688
RP3-382I10.7,0.001749011788750985
SNORA64,0.0017483340062613689
Metazoa_SRP,0.0017480905019040408
TRIM31,0.0017479967953249456
SORCS3-AS1,0.0017479802721536743
RP11-112L6.2,0.001747719758556677
RN7SL263P,0.001747625565836723
OTOR,0.0017474483942521506
AC112719.1,0.0017472007421116878
SPATA31C2,0.001747177031524445
CLDN17,0.0017469648997769577
MIR5579,0.001746956603005027
HMGB3P32,0.001746442271728893
RP3-419C19.2,0.0017461313672408989
RP11-299H22.6,0.001746077078794258
RP11-468H14.2,0.0017458611641032575
RP11-284F21.8,0.0017455819697232734
TGIF2P1,0.001745376726732108
RN7SL391P,0.0017451371156428771
AC019064.1,0.0017448571390141889
AC017104.4,0.0017446912497577054
RP11-299G20.5,0.001744398296856442
LINC00333,0.0017442913087508836
SFTA2,0.001743865652493446
RP11-283I3.2,0.0017434144973938435
LSMEM2,0.0017431401163420955
LINC01479,0.0017429770194105918
IGKV1D-8,0.0017429734559346356
NMS,0.0017429015763358684
PLAC1,0.0017428786329894653
RNASE9,0.001742650663375142
BHLHA15,0.001742539515607122
RP11-640M9.4,0.0017421502092820618
ASXL3,0.0017421408903603838
PCDH9-AS1,0.0017418044770666835
RP11-673P17.4,0.0017416204006099585
RP11-400G3.5,0.0017412840164123394
RNU6-448P,0.0017412714977618018
RNU6-796P,0.00174004933106882
ME1,0.0017397981655882665
DCDC2C,0.0017397157388326016
IGHV6-1,0.0017391466747069617
IGHG3,0.0017381503789373244
RP11-784B15.1,0.0017380518448143582
LINC01310,0.0017380080269831474
RP11-193M21.1,0.0017377926839945341
AC117490.2,0.0017371262400663636
RP11-1017G21.6,0.001736619015489263
Y_RNA,0.0017365312005703294
RP11-557F20.2,0.0017363757110535182
OR9P1P,0.0017362673720102046
MIR548AM,0.0017357693501856815
CCDC37-AS1,0.0017354227394524536
RP11-6J21.2,0.0017350848085832314
NF1P3,0.0017348062877213667
RP4-536B24.3,0.0017344925059105223
RP11-449H15.2,0.0017344459799078346
IGKV1-6,0.0017330617787814642
RP11-122C21.1,0.0017328427270770503
CTC-327F10.4,0.0017327124221194739
RP11-763E3.1,0.0017320512459366195
RP11-307N16.7,0.0017318510472878565
RNU6-379P,0.001731382679947261
CCDC144NL,0.0017306997981542773
Y_RNA,0.0017303087498453536
LINC01621,0.0017301201804600754
RP11-517P14.7,0.0017299790614340078
RN7SL555P,0.0017292693637623604
RP11-419K12.1,0.0017288613494031377
CICP7,0.0017274474818913686
AC018865.5,0.0017269938792787082
RP11-64C12.4,0.0017266866370610802
RP13-46H24.1,0.0017260859755895326
RP4-798P15.3,0.0017253766902900556
OR9I3P,0.0017253074015370078
RP11-536C5.7,0.0017238910262242766
CTD-2135D7.2,0.0017238127399248375
MS4A5,0.0017235313674510819
KRT18P11,0.0017234875482243642
KRT6A,0.0017226934602598404
GACAT3,0.0017225478689177059
RP11-178F10.2,0.001722372345260004
FRMD7,0.0017221376431425781
RP11-775H9.3,0.0017217599373231082
RP11-78F17.1,0.0017217552017169272
RP11-64B16.3,0.0017212978591392895
RP11-53I6.2,0.0017206742958076869
RP11-517C16.2,0.001720354887418324
Y_RNA,0.0017195022091218313
CTD-2532K18.2,0.001719423425584296
RP11-564C24.1,0.0017193464116751636
BCRP8,0.0017193193997684967
RP11-511H9.3,0.0017192713290997193
MIR184,0.0017191726577133145
AC104695.4,0.0017191451705839702
RP11-713M15.1,0.0017191245740312202
RP11-73G16.2,0.001718758927640021
AC010907.5,0.0017184327367000267
NF1P5,0.0017180931988188576
AC017028.1,0.001717165965371256
CTC-320C6.1,0.0017171092961136168
CTD-2083E4.7,0.0017165228205737882
RP11-424G14.1,0.0017163679106336623
UBAP1L,0.0017163454094531756
KB-1572G7.3,0.001716268397485179
RNU6-1054P,0.0017160502946499203
RP11-351M16.3,0.0017160278174750657
RP11-1396O13.13,0.0017150929241776787
RNU2-60P,0.0017149745025628262
RP3-448I9.2,0.0017146494251034827
POMC,0.0017145021211481108
RP11-173A16.2,0.001714423331103979
GNAT1,0.001714383146056775
RP11-641D5.2,0.001712995325789099
RPL21P133,0.0017127081276051977
CTD-3224I3.3,0.0017125151200933196
AC005077.5,0.00171241796371256
FAM224A,0.0017117881914591273
CTC-281F24.3,0.0017113688965234755
SNORD113,0.001710664036039243
RP11-1035H13.2,0.0017103500885279474
RNU4-65P,0.001710086437496097
RNA5SP382,0.001710004503334613
AP000473.6,0.0017094127923896662
CTA-31J9.2,0.001709283367664246
CTD-2593A12.3,0.001709108112317278
RP11-761I4.4,0.0017089512972965756
RP11-567O16.1,0.0017087746794920268
SNORD41,0.0017084497754255542
RP11-105C19.1,0.0017082640949657925
RP11-717D12.1,0.0017081603724333674
CASC20,0.0017079688527404438
OR9S24P,0.0017075500227676866
MSX2,0.001707416720248
PRELID3BP5,0.0017070707921428142
RP11-353M9.1,0.0017060929846879306
RP11-36N20.1,0.0017059604028215557
RP11-1070N10.4,0.0017053645773557797
RP11-268G12.3,0.0017047917691993817
RP5-836J3.1,0.0017047071101386124
PCDHGB5,0.0017046256181492002
MIR890,0.0017037626113903864
RP11-138H8.6,0.0017037361232273456
RP1-213J1P__B.1,0.0017036620073324603
RP11-313P18.2,0.001703286740008202
RNU4-68P,0.001702745315484928
RNU6-593P,0.0017023424069415025
LCN1P1,0.0017016797981479375
CLDN9,0.0017003929450616323
VAT1L,0.001699372004466986
SIX2,0.0016991244938133114
RP11-168K11.2,0.0016989404398829672
RP11-310E22.5,0.0016986702908967908
RP4-630C24.3,0.0016986049412327658
KCNJ11,0.0016982018709749097
MT-CO1,0.0016974554664314714
CTB-139P11.2,0.0016971411560543566
MTND1P16,0.0016969569271491772
RP11-1085N6.4,0.001696303703286052
Metazoa_SRP,0.0016960715016255373
RP11-164N3.1,0.0016960612188996718
ZNF534,0.0016960363722166771
SEPT14,0.0016957756460190658
RP11-804A23.1,0.0016957239058097518
RP11-31K23.1,0.0016955589270865707
RP11-94B19.7,0.0016953516471955724
NCOR1P2,0.001695230866512409
RP11-404H14.1,0.0016952308031020803
BFSP2-AS1,0.0016946405165653257
RNU4-1,0.0016937202773105156
AP002856.7,0.0016937153365719096
LINC00322,0.001693143055369292
RP11-778D9.9,0.0016930392784476043
CASC22,0.001692945838046918
YBX1P5,0.001692256414496949
LINC01205,0.0016919587185673045
RNU7-186P,0.0016917164501204093
CTB-14A14.1,0.0016911975934474654
CASP3P1,0.0016908887300186373
RP11-138M12.1,0.0016907324586508548
AL672296.1,0.0016905737296139974
USP17L1,0.0016903964832765052
SHISA2,0.0016900606305492486
AP000462.2,0.0016899457626701104
RP11-110G21.2,0.001689708137485274
C14orf39,0.0016895900201419332
RNU6-1164P,0.0016888724742109913
IGHV2-5,0.0016883225033980226
CCNB3P1,0.001688097777352356
SNORA4,0.0016880684113650133
RP11-575L7.4,0.0016879063072326678
MTND5P33,0.00168761569968291
IGKV2D-26,0.0016872151946627698
RNU6-1034P,0.0016871542043758537
CTB-174D11.3,0.0016871401824899248
RP11-731K22.1,0.0016869763482997388
LMF1-AS1,0.0016853311598854163
RPL9P33,0.001685275449663769
OR5BH1P,0.0016851989281084477
IFNA12P,0.0016851807250645447
PPIAP21,0.0016846782455899984
ZDHHC20P2,0.001684068097240061
RP11-726G23.3,0.0016840447576582582
AC007106.1,0.0016833777834428
RP11-578B16.1,0.0016830274159735825
RP11-434P11.2,0.0016829200281244148
INHBA,0.0016821649829197524
IL9,0.0016820963478764068
SEMG2,0.0016816672342681465
RP11-98O2.1,0.001681628107325446
Metazoa_SRP,0.0016811141918817993
OR5AH1P,0.0016810956102012453
RP11-227H15.5,0.0016809926033844785
IGLVI-42,0.001680799556791164
RP11-687M24.8,0.0016807773373535848
RP11-438L7.1,0.0016805738122309375
RP11-667K14.9,0.0016805698626728527
CEACAM20,0.0016804744365035396
RP11-406O23.2,0.0016793574372563323
OR1A2,0.0016790037726680614
RP11-27G22.1,0.0016786065619177949
OR13C5,0.001678501127691548
LINC00083,0.0016783539416603736
RP4-555D20.4,0.0016780800632287566
LINC01611,0.0016777341776650987
RP11-613E4.4,0.0016776142118817981
RP11-115P21.1,0.0016771544807709826
SYF2P2,0.0016765128390933497
LINC00870,0.0016763407551727868
LINC01440,0.001676301629896409
MIR125B2,0.0016753023355377916
CTB-31O20.8,0.0016750009462537406
SYNGR4,0.0016748880536823297
OR1L3,0.0016747746027305957
RP11-26M5.2,0.001674344880408125
RP11-386G21.1,0.0016742787053614055
AC011897.2,0.001674266916235135
RP11-393K12.4,0.001673946436010024
MIR325,0.0016734907538931412
CTC-258N23.3,0.0016733926094296158
RP11-91H12.1,0.0016733668685742706
KB-1410C5.5,0.0016725596018843166
OLFM4,0.0016724793209600755
RN7SL292P,0.0016723099189468898
RP11-447M12.3,0.0016722692054040485
EFCAB1,0.0016717888120239795
RN7SL552P,0.0016712047288347219
RP11-1109M24.5,0.0016712035776238659
RP11-15F12.3,0.001670740343858562
AC068538.4,0.0016704869707789135
OR2A14,0.001670357850591955
RPL23AP66,0.0016698865496498443
FXYD1,0.001669472359808793
RNA5SP453,0.0016694335550500531
RN7SL748P,0.0016691190956791891
RNU6-1224P,0.0016676874425393692
AC009120.9,0.0016673936575308454
RN7SL698P,0.0016671123997560034
RP11-744K17.8,0.001666503664555654
CLDN2,0.0016664567511772523
RP11-132A1.6,0.001665839010346145
RP11-270L13.1,0.001665617825495853
STMN3,0.0016645092999690303
CTC-340D7.1,0.0016644427380408191
RP11-154H12.3,0.0016639945171907167
KRT8P13,0.0016631177370447948
SCGB3A2,0.001662928747925769
RP11-321P16.1,0.0016628513702291211
SNORD116-13,0.0016626701439422138
LINC01282,0.00166224976540345
LINC01020,0.0016622343764184598
CTD-2651B20.8,0.0016617015649064166
RP11-383D22.1,0.0016615096753487526
RP1-267D11.1,0.0016614845758943645
RP11-290L1.4,0.0016609711841367753
RNU1-73P,0.001660915249564619
Metazoa_SRP,0.0016609068944171198
PSAPL1,0.001660680059196632
CTC-529G1.1,0.0016606440822902262
TRBV6-4,0.001660642715420712
IGLV1-41,0.0016600436474450127
AC113618.1,0.001659616647319114
RP5-875O13.6,0.0016593832748273568
RP11-103C16.2,0.0016593654806139042
PCDHB11,0.0016591376939884227
SNORA70F,0.001658993293855563
RP11-552C15.1,0.001658927304350343
RP11-568J23.8,0.0016582458002698563
MLIP-IT1,0.0016580827644653753
C9,0.001657920906114169
Y_RNA,0.0016578067045922823
AC009892.9,0.001657619437902883
RN7SL418P,0.0016576142307679824
RP11-299A16.1,0.0016572869246628053
RP11-328J14.1,0.0016572003669912347
OR1F12,0.0016571582685829679
RNU7-9P,0.0016566889847086435
AGAP12P,0.0016566684314836143
AIG1P1,0.0016555806699317702
TACR3,0.0016555659471101183
AC098617.1,0.0016555120916258508
Y_RNA,0.0016553242167070947
RP11-317B7.2,0.0016552562587951313
RN7SL581P,0.001655140036846535
RP11-543H23.1,0.001654941369615363
Y_RNA,0.001654920672620487
IFNWP15,0.001654378701912597
RP11-335K5.2,0.0016535157933992108
B3GNT3,0.0016530836474047696
Y_RNA,0.001652872764132542
Y_RNA,0.0016526226380581134
RN7SL447P,0.0016524578807935052
RP1-72E17.2,0.0016523471385861779
LNX1-AS1,0.001652254702089775
C1QTNF9B,0.0016521559662652598
EEF1A1P40,0.0016507475169083771
RP5-966M1.4,0.001650216121320005
ZNF280B,0.001649905966139817
RP11-138H8.3,0.00164961435674453
RP11-391L3.3,0.0016492732223485106
C1orf234,0.0016490765849857124
RP11-17G12.3,0.001648961121930411
CCDC188,0.001648327287724523
MIR140,0.0016477696811271617
FOXD4L5,0.0016474455400916294
LINC00399,0.0016465558352860307
CXCL13,0.0016462571740734784
RP11-145E17.2,0.00164597520058593
RP11-306O13.1,0.0016457378381631088
RN7SL131P,0.0016454106500155383
IGHV3-74,0.0016453135637884504
AC072052.7,0.0016451023314088694
IGHV3-11,0.001644261186944251
AC009303.3,0.0016437432847541537
RP11-116B19.2,0.0016431140511978656
HTATSF1P1,0.0016431100264202225
OR7E161P,0.0016430965840726801
RP11-748L13.6,0.0016430811644130958
AC026248.1,0.0016427046002072674
LINC01066,0.001642677133436852
RN7SL760P,0.0016423115365774537
AC007562.1,0.0016423099370396145
CTD-2193G5.1,0.0016413028350693941
TRPC6P,0.0016412989349734368
MCHR1,0.0016410402493655545
CPEB1,0.0016409043421604201
RP11-747E23.1,0.0016406354441312265
RP11-308D16.1,0.0016406137254742108
RSPO4,0.0016405863482677708
RP11-500B12.1,0.001640504965417887
LINC00686,0.0016403351907581327
MED28P1,0.001640157937765626
XXbac-BPG13B8.10,0.0016399477431259706
RNA5SP310,0.0016393527625766157
RP11-153F1.1,0.0016386041836766012
FABP3P2,0.0016379653418150373
RP11-651K21.1,0.0016373418706328254
CEACAMP9,0.0016367315813219396
OR2R1P,0.001636543843168712
RP11-287F9.2,0.0016359750379541709
RP11-3K16.2,0.001635826699674549
RP11-742D12.2,0.001635075640245199
DUXAP5,0.0016347713294041337
RP1-35C21.2,0.0016339999258564875
Y_RNA,0.001633758874707274
AC007115.3,0.0016329038971472302
RP4-550H1.4,0.001632247278406864
RP11-981G7.1,0.0016321618883645655
LINC00158,0.0016318391075044935
LL22NC03-22A12.12,0.0016315559110991519
MTND5P7,0.0016314235399131208
LINC01565,0.0016308107103168966
TBC1D3J,0.0016306370565132805
MIR4796,0.0016297623642945354
CTC-529L17.2,0.0016295493096253894
RP11-148M9.1,0.0016294985203314711
RIPPLY2,0.0016283185720080465
RP11-419C19.2,0.0016283091403567571
RNA5SP151,0.0016254716357560742
CTD-3023L14.2,0.0016250342151847227
FAM53B-AS1,0.0016248717646999698
ARHGEF7-AS1,0.0016244257043941835
RP11-477J21.2,0.0016243353273726298
RP11-999E24.3,0.0016233383165326445
LINC01179,0.0016231226651261463
LINC00871,0.0016228433811171293
CIR1P2,0.0016218702694964708
RP11-2H8.3,0.0016217953488865148
RNU6-979P,0.0016206971258770227
RP5-1139B12.3,0.001620566771569227
PEBP1P3,0.001620453126736502
RP11-460I13.2,0.001619328930150104
RP11-636O21.1,0.0016190057191589175
MIR3609,0.0016185668184751172
RP11-549L6.2,0.0016184919644759454
OR4N1P,0.001617996373470652
SETP15,0.0016173398629846397
KRT18P55,0.00161629687576663
RP5-1039K5.18,0.0016162485101693974
MIR888,0.0016160316538014054
RP11-314P15.1,0.0016156473701134507
AP006222.2,0.001615610734369333
MTATP6P14,0.001615284423141386
KB-7G2.8,0.0016141599203761596
RP4-733B9.1,0.001614077657230575
RP11-654D12.2,0.001613786696242333
RPS27P16,0.0016136530900523298
C1orf186,0.0016129054201081275
AC090505.5,0.0016128479704905305
RP11-333A23.4,0.0016127434104837445
GIMAP3P,0.0016126877930351005
NUTM2E,0.0016123659455597444
SNORD116-15,0.0016123202040707856
VGF,0.0016121252424288592
OR1G1,0.0016120811854541967
LINC01163,0.0016117152819118072
RP11-568J23.6,0.001611328250210766
OR7M1P,0.001611036399614952
RP11-855O10.3,0.0016110333596677433
Y_RNA,0.0016106799369021466
RP11-804H8.5,0.0016103271519244432
RP11-511I11.2,0.0016102462695901406
RP11-445J14.1,0.0016101197235861393
CCL4L2,0.0016088209285069512
RP11-307B6.3,0.0016087468332548036
RP5-928E24.2,0.0016085018033545298
RP11-325K19.2,0.0016084816062572518
RBMS3-AS1,0.0016081566005193807
FAM131C,0.0016080232734052326
RNU6-277P,0.0016079193132827446
RP11-431M3.2,0.0016079102709635501
RNU6-1169P,0.001607653151337266
MIR514B,0.001607640729258224
RN7SL18P,0.0016073529551336545
RPL7L1P2,0.0016067895281148008
RP11-89K22.1,0.0016067235509791727
FBP2,0.001606570689473656
RP11-114G11.4,0.0016063646421031544
IGHV1-24,0.00160549646185428
RP11-243M5.5,0.0016054784307443235
LINC00683,0.001604900578643889
RP11-218E20.2,0.0016044692366850946
NF1P6,0.001604380909030352
FLJ37035,0.0016042575776321353
MIR6889,0.001604221219876338
LPO,0.0016034514464502634
ANGPTL7,0.0016027192693527004
DEFB108B,0.0016012101967449901
SNORD51,0.0016007284713545024
MTNR1A,0.0016001075982885176
RP11-509A17.3,0.0016000538768623223
RP11-138B4.1,0.0015997901696054953
RP11-1147P1.1,0.0015994847933265544
RN7SKP151,0.001598518373494773
RP11-317N8.5,0.001597797185255516
RP13-582O9.6,0.0015976828946551688
U3,0.0015975477634002167
RP11-12J10.3,0.0015971519395010082
RNU6-90P,0.0015963808885101432
RP11-356M6.1,0.0015962312948359161
RP11-780K2.1,0.0015959207032838999
RP11-665J16.1,0.0015954013171709648
RP11-125O18.1,0.001594983510530246
SYNPO2,0.0015937585239755125
RP11-52I18.1,0.0015936853425215002
RP11-255E6.6,0.0015929898097905698
PRR13P7,0.0015927293407176093
CTD-2376I20.1,0.0015926085382142728
MIR2117HG,0.0015921963668797448
RNU6-653P,0.00159205609145141
RP1-111J24.1,0.0015919862808998072
AC073476.1,0.0015911167322142543
RP11-800A3.4,0.0015901905669947253
RP1-131F15.2,0.0015898056886547
PERM1,0.001589063391444043
AL132640.1,0.0015889696499160697
CDX2,0.0015887866812639433
Y_RNA,0.0015887550866280696
PDCL2P2,0.0015886845716319529
PDE4DIPP1,0.0015884988211944842
KRR1P1,0.0015884442553801286
VN1R85P,0.0015880996384385637
AC093585.6,0.0015869582504992488
AC093899.3,0.0015858079965123605
Y_RNA,0.0015857407255956007
CH17-360D5.2,0.0015852469724407414
AC005176.1,0.0015851005677280754
IGLV2-8,0.0015844004330296036
MIR491,0.0015841956528258613
FAM90A10P,0.001584177415344543
CCRL1P1,0.0015835984663196874
RP11-326A19.2,0.0015835151475028122
RP11-552D8.1,0.0015832715852073913
AC104698.2,0.0015832604219853874
C5orf49,0.0015828900030811918
MIR1299,0.001582535737340393
RP11-382A20.4,0.0015823895671835282
LINC01105,0.0015820545405488813
RP11-756K15.2,0.0015819999641105004
LINC00867,0.0015810253092042475
RP11-81K2.2,0.0015808009438651974
AC009491.2,0.0015807814841053728
RP11-794M8.2,0.0015806227028315827
RP11-547D23.1,0.0015803221172669486
RP11-499E14.1,0.0015802185820752998
RP11-400F19.12,0.0015798729088006905
OR1E2,0.0015798460163072773
HSPA2,0.001579179465151922
BTNL2,0.001578599666871444
RHOXF1-AS1,0.0015783524198476097
LINC00628,0.0015774126825275723
CTD-3028N15.1,0.00157725771565736
RGS21,0.0015771434981643627
RP11-25L3.3,0.0015771316697215476
OR56B3P,0.0015769277463592226
OR51K1P,0.0015769257151295834
RNU6-345P,0.001576329476752888
SNORA67,0.0015757637143207067
PRR5-ARHGAP8,0.001575539391296694
PARP4P3,0.0015747671255070712
MIR486-1,0.0015744516307544482
OR10V3P,0.0015742196559956235
RPL26P9,0.0015729956796322335
TMEM144,0.0015729798458882648
LIPJ,0.001572755683311716
RP11-354E23.5,0.0015723415049951528
XXbac-B33L19.10,0.0015719899173326614
U8,0.0015719201059439063
MIR513A2,0.0015716653912006262
Y_RNA,0.001571665391200451
Y_RNA,0.0015715257298765956
RPS12P10,0.0015712469322065538
EWSAT1,0.0015711655650824828
TSPAN19,0.0015709978305960416
MIR1200,0.0015706046570773344
MIR1468,0.0015705306148960608
AF241726.2,0.0015694375832667924
RP11-88H9.2,0.0015693221506190942
RP11-846F4.6,0.0015692545297009777
TMPPE,0.0015687047266488118
RP11-94P14.1,0.0015685105087008637
GS1-39E22.2,0.0015684322733152006
RNU7-18P,0.0015665697511646616
RP11-154H12.2,0.00156654900512999
RP11-63I8.1,0.0015662093247626999
MIR3926-1,0.001565724754646746
MIR5692A1,0.0015653793402272379
GMNC,0.0015648971476326257
VSTM2A-OT1,0.0015648675404380946
SLC9A9-AS2,0.0015643729306359668
VN1R11P,0.0015642962652800772
RP11-354E11.2,0.0015638779525746548
SNX18P5,0.0015635518194733313
AC005786.6,0.0015634125112520803
Y_RNA,0.0015631420700724797
CRYGFP,0.0015630192143155813
C17orf50,0.0015626987263254325
IGLV4-69,0.0015625696809964458
CTD-2540B15.10,0.0015625656731125582
AC090957.2,0.0015622193089876073
MIR5096,0.0015621757346632363
GPR158-AS1,0.001562133345243017
RP11-521H3.3,0.0015620320270120778
RP11-561N12.5,0.0015615603045474884
MIR410,0.0015613608058965037
MTND5P31,0.0015611303549799653
KRTAP7-1,0.001559327937250146
TAF13P2,0.0015590182639297386
RP11-385D13.3,0.001558587445853122
OR8R1P,0.0015584276379357392
CTD-2542L18.1,0.001558258520948412
TAS2R1,0.0015579004398016166
RP1-257I9.2,0.001556933635353097
RNA5SP209,0.0015566242208782761
MIR1290,0.0015562724594466656
SLITRK6,0.0015560108532837588
S100A14,0.0015559060862339307
RP11-747H12.3,0.001555834789631115
WI2-2373I1.2,0.0015556140094074337
RP11-120K24.4,0.0015554585716217367
RP11-745C15.2,0.0015549376993109097
LINC01562,0.0015545803564716981
RP11-650P15.1,0.0015545408859135982
PVRL3-AS1,0.0015540003765563265
AC006355.3,0.0015535006952534897
RP11-476M19.2,0.0015534808759759594
RN7SL815P,0.0015533848556700976
AC010149.4,0.001553345021195873
RP11-167B3.2,0.0015533415531410804
U1,0.001553124467175256
RP11-468E2.1,0.001553074969954297
AP000472.2,0.001552704765035897
LINC01076,0.0015519681464565057
CPEB3_ribozyme,0.0015514174113639533
RP11-102M11.2,0.001551416891451518
TRHR,0.0015503518013866133
RNU6-123P,0.0015492619549284602
RP11-510M2.5,0.0015489860080892643
RNU6-17P,0.0015488500518511979
CHSY3,0.001548849750592056
RP11-94C24.11,0.0015482371291316312
SNORD62,0.0015474465368367585
C12orf71,0.0015474078963666857
DPPA2P2,0.001547311662018574
SNORD113,0.0015469718085923793
ARL14,0.0015468918556798695
Y_RNA,0.0015465930017941351
RP3-399L15.1,0.0015465390831174359
RP11-733C7.1,0.0015459047257501029
SPIC,0.0015458763068880322
RP11-676F20.1,0.0015454126541177022
MIR5685,0.00154492471445066
FAM74A6,0.0015447027727034175
RNU6-79P,0.001544155479872993
DLX6-AS1,0.0015438182172587507
RP4-547N15.3,0.0015434305381333033
LINC00354,0.0015433950343095445
RP11-58G13.1,0.00154208654682827
CTC-503J8.4,0.00154192643763253
AC104809.2,0.0015417370714789378
CTD-3051D23.4,0.0015412448997711506
CYP2T1P,0.001539789129083371
GABRQ,0.0015397081777620762
LINC01381,0.0015396798943974352
RP11-345F18.1,0.0015394213971798906
RP11-469L4.1,0.0015390947197303226
AP000235.2,0.0015381358742509916
RP5-1033K19.2,0.0015376479994768037
NTS,0.0015369348120291353
RP11-555M1.3,0.0015357662056929807
RP11-1D12.2,0.0015357616754983331
RP11-440I14.2,0.0015354290143625182
TMC3-AS1,0.0015352263131356084
AC006946.16,0.0015347260399794444
OR7E157P,0.0015346166252936991
SNORD113-9,0.0015343723962808703
SNORA74,0.0015342032088050868
RP11-193I22.2,0.0015328946445535023
MRPS21P7,0.0015319804351872782
RP11-146N18.1,0.0015316046407742425
CYCSP12,0.0015315212575707064
RP11-101O21.1,0.0015310138300196905
RP11-327P2.6,0.0015309328320088971
LINC01630,0.0015305590161414431
LINC01582,0.0015305397300856003
RP11-665C14.1,0.0015297762562308703
HDGFL1,0.0015295574194623097
C7orf72,0.0015295056500144095
RP5-837O21.2,0.0015294273348743245
CTD-2043I16.1,0.0015290294519808246
MYH15,0.001529009575269764
RP1-32I10.10,0.0015281792419757226
RP5-968J1.1,0.001527846757040572
SNORA26,0.0015273528334560419
RP11-314D7.3,0.0015273385472347567
RP11-494O16.4,0.0015269128962578141
RP1-251M9.3,0.0015262842800801586
MIR6718,0.0015261736702748875
RP1-161P9.5,0.001525567629026605
RP11-12J10.4,0.0015255314763013466
RP11-205A8.3,0.0015248737328836708
LINC01613,0.0015244422609726749
AC010136.2,0.0015244283896560093
MIR4419A,0.0015241364594976315
CROCC2,0.0015240145051447975
RP11-702F3.3,0.0015232490379800926
RP11-43A14.1,0.0015231779967087079
RP11-545H22.1,0.0015228738653824295
KLF14,0.0015227809432755768
RP11-60A14.1,0.001522015856040271
RP11-554I8.1,0.0015216661246123238
KCNQ1DN,0.0015214787391801122
FLJ42969,0.0015206500611547058
RP11-8J9.5,0.0015204724693175548
TCEB3B,0.0015203158819171037
TAS2R50,0.0015199237263171113
NPM1P43,0.0015198774025731129
RP11-60L3.3,0.0015193065473384638
CTD-2008E3.1,0.0015191163655533047
MIR27B,0.001518480968343669
ZRANB1,0.0015184527925981343
CTD-3096P4.1,0.0015181285216668524
RP1-305G21.1,0.001517997982574611
RP11-673E1.1,0.0015177976343878129
HTR1D,0.0015170015569099069
AF131217.1,0.0015168307708768568
RP11-709D24.6,0.0015167606368542013
AC007557.3,0.0015164035086867352
LINC01227,0.0015162788661394002
TSPEAR-AS2,0.001515654557941403
RP4-631H13.4,0.001515109419409191
RP11-734K21.2,0.0015148703819157338
RNU6-14P,0.001514626113967229
RP11-310H4.1,0.0015145806340237456
RP11-241J12.1,0.0015144979987315498
ERVW-1,0.0015144369642007705
RP11-163O19.8,0.0015137704908391937
uc_338,0.001513263235345817
CTD-2538G9.3,0.0015129852334661742
IGHV3OR16-13,0.00151283928041996
OR4A46P,0.0015126406721638972
ATP6V0C,0.0015124283458756388
AC013460.1,0.0015123126278897676
RP11-310H4.6,0.0015111702456659965
RP11-349G13.3,0.0015111264683169555
AMTN,0.0015110105160751224
RP4-536B24.2,0.0015107364444190436
NDUFA3P1,0.0015105080288372716
GPIHBP1,0.0015103063992488526
TRBC2,0.0015102295028311722
OR5M6P,0.0015098839784959935
MTCO3P40,0.0015096793226062007
RP11-357F12.1,0.0015096342991563069
RP11-679B19.2,0.0015093650692593883
NPHP3-ACAD11,0.0015090714363074616
OLIG3,0.0015089060853571874
CTD-2015G9.1,0.0015087208388886236
OR1N2,0.0015085764060431578
SLC9A9-AS1,0.0015084042855958866
RN7SKP145,0.0015081144665126387
LINC01606,0.0015077174703241503
RP11-674I16.1,0.0015073596539345738
LINC01446,0.0015070287216892436
BRS3,0.0015066079111737433
ADRA2B,0.0015062435820055932
CTD-2049O17.1,0.0015050097089372076
RP11-395G17.1,0.0015042181875760518
LUADT1,0.0015042168011999153
RP11-466C23.5,0.0015041561491762336
CELSR2,0.0015038656019860132
TCP11X2,0.0015029499932762767
PQLC1P1,0.0015022109198813214
HOTTIP,0.0015009282515280828
VENTXP3,0.0015006814931606011
RP11-758M2.1,0.0014999926739991817
CYP17A1,0.0014999589033118915
TMEM151A,0.0014996070359086003
Y_RNA,0.001499562158245959
SHH,0.0014995038157772432
RP11-47J17.3,0.0014985910819405282
AC073072.1,0.0014981691107264158
CTD-2515H24.2,0.0014978461477378705
RP11-341D18.2,0.0014977667859057968
CTC-338M12.2,0.0014977036261234534
RNU2-14P,0.0014972409568684126
U95743.1,0.0014960643353621936
RP11-762H8.3,0.0014959816957536391
DUSP7,0.0014959438928421034
CTD-2336H13.2,0.001495715794239515
MIR4717,0.0014956522786030559
RNU6-878P,0.0014954680736153005
MRGPRX2,0.0014954519556192832
SNORA63,0.001495233497331658
ANKRD54P1,0.0014950781728560172
GDF3,0.0014949296312111004
GOT1L1,0.001494800905708606
RP11-25L3.1,0.001494319341489651
RP11-422J15.1,0.0014943001370799282
MIR6736,0.0014939498246604184
CTC-329D1.3,0.0014938767918806657
RN7SL792P,0.0014934908820408647
MIR6815,0.001492999256094419
RP3-395P12.2,0.0014929660253645606
RP11-452L6.8,0.0014925397212762175
DPT,0.0014923377341778867
RP11-309L24.4,0.001491583586151482
RP11-434C1.5,0.0014913814119408922
RP11-544M22.8,0.0014910349574572296
CTD-3046C4.1,0.0014907705549179367
CAPNS2,0.0014906486648791077
RP11-542G1.1,0.0014902483932262554
RNA5SP139,0.0014901233383379387
AC006960.7,0.001490080771289569
RP11-406H4.1,0.001489907504720138
CTD-2162K18.3,0.0014898127776481833
RP11-342M3.5,0.0014897443216020628
RP3-355L5.3,0.0014896587896142907
RP11-720L2.2,0.001489546411083892
AC092620.2,0.0014892774662043282
KLHL6-AS1,0.0014874686437309102
MIR5002,0.0014874242219686375
SLC16A8,0.0014870726587414707
RP11-62L18.3,0.001486299899568041
CTD-2350J17.1,0.0014859546084921035
H2BFWT,0.0014856244013429353
RP1-90K10.4,0.0014852616188341528
ITGB5-AS1,0.0014849201803263255
CTD-2523D13.1,0.0014848607553882439
RP11-196B3.3,0.0014846387705526928
NTAN1P3,0.0014846298148548992
RP11-139I14.2,0.0014845367971573588
RP11-407P2.1,0.0014844624709429344
RP11-182J1.10,0.001484214494301802
TUBBP8,0.0014835666765574932
RP11-133K1.9,0.001482781419129825
AC004906.3,0.001482156308375057
RP11-78A19.4,0.0014819927665029077
RP11-395N3.1,0.0014817670767539337
ENPP7P11,0.001481621008643984
RP1-168L15.5,0.001480903368045887
AC018359.1,0.0014808981493296598
ZCCHC16,0.0014808083329035874
SULT1C2,0.0014797067232989597
TIAF1,0.00147962284156265
LAP3P1,0.0014791728918629324
MCIDAS,0.0014779436376381099
HHIPL1,0.0014772254835141055
FAM188B2,0.0014769310693915373
RP4-655C5.9,0.001476726752949271
AC006262.11,0.0014758057593168758
RN7SKP130,0.0014757226271564594
RP3-323B6.1,0.0014756840419183623
AC079988.3,0.0014756291554392064
CTD-2540L5.9,0.0014750153205145226
CTD-2020K17.1,0.001474847865589481
RP11-45I20.1,0.0014744767868163987
CRLF2,0.0014742885298824526
MTND4P20,0.0014733051677456278
CYCSP6,0.0014731433073967221
AC130689.5,0.0014717094529584408
RP11-671E7.1,0.0014715656280606215
OR5V1,0.0014713603432160115
DDX11L16,0.0014707291805340105
RP11-362K2.2,0.0014705425940821479
MIR5584,0.0014700013281299213
MTCO1P20,0.0014693440028184198
CLEC3B,0.001469288588673498
RP11-111M22.4,0.0014690807469790001
SEC62-AS1,0.0014688757599370088
LINC01605,0.0014688636119665167
CTD-2524L6.3,0.0014687910050883105
CTD-2199O4.1,0.0014686972559161114
SNORD113-1,0.0014683344499292663
OR6X1,0.0014679743981179103
RP11-404P21.5,0.001467557738189904
LINC01187,0.0014670945865696383
RP11-332J15.1,0.0014670076555105352
YWHABP1,0.0014669033589792544
CTC-435M10.3,0.001466558679119557
RP1-302D9.2,0.0014665503258692496
RNA5SP405,0.0014662815547843396
PIP,0.0014660272313479854
RP11-1029J19.4,0.0014656389333647822
RP4-781K5.9,0.0014652774584001957
UGT2B15,0.0014649395104688126
CYP4F29P,0.0014646894496804193
RP11-609N14.4,0.0014644492605991363
AC005307.1,0.0014637217264879742
ADGRF2,0.0014636963658205759
TMEM132C,0.0014634122340634386
HERC2P5,0.001463169615422026
RP11-388K12.1,0.0014631230421286812
RNU4ATAC12P,0.0014630024596100585
PUDPP1,0.0014619008124077755
MTATP6P22,0.0014611553078328506
OR4A2P,0.0014611553078328488
RP11-321F6.2,0.0014607091309630608
HLA-DPA2,0.00146048086848097
RP11-471M2.3,0.0014598798799134425
NXNP1,0.001459564239437759
RP11-249L21.2,0.0014590500697769459
LL22NC03-2H8.4,0.0014586336620895724
AB019440.50,0.0014583293571094223
MIR6796,0.001457859573979517
RN7SL498P,0.0014577558844474457
MIR3180-3,0.0014577432898919627
RP11-667F9.1,0.0014573575815257996
TSPOAP1-AS1,0.00145599135248764
RP3-333B15.5,0.0014558554699717061
RP11-702B10.2,0.0014551387147571481
RP11-94B19.2,0.0014548009602299823
C14orf177,0.0014547582803086073
MIR4719,0.0014547533221581893
RP4-597N16.4,0.0014545276140050425
OCM,0.001454448415325719
AC074389.6,0.0014542003010097648
RP11-353N14.5,0.0014541937232964396
RNU6-1057P,0.0014538985565303582
RP11-118B18.2,0.0014536223319027792
RP11-343J18.1,0.0014535635419481625
RP11-363G10.2,0.0014534726173260056
RP11-30H9.1,0.001452658864112196
MIR5585,0.001451431075244945
TAS2R42,0.0014514194296730185
RP11-264K23.1,0.0014512298795832485
RP11-429J17.5,0.001450972588325602
MIR604,0.0014508294595096964
RALGAPA1P1,0.0014504910229803626
LINC00445,0.0014503652086418645
RP11-785H5.2,0.001450296056682838
MIR4514,0.0014492790082355368
SNORD114-6,0.0014491375155568813
RP3-391O22.1,0.0014490994913514547
FGF23,0.0014482860618142029
RP11-737F9.2,0.0014479905421912699
RP11-497D6.3,0.0014476726302815243
RP11-883G14.2,0.0014466797229879497
RP11-180I4.4,0.0014464480048384995
RP11-78B10.2,0.0014461540861619691
LINC00858,0.0014457899208879532
RP11-498C9.17,0.0014447815693482973
RP11-517B11.6,0.001444672407187013
LINC00523,0.0014446141059391404
MAGEA3,0.0014445904760762888
VN1R38P,0.0014441866856160113
RP11-329J18.5,0.0014437327845115515
RP11-756P10.5,0.0014434369280487574
RPSAP68,0.0014428467970151579
TAS2R63P,0.0014426562532894843
RN7SKP32,0.0014415848466987667
CTD-2291D10.2,0.0014411782568144631
EPS8L3,0.0014410812329069338
MTND1P2,0.0014404442803192118
RAD51AP1P1,0.0014401770308811006
WDR7-OT1,0.0014390911042287764
MIR377,0.001438127200453645
RP11-548K12.13,0.0014373122382804837
RP5-898I4.1,0.0014371140400216635
MUC13,0.001436824004056225
LINC00305,0.001436810512527294
VENTXP5,0.0014365947354950733
TEX41,0.001436354557898116
RP11-187E13.2,0.001435791010364325
ASB12,0.0014354341901499674
IGLVI-38,0.001434916844707907
OR5C1,0.0014342308771847065
RP11-230L22.4,0.001433864409882865
WFDC21P,0.0014338397251277366
AVIL,0.0014334509685626263
AC090044.2,0.0014333292153268407
RP11-642M2.1,0.0014332957303409303
MIR367,0.0014332237125738688
RP11-533E19.2,0.0014331962837712728
MIR3619,0.0014326983887526033
AC006946.15,0.0014325650959228168
AC104088.1,0.0014314703944359624
LINC00857,0.001431200736670091
AC006538.1,0.0014307928506363482
E2F4P1,0.0014305578030667458
HS1BP3-IT1,0.001430240648266723
RN7SL173P,0.0014298365132856023
RN7SL670P,0.0014296153588171192
MYL10,0.0014295875330792049
RP11-638L3.2,0.001429141460999455
CTD-2527I21.9,0.0014290888527132624
MTOR-AS1,0.0014289378907197865
AC128709.3,0.001428214903388659
RP11-519C12.1,0.0014279285612327976
AC023469.1,0.0014275424570788825
AC007250.4,0.0014274213939565116
RP11-315L6.1,0.0014270680051720267
RP11-99A1.2,0.0014264418627303534
CTD-2583A14.10,0.0014251360039929033
AP001043.1,0.0014249320245790752
OIP5-AS1,0.0014248808189098081
FECHP1,0.0014243082263271714
RPS29P6,0.001424211680386074
KRT42P,0.0014240234842410777
DUX4,0.001423912904027791
ABHD8,0.0014238219836676636
NIPAL2,0.0014215285674884525
RP11-545L5.1,0.0014212316378946674
Y_RNA,0.0014211834481533867
RP11-103B5.4,0.0014208886287292405
TMEM212,0.0014206908456258964
RP11-561N12.6,0.0014201346234790288
OR11H7,0.0014199292953875188
CTD-2194A8.2,0.00141992079521002
RP11-108K3.5,0.0014199029093351137
CTD-2335A18.2,0.0014198653609389838
RP11-304L19.4,0.0014193159026698679
RP11-734I18.1,0.0014191852806583552
SEPHS1P7,0.001418044949252292
RP11-166D18.1,0.0014179357576010498
FGF6,0.0014178574816321211
CTD-3239E11.2,0.001417409522114719
CTD-2265O21.3,0.0014172414543757172
LINC00551,0.0014167175892276093
ALG9-IT1,0.0014163381218434612
RP11-21C17.1,0.0014155220614043742
LINC00244,0.0014151248898802123
RP11-190A12.7,0.0014147666709212361
RP11-496D24.2,0.00141298699100393
RN7SL359P,0.001412900538973255
TRAV1-1,0.0014126243660429543
AC073464.11,0.0014124474901163048
RP11-141B14.2,0.0014122051072753253
CCDC155,0.0014121801991836685
CTD-2308B18.3,0.001412030665759949
RP11-379L18.2,0.0014119550919998172
ZCCHC5,0.0014119423911328837
RAB28P4,0.0014102660744134512
LL22NC03-84E4.13,0.0014102660744134282
CTD-2286N8.1,0.0014102206724094838
LINC00351,0.0014098924480828575
RP11-141M1.1,0.0014092102827337077
AC008269.2,0.0014091968558889454
RP11-569A2.2,0.001409020212034102
RNU7-169P,0.0014089923979848965
RN7SL807P,0.0014089900808953572
C5orf46,0.001408914855912906
RP11-486O13.4,0.0014089027259634472
AC005162.4,0.0014082967430724901
RP11-568A7.4,0.001408178108437547
RP11-45L9.1,0.0014078711246205975
RP11-3P22.1,0.001407322408093847
RNU6-233P,0.0014071781253368106
KIRREL3-AS2,0.0014071696484819548
MTCO1P40,0.0014068069356432858
NEBL-AS1,0.0014064228104935113
HSD17B2,0.0014060332971116217
RP11-94B19.6,0.0014060329228952528
MTRNR2L5,0.0014058736780297623
LINC00566,0.0014047892641631783
RP11-244O19.1,0.0014047417916922256
MN1,0.001404047690324846
RP11-760D2.5,0.0014038367887267112
ADRA2A,0.0014037634533394577
CTB-102L5.4,0.0014031685434008916
FAM205A,0.0014029982821964627
RP11-382A20.6,0.0014023193733536997
RN7SKP106,0.0014018359068538836
MIR7854,0.0014013295923377238
CTD-2589M5.5,0.0014008645023655744
RP11-375B1.1,0.0014008512874566562
LINC00547,0.0014003412732056483
SPNS2,0.0013996534320074663
GJA10,0.001399610130011614
FAM30A,0.0013989561170188805
RP11-777B9.1,0.0013988729674376207
RN7SL754P,0.0013983792577273836
RP11-28A22.2,0.0013975579097247606
FOXP1-AS1,0.001396099321722882
RP11-438C19.2,0.0013953054987004099
ATP5LP5,0.0013947236053334549
RNU6-893P,0.001394115921841976
AC092933.4,0.001393782295486704
LSP1P2,0.0013936902066104247
GAPDHP49,0.0013936841677875064
RP4-775D17.1,0.0013936407842284762
DNM1P17,0.0013931147819249367
CTC-575N7.1,0.0013926765921640732
RP1-166H4.2,0.0013923536445150295
GRK6P1,0.001391908552373274
NFKBIA,0.001391870531729321
AL022345.11,0.001391452288700856
TAS2R8,0.0013909074942435014
SNORD42,0.0013908890904371742
GP5,0.0013907223932578038
RP11-497G19.7,0.0013905213472016008
AL035610.2,0.0013902690392431523
LINC01016,0.0013900479661886342
RP11-433A10.2,0.0013900187553979666
UGT3A2,0.001389831903724
FGF17,0.0013896502869521067
KRT8P26,0.0013881089530925139
RP11-318K15.2,0.0013879860652013106
NOP56P2,0.0013876612457915302
CTD-2384A14.1,0.0013867269573907327
RP11-478C6.5,0.0013867047830775847
RP11-718O11.1,0.0013866611576868618
XAGE2,0.0013863887648575721
RP11-114M1.1,0.001386164986189614
RP11-127O4.2,0.0013852795800140185
RP11-460B17.3,0.0013849814495772957
RP11-268F1.3,0.0013847105630719657
RP11-206M11.7,0.0013845430637165503
FRY-AS1,0.0013838465082312123
AC137932.6,0.0013834256403641506
CAPZA3,0.0013830594089935132
DAO,0.0013828319828530652
RP11-88H12.2,0.0013827781401450142
CNOT10-AS1,0.0013821921887403553
RP11-255H23.5,0.001381947452704402
MIR4665,0.0013816993291810532
AP000344.3,0.0013815312039060822
RP11-111E14.1,0.0013812894156847609
RP11-218M11.3,0.0013807744797485848
LCN6,0.0013806441746320646
LINC01445,0.00138015996575966
IFNE,0.0013800562169199596
Y_RNA,0.0013784388857148438
RP11-556N21.1,0.0013781321350164418
MTCO1P29,0.0013780058019613318
RRM2P4,0.0013771854864776396
RP11-554K11.2,0.0013769396531144761
RP11-981G7.3,0.0013765910534257878
RP11-1101K5.1,0.0013765263912521228
RP11-141J13.5,0.0013763410156022679
RP11-439E19.6,0.0013745251389930353
CDY4P,0.0013740532497116334
RP5-1051D14.1,0.001373532998622819
OR1B1,0.0013730595201515486
CR848007.2,0.0013717758340451407
BCDIN3D-AS1,0.0013717232522533613
Y_RNA,0.0013716952188564796
ALX1,0.0013709962593983493
TAS2R2P,0.0013709756153272182
OR52E4,0.0013709134363932905
RP11-293F5.8,0.0013698941503485483
CTB-12A17.2,0.0013698461787598104
FAM216B,0.0013697968562906638
RP11-959F10.5,0.0013686757439094347
RRN3P3,0.001368084726413271
PPP1R2P2,0.001368051056668576
GPR182,0.0013679210181005473
MTCYBP23,0.001367763448113062
SAMD11P1,0.001367402335924913
TP53TG5,0.0013671675353035123
RP11-432J3.4,0.0013660664101156307
MIR3134,0.001365980088239757
RP11-149I23.3,0.001365877305589739
KRTAP8-2P,0.0013656178922585918
Metazoa_SRP,0.0013654239732141089
IGF2-AS,0.0013652365763243044
RP11-313E19.2,0.0013643912379655671
TRAV33,0.0013641450121230315
RP1-102D24.5,0.0013641402258350562
CEACAM18,0.001363793901996483
LINC00276,0.001363738443267558
AC034228.2,0.001363623066419125
PPP4R3CP,0.0013635092551945395
GRID1-AS1,0.0013634263053255967
RNA5SP251,0.001362898559008319
SNRPCP16,0.001362824900235797
RP4-719C8.1,0.0013624316836384454
RP11-116B13.1,0.001362327919345659
RXFP4,0.0013620550424327056
RNU6ATAC32P,0.0013619354673859226
RP11-1193F23.1,0.0013613445144780758
LRIT1,0.0013610009966063636
RP11-619J20.1,0.0013599712829294162
Y_RNA,0.0013596646079175067
CLCA2,0.0013594999276248482
KLHL14,0.0013591512165615973
SCARNA18B,0.0013576594730480985
LINC01387,0.0013575284588689192
LINC01447,0.0013565753900097784
SNORA31,0.0013559155988569068
RP11-347H15.1,0.0013559045929387164
AC011524.3,0.0013556954687929496
CICP12,0.0013549394914746835
LINC00707,0.0013548523757445602
CTD-2525I3.8,0.0013547880001250207
DNM1P33,0.0013547746140262973
TRBV5-4,0.0013546919449288438
RPL27P12,0.0013536071439795804
LINC01593,0.0013532899366393595
RP11-37O16.8,0.0013520509619836267
RP11-2C15.1,0.0013516754038873325
RNU6-1134P,0.0013508607028837373
CTD-2303H24.2,0.0013507198412815963
COX5BP1,0.0013504049537225748
CTC-400I9.1,0.0013502549467021535
Y_RNA,0.0013500587428867704
RP11-139F4.2,0.0013496064412483223
MIR26A1,0.0013495389220086586
RN7SL621P,0.0013490466205396269
SNORD114-23,0.0013488604898658724
THRB-IT1,0.0013487884826343293
AC006262.6,0.0013486290919412836
SLC35D3,0.0013480533079909688
DMRT3,0.001347918209311251
OSTN,0.0013474369453264465
CTC-313D10.1,0.001347214745900552
RP11-454P21.1,0.0013470077958797045
LL22NC03-32F9.1,0.0013456015308246927
RP11-16K12.2,0.0013453931833076538
CXADRP3,0.0013451544032882388
RN7SL414P,0.0013447246695015935
CTD-2135J3.4,0.0013447154099560786
CTC-420A11.2,0.0013446629926594927
RP11-244K5.6,0.0013443670805644925
RP11-331K21.1,0.0013440387851585695
MC2R,0.0013438952883837744
RN7SL726P,0.0013437822800498758
AC011747.6,0.0013424542524965322
RP11-398G24.2,0.001342395074860239
RP11-839G9.1,0.001341993671975072
USP17L7,0.001341878884303305
CTD-2572N17.1,0.0013417463066376447
PACRG-AS1,0.0013409788145632923
CTC-242N15.1,0.0013397298517280629
RP11-23P13.6,0.0013394149974729687
MTND6P19,0.001339360529406217
AC093698.4,0.0013390903993583181
RP11-529H2.1,0.0013386625245343936
AKR1C6P,0.0013383283691998486
MTND1P15,0.0013382221669256903
RP11-356J5.4,0.0013381442032049566
CES5AP1,0.0013378649735850663
FBXO36-IT1,0.0013363396485287589
CTD-2323K18.2,0.0013359801408450497
CILP2,0.0013356067794620809
RP11-157G21.2,0.0013355373907013473
RP11-582E3.5,0.0013350491402758676
KRT18P61,0.0013348596966510542
AP001604.3,0.0013346332687193697
BNIP3P13,0.0013339373007596102
TCAM1P,0.0013339090003644549
RP4-613B23.5,0.0013335719586008452
AC124312.1,0.001333548607828171
LINC01509,0.0013335225861249604
RP11-223J6.1,0.0013334054104562863
ABCA9-AS1,0.0013330078074168061
LL22NC03-86G7.1,0.0013326733273953928
SCGB2A1,0.0013326682417563395
RP11-452J21.2,0.0013325743556144916
CCDC60,0.0013323402056860873
TRIM80P,0.0013320340829628193
BDKRB1,0.00133149784391784
RP11-407P18.1,0.0013312494193772836
RP1-74B13.2,0.001330563936274889
RN7SKP34,0.0013304784785574861
RP11-461L18.1,0.0013285851833488864
RP1-102G20.5,0.0013282128979541323
RNU6-919P,0.0013282049026672848
RP11-242P2.2,0.0013281107148911675
MIR892B,0.0013275125210252614
RP11-353N14.4,0.0013263557903297276
OR2B8P,0.0013261854009475713
PIP4K2B,0.0013259646102522977
TRPV5,0.0013259166211243788
OR12D1,0.001325014962464259
RP11-128P10.1,0.0013249376652791076
SNORD114-3,0.0013244326622932063
RP11-418I22.2,0.001324220556409072
RN7SKP5,0.0013238002574156092
GXYLT1P5,0.0013236880141523732
RP11-57B24.2,0.0013233927328318005
PGAM1P9,0.0013226277063114785
RP11-46I8.1,0.001322109846036172
RP11-402L1.4,0.0013220211640707915
RP5-1087E8.2,0.0013220105330576585
CTD-2320J21.1,0.001321821187119389
IGHE,0.0013216435697629208
TMBIM7P,0.0013214981344978809
CTC-439O9.3,0.0013213257585147355
RP11-160H12.2,0.0013207866062181725
CTD-2194D22.4,0.0013203942187061878
SNORA40,0.0013201458674953618
U3,0.001319219265614318
RNU2-24P,0.0013188456931071677
MIR409,0.001318593785335547
RNA5SP233,0.0013177656879884943
CTB-174D11.2,0.0013177492526563284
CTD-2207O23.3,0.0013174160736190196
RP11-71L14.3,0.001317371632987937
CDK2AP2P3,0.001317289175486524
RP11-442O1.4,0.0013168853413837015
RP11-317G22.2,0.0013167590363398114
RP1-152L7.8,0.0013167386980077879
SLC6A1-AS1,0.0013162863999528565
RN7SKP256,0.001316200901047596
SLC7A11-AS1,0.001315762327665726
RP11-524P6.1,0.0013154528703036772
RP11-542C10.1,0.0013154249615302375
REG1B,0.001315326211795948
RNU6-1068P,0.0013150514693797603
SAPCD2P1,0.0013138588778404754
OR7E115P,0.0013138476215061087
RNA5SP143,0.0013132481427134226
BPIFA2,0.0013130728377644307
CLEC2A,0.0013126873141473723
LINC00251,0.001312627715190083
CH507-42P11.7,0.0013119924671309705
MIR3165,0.0013119227381930506
KRT8P9,0.0013118543044682652
RP11-326N17.2,0.0013115902347640993
DBNDD2,0.0013115546062736256
MTCO3P41,0.0013111981667474012
CTC-430J12.2,0.001310735055915288
LINC00940,0.001310549379988304
OR13I1P,0.0013101412954664657
RP11-124N19.3,0.0013100037961591292
RP11-426C22.7,0.0013095811894123493
COPS8P3,0.0013095363813364744
RNU6-535P,0.001308952122296569
RP11-441F2.5,0.0013088969633090718
RP11-133K1.8,0.0013081897684286289
NDUFAF4P4,0.0013077955209987678
RP11-269F20.1,0.0013075669872562885
RP11-405O10.2,0.0013069423936744686
C1orf145,0.0013067024571398538
COMP,0.0013066021374033674
GSTM5,0.0013056828346137087
RP11-96D1.3,0.00130551883802773
KB-288A10.17,0.0013052182943000107
RN7SKP87,0.001304844052171652
RP11-666E17.1,0.001304347342402324
ZNF415P1,0.0013040915362764213
RP11-23P13.4,0.0013036493240659907
uc_338,0.0013035469773250445
KLB,0.0013034115533042678
RP11-740D6.3,0.001303321623964068
RP11-421N8.2,0.0013029039307486069
AC144836.1,0.0013024662306490517
RNU6-877P,0.0013017144111257173
RP11-14N7.2,0.0013015841032503676
EFCAB3,0.001301520493586629
TAS2R4,0.0013005879388348041
MIR3928,0.0013004870530107344
PROP1,0.0013002423491686756
MTCO1P25,0.0013000148778765331
RP11-218D6.4,0.0012998331272968313
RP11-478C1.8,0.0012996473620509566
RP11-378I6.1,0.0012996471860762925
RP11-120I21.2,0.0012995627021741318
MTCYBP3,0.0012994512062747296
RP11-260A9.6,0.0012992298216074505
RNU6-616P,0.0012977476997836027
RP1-111D6.3,0.0012976606545301221
MIR648,0.0012975582226349034
RP11-161I2.1,0.0012973352856580544
SMAD7,0.0012966081362954197
NTSR2,0.0012961594458110182
RP11-474P2.4,0.0012953537256718123
CTC-321K16.4,0.0012949196511414217
CHRNA6,0.0012948545429028414
CTD-3096M3.1,0.0012945219981104466
SNORA31,0.0012943871485973195
TLL2,0.0012942869106157197
RP11-316M20.1,0.001293475834830459
RN7SL231P,0.0012932557183174718
RP11-973N13.2,0.0012931479305738904
ENHO,0.0012926680212822842
RN7SL16P,0.0012924030713070587
SNORD116-29,0.0012923409737971097
CTD-2282P23.2,0.0012918096228499865
SNORD116-11,0.0012915894562532735
RP11-133K1.12,0.0012913600536076535
ZNF859P,0.0012912136704943135
RP11-724M22.1,0.0012905644984265534
RP5-898J17.1,0.0012901454079242444
AP001058.3,0.0012899100443410896
RP11-144I2.1,0.0012897284082279846
RP11-66B24.7,0.0012895113702596538
CCDC85B,0.0012894244320165282
AC012456.3,0.001288045985668359
RP11-290O12.2,0.0012880113641961718
RP11-352G9.1,0.0012871276539713893
NR5A1,0.0012869747275525898
RP11-73G16.1,0.0012869656428474816
ARGFX,0.0012856244882261982
RP11-320G10.1,0.001285605472184612
RP11-710E1.2,0.0012856035098282024
RP13-577H12.3,0.0012855403136276798
SRP68P2,0.0012854437097375793
RP13-192B19.2,0.001285181598025934
SNORA74,0.001285141069362195
CTD-2240J17.1,0.0012849193165004086
RP11-543D5.1,0.0012848500096121547
RP11-686F15.2,0.0012842976572476764
KRT18P43,0.0012831617439513093
RP11-777F6.3,0.0012830708964712547
RP11-329J18.3,0.0012828836045031273
ACOD1,0.0012827246275938602
SLURP1,0.0012826637629894972
TRAJ3,0.0012819451632593043
RP11-409K20.6,0.001281797381765738
RNU2-30P,0.0012816332669149182
C7orf66,0.001281479217140669
RP11-778J15.1,0.0012806406330262857
AC006947.1,0.0012803233114006825
RP11-130C6.1,0.001280110802785416
ZDHHC22,0.0012795314696026005
PKP3,0.0012790721741223843
RP1-197B17.7,0.00127884231959759
CYP2A13,0.00127883435539828
RP11-697E22.3,0.0012786547316293651
MTND4P14,0.0012780072823431895
RP11-757F18.5,0.0012774891651535303
RP1-59D14.8,0.0012772542482808852
RP11-114F10.2,0.0012771450760939809
IL36A,0.0012769020864038347
TNNC2,0.0012766511902822762
Y_RNA,0.0012762022336716562
NIFKP2,0.0012755207615483474
ALPI,0.0012754228204710466
RNU6-251P,0.0012751707424812078
LINC00051,0.0012740582902997023
MIR4520-1,0.0012730434120956883
ACTN4P2,0.0012726490973549987
Metazoa_SRP,0.0012720492164661574
RP11-81H14.4,0.0012719540161160586
TMEM213,0.0012718641072271644
FAM157A,0.001271214874847545
CH17-262O2.1,0.0012709455238771904
RP11-806J6.1,0.0012709069834270325
RP11-507J18.5,0.001270835395634881
CCDC184,0.0012706817324062976
AC113607.2,0.0012706305355453407
PTP4A1P6,0.001270375363618589
RNU6-999P,0.001270319322390389
MMD,0.001270072209994821
OR5B2,0.0012698733245656707
CTD-3076O17.1,0.001269795090482936
RP11-108P20.4,0.0012697582759697986
OR12D2,0.001269551236469887
EIF3KP2,0.0012691157852447931
KISS1,0.0012690685058543195
AC000036.4,0.0012688319601311484
RN7SL499P,0.0012688153119061673
LCE1C,0.0012682673013442755
VN1R6P,0.0012678096368837078
LIN28A,0.0012677041991960565
bP-21264C1.2,0.0012676114917013945
RP11-554E23.2,0.0012675123722899852
C12orf77,0.0012674329250534754
CFC1B,0.0012673568080375766
RP11-389J22.1,0.0012670610602308486
AC114814.3,0.0012668823982138683
SLC25A24P1,0.0012667609480463131
RP11-757G1.5,0.0012667493037197726
RP11-775L16.1,0.0012665200223206906
RP11-323C15.2,0.0012663827730180518
Y_RNA,0.0012663573797138414
CH507-513H4.6,0.0012657891829666913
MTND4P13,0.0012654951598675785
MIR1268B,0.001265315378138845
TRNP1,0.001264880267728028
MRLN,0.001264104254213208
RNA5SP351,0.0012640114002385255
AC093627.11,0.0012639249938985228
RP11-214K3.20,0.0012637452113551254
FGF10,0.0012624874990249818
AP001059.7,0.0012623752375266089
MIR4787,0.0012620164175435225
snoU2-30,0.0012620024983446712
MTCO1P54,0.0012612322342396474
AC013267.1,0.0012609441333792698
GPX5,0.0012608314877194508
MSANTD3-TMEFF1,0.001260654187948036
KRTAP9-6,0.001260419981138338
RP11-463D19.2,0.001260036313797599
SLC47A1P1,0.0012599027433743456
RP11-469N6.1,0.0012594651429724815
RP5-1121A15.3,0.0012593033874130455
RP11-720N19.2,0.001259186118611939
CYP26C1,0.0012585529152781042
RP11-521O16.1,0.0012581596274862982
MIR548L,0.0012575112127687794
MIR3944,0.0012572588231508617
RN7SL442P,0.0012572533267935432
FCF1P3,0.0012571250110653856
MUPP,0.0012570050170268338
KRTAP5-6,0.0012569490769268807
MIR6509,0.0012567790148315186
CTD-2021H9.1,0.0012565753726933554
MIR4767,0.0012561811117528644
RP11-680F20.4,0.0012552556391375212
KB-1552D7.2,0.0012550728567194919
KRT18P65,0.0012544511068213256
PDZPH1P,0.0012544414422180966
LINC00581,0.0012541735521992214
CTC-554D6.1,0.0012535251350598168
RP11-227D2.3,0.0012526212023212418
SH3PXD2A-AS1,0.0012523081444858158
RP11-102J14.1,0.0012521743946396437
LLNLF-65H9.1,0.0012516912532675357
AC096669.1,0.0012513404253476068
FOXI1,0.001251110801391676
BMP3,0.0012504204802889834
AC112721.2,0.0012497222301214932
TMEM210,0.0012495313205976267
MTND6P21,0.0012492046629879682
RP11-809H16.3,0.0012491234190324684
NECTIN1,0.0012488984736819366
RPS12P24,0.0012484801591509075
MARK2P15,0.0012484726113983196
LINC01221,0.0012481978624337786
RP11-174M13.2,0.0012480667724064582
AKR1C4,0.0012479889843283476
RP11-631M21.1,0.001247919308788834
RP11-671M22.4,0.0012478018975966485
PLCL2-AS1,0.0012477578250571792
CTC-281M20.3,0.0012475500043744947
PITX3,0.0012469980663794762
RPL23AP70,0.001246558813751349
RP11-522N14.2,0.0012464902366198193
VN2R1P,0.0012459341041713668
RP11-697H9.2,0.0012455506495953122
MTND5P32,0.001245504752375324
RP11-203P2.2,0.0012453337880238774
CTD-2049O4.1,0.0012446542846111753
CTD-2503O16.3,0.0012446205335089088
RP11-486B10.3,0.001244149746525827
RP11-483A20.3,0.0012441059347232063
CTD-2128A3.2,0.0012439922234401253
CLDN8,0.0012439845127733375
AC107079.1,0.0012433861822472396
Metazoa_SRP,0.001242869181589743
RP1-8B1.4,0.001242654596819185
MIR6780B,0.001242205723163039
NAP1L4P2,0.001240979907293411
RPEP6,0.0012408203652088763
RNU1-65P,0.0012407383548776831
MYF6,0.001240370431997991
HYPM,0.001239676484813137
KRT8P1,0.0012385214703383202
FAM8A4P,0.0012379650751257172
RARRES1,0.0012374743595494325
RP11-162K11.4,0.0012371788111058739
RP11-501E14.1,0.0012369769978260764
XXbac-BPG32J3.20,0.0012366285842761132
Metazoa_SRP,0.001236127677588667
MTCO1P53,0.0012360838579369537
PPP1R3E,0.0012360190746746776
RP11-19G24.2,0.0012357262165350437
HBBP1,0.0012357165597646272
AC007563.5,0.0012349274764012104
SRCIN1,0.0012347087109257507
RNU6-646P,0.0012343257692956475
RP11-552M6.1,0.0012342786741943825
LINC01297,0.0012341834647418665
LINC01456,0.0012341716385281733
RP11-400N13.2,0.0012334219570317103
AC084149.2,0.0012331410153501117
HERC2P4,0.0012330197884148604
MTND2P33,0.0012306752621126437
RP4-620E11.4,0.001228698236224751
RP4-569M23.4,0.0012286497881454012
RP11-20J15.2,0.0012282435453458058
MIR4450,0.001227509265679499
PTGDR2,0.001227468466780161
RP11-274A11.3,0.0012270817321677404
CTD-3064C13.1,0.0012260902327289385
OR55B1P,0.0012257893618953595
IGKV3-7,0.0012247548966419566
RNU6-1327P,0.0012236768794337133
MIR6763,0.0012231789830212316
RP11-384F7.2,0.0012231304197727073
RP11-44K6.3,0.0012228926881382174
RP11-558A11.2,0.0012222113657126708
ASPA,0.0012220522034821746
KRT82,0.001221856853588339
COX6CP10,0.0012218392694014657
RN7SL475P,0.0012200546062120436
Y_RNA,0.00121902315405747
SLC25A21,0.0012183104145850473
CTA-113A6.1,0.0012180791491254112
FAM83H,0.0012178814552031914
BOK,0.0012176282428167668
ELK1P1,0.0012173506406688045
CADM2-AS2,0.0012172706787133547
RP11-485M7.3,0.0012167221233972609
RNU6-823P,0.0012164913487611485
RP11-85B7.2,0.0012163731862186514
SNAP25-AS1,0.0012157478944139902
LCN1,0.0012156000647812286
KRT90P,0.0012151674312673663
RNA5SP218,0.0012151036231450734
SNORA81,0.0012150883664674645
RP11-223C24.1,0.0012148905191543674
AC009237.10,0.0012147015460348656
RP11-268P4.2,0.0012134418240390722
OR1E1,0.0012131803095723735
RP11-109N23.1,0.0012130123082861577
LINC00316,0.001212751538072334
SCARNA11,0.0012126805898469296
AC012668.3,0.0012121408582417778
RP11-818F20.5,0.001211937761055069
AHSP,0.001211813504168962
KB-208E9.1,0.0012108538176819424
RP11-399C16.3,0.0012106857547332659
CTD-2135D7.4,0.0012101079230210682
RP11-240G22.4,0.0012093543490420558
OR5BK1P,0.0012093410920025979
RP11-404K5.2,0.0012090176901722856
RP11-386D6.2,0.0012088035606811387
RP11-542G1.2,0.0012086177216234137
AC091801.1,0.001207629619030605
MTCO1P23,0.0012075284413338755
ZNF385D,0.0012073027222425155
ADGRF5P1,0.0012070994307238109
MORC2-AS1,0.0012070512041700387
RP11-236P24.1,0.0012063396859767165
SCG5,0.0012054092752285294
TNRC18P1,0.0012047290180440809
RP11-710C12.1,0.001204449496417488
RP11-474D1.1,0.0012044162826395546
RP11-438E8.2,0.0012041611022840224
RP11-248M19.1,0.001204156198135717
CTD-2047H16.5,0.001203976093553333
AC008268.1,0.0012032170142523663
NDUFA5P4,0.001203153107273349
RNU7-11P,0.00120288904546286
SETP11,0.001202548069150088
RP11-286E11.1,0.001202538931240244
MIR548V,0.001202255704160849
RP11-442J21.2,0.0012022368686712738
KRT8P44,0.0012010509708065414
CTD-2532D12.5,0.0012008976328659047
RP11-318G21.4,0.0012005795790787427
RP11-662G23.1,0.0012005728151670788
RP11-234G16.5,0.0012003770548448308
RP11-608O8.2,0.0012001945542694386
XXyac-YM21GA2.7,0.001200161200023658
RNU6-1148P,0.0011994992556424674
FRS3,0.0011994052000399934
RP11-805F19.1,0.0011989977880629695
T,0.0011989898207999806
MIR6775,0.001198802778429202
HMGN1P10,0.001198800180150793
GPR151,0.0011986220179540919
RP3-507I15.2,0.0011985156081469974
ATP6V0E1P1,0.0011983794078069478
Y_RNA,0.0011982936068314725
EXOC7P1,0.0011980778404155643
RP11-64B16.5,0.0011979328949757208
PIGZ,0.0011974764000288836
KB-67B5.12,0.001196226926076761
CTC-508F8.1,0.0011961483175982946
MIMT1,0.001195920664710697
RP11-10K17.3,0.0011955806727808724
OR10B1P,0.0011951757183540522
RP11-20D14.3,0.0011949975098271767
DACT3,0.001194917052163103
CAMK2N2,0.0011947198817257683
RN7SL155P,0.0011945130592680448
CBLC,0.0011934070517600082
RP4-764O22.1,0.0011933714932960554
RP11-152L20.3,0.0011930432949116307
PRR23C,0.0011930242371757914
NPTN-IT1,0.0011927247032983213
LINC01594,0.00119250281636931
MUC7,0.0011921817584574339
RP11-1078H9.2,0.0011917608241182116
ENPP5,0.0011914340168685165
LINC01249,0.0011914138691105978
MT-TA,0.0011903935792564372
LINC00284,0.0011903516205828658
GOLT1A,0.0011900993525737929
TRBV11-1,0.0011900593575514193
DLEU7,0.0011894293720907557
OR6J1,0.0011891467506395014
RP11-798K3.4,0.0011889236310087673
TP53TG3GP,0.0011885834738691275
CTC-436P18.4,0.0011885308207166864
RP11-760H22.2,0.0011879752277133308
RP11-218M11.7,0.0011875736104379998
MINOS1-NBL1,0.001187407584710553
LINC01133,0.0011871926875782189
CTD-2023N9.1,0.0011870789269871718
RNU6ATAC3P,0.0011870691728121802
RP11-222N13.1,0.0011870017978266524
DNM3OS,0.0011865317533096033
MIR4783,0.001186046243393084
Metazoa_SRP,0.0011856808439128358
GS1-166A23.2,0.0011856266220087194
RP11-477E3.2,0.0011855797339706767
RNU2-19P,0.0011847946101252217
RP11-619L12.4,0.0011847691752177815
AL365181.1,0.0011844416653682276
CRNN,0.0011844199330739618
RHOXF2B,0.0011843326146712418
RP11-2N5.1,0.0011841925858461627
RN7SKP95,0.0011839137578663194
IFNA11P,0.001183672165779912
MIR23A,0.0011834132958360903
RP11-393B14.2,0.0011827225621951643
RP11-90J7.4,0.0011822156677133758
RNU6-1120P,0.0011821956373723813
Y_RNA,0.001180876769287421
RP11-167B3.3,0.0011808503724518005
RP11-129G17.2,0.0011806075104179442
AC005077.7,0.0011800692440460743
RP11-65L19.4,0.0011800186892286164
RN7SL592P,0.0011799816830990117
RP11-231C14.6,0.0011796446972168748
FDX1P2,0.0011793552171949346
LRRC24,0.001179023535172682
RP11-657O9.1,0.001178804408285555
RP1-79C4.1,0.0011787896940794879
PHACTR2-AS1,0.0011787508550525569
RNU6-657P,0.0011779926684614378
BEX1,0.0011777742198408629
RP4-568B10.1,0.001177335061896999
TRAM1L1,0.001175609566374183
RN7SL69P,0.0011755737401232956
RP11-1152H15.1,0.001175475363641834
RP11-306G20.1,0.0011752076872027883
RP11-38J22.3,0.0011751337727877954
MIR4515,0.00117504150537425
RP11-6B19.1,0.001174986235969469
BORCS7-ASMT,0.0011745738296832558
AC020743.3,0.0011745619215960585
ANKRD65,0.0011741467893833933
MIR9-1,0.0011741030947828117
Pinc,0.0011740326349702118
RP11-1E22.1,0.0011738977088771995
RNU6-531P,0.0011734203258130479
RP1-137F1.3,0.0011728248337195177
FOXI2,0.0011725290504235905
MIR4682,0.0011722762268770854
RP4-738P15.4,0.0011720343796533072
AC012499.1,0.0011714287001870355
MIR101-1,0.0011705944027122711
RP11-453M23.1,0.0011697869349488012
Y_RNA,0.001169223381238847
MEG9,0.0011689677954626909
OR13C7,0.0011683397250811113
RP11-432I5.4,0.0011682952962073837
RP13-392I16.1,0.0011677802612368854
AL137067.1,0.0011676675741886136
AC005498.4,0.0011667356344601853
AC007319.1,0.0011652561419354028
CDCA4P1,0.0011648641025579483
KRT6C,0.0011646629799186392
NANOGNBP1,0.0011636802014339275
Metazoa_SRP,0.0011635811813318097
CTD-2517O10.5,0.0011632238328365605
ALLC,0.001163163096872207
AC010641.1,0.001162538477714046
RP11-240G22.1,0.0011622627470687127
RP5-849H19.3,0.0011617581848639028
DLX2,0.0011616797637558688
LA16c-306A4.2,0.001161674440883132
RP11-622J8.1,0.001160611343486963
PPP2R2B-IT1,0.0011590590971814
AP000235.3,0.0011589852668496454
UBXN10,0.0011587023898865434
FAM187B,0.0011586811622808244
WDR87,0.001158457160767391
LINC00619,0.0011578840483615156
MIR205HG,0.0011574173734924453
CELA3B,0.0011571136881272702
TMEM211,0.0011567982267073349
RP11-70F11.11,0.001156765601707296
LINC00957,0.001156595495560072
AC034187.2,0.0011565924624053368
RP11-552E10.1,0.0011564360205234474
RP11-349G13.2,0.0011561139626408686
AC007078.4,0.0011560623943937072
RNU7-43P,0.0011551374682375415
RN7SL321P,0.0011551082945111526
RP11-290F24.3,0.0011549301513021715
RP11-249C24.10,0.001154617450442813
ZER1,0.001154547858691312
RN7SKP299,0.0011545141666697478
MIR6858,0.0011544276608027983
RP11-258F1.1,0.0011541159809577261
RP11-275H4.1,0.0011540532649260533
RN7SKP96,0.0011534089283585934
RP5-1093G23.1,0.0011532513093942998
LINC00379,0.0011529102765361538
VWC2L,0.0011528745474434234
CH507-513H4.3,0.0011528396096522446
AP002530.2,0.0011525815876070665
NKIRAS1,0.0011524076378999829
CTD-2553L13.5,0.001151992364886961
HBB,0.0011517613952434645
ANGPTL5,0.0011505352387452831
RP11-170L3.2,0.0011501442773251104
RP11-293M10.2,0.0011498012992089235
RP11-474C8.7,0.001148958751369648
RNU6ATAC36P,0.0011488323950126955
CTD-2233C11.2,0.0011478600501829226
SCARNA20,0.001147629453882587
RP11-168P8.5,0.0011471654473773978
Y_RNA,0.0011468290359216724
RP11-3J1.1,0.0011459031954150693
RP1-67K17.4,0.0011453334697064624
LINC00996,0.0011450610684524108
OR1P1,0.0011444484251685125
RP11-626H12.3,0.0011441368402188186
OR13D3P,0.0011438532974794742
RP6-24A23.8,0.0011437243165171038
MAFIP,0.0011435171598929356
RP11-654A16.3,0.0011434721817646153
RP11-626H12.1,0.0011428738841674487
RPL21P135,0.0011426974698135843
FABP1,0.0011422526955104473
RN7SL810P,0.0011418222410043452
RP11-359J14.2,0.001140754670260577
SNORD116-9,0.0011406367612015556
GJB4,0.0011403989320025777
RP11-89N17.4,0.0011403506586271732
CTC-559E9.9,0.0011398320320585929
RP11-175P13.2,0.0011396827034056726
LA16c-380H5.6,0.0011387285041363914
RN7SL361P,0.0011386582955664189
RP11-404O13.4,0.0011386125363151982
ARHGAP42P1,0.0011381607117418708
RP13-346H10.2,0.0011378930740448818
RP11-197K6.1,0.0011376438640201315
TPRKBP2,0.0011374889804770508
C7orf69,0.00113735938782292
MT-ATP6,0.001137228453300919
SUGT1P3,0.0011368804625693947
CH507-9B2.4,0.0011368077519797973
KRT8P34,0.0011364177209615314
AC012456.4,0.0011364168253352382
AC004691.5,0.001136237670425881
RP11-145E17.3,0.001136020556211834
ZFP42,0.0011353397347004799
IGLVI-56,0.001135093893505436
SNORD116-7,0.0011346969077014244
RP11-429E11.3,0.0011332284404181416
RNU6-558P,0.0011329188847771625
RP5-1102E8.3,0.0011328422579883113
RP11-1430O6.1,0.0011326845885974838
YWHAZP4,0.001132303742603229
RP11-446N19.1,0.0011322267420913247
MIR5008,0.0011322205801443527
RP11-7M10.2,0.001131609454936912
CTD-2385L22.2,0.0011312671922668164
RAC1P7,0.0011300707107980254
RP11-74D7.1,0.0011299403792202174
RP11-118B22.4,0.0011288446111678023
TMEM212-AS1,0.00112861931824127
RBM48P1,0.0011282677452841912
LINC00261,0.001128010346130567
RP11-143E21.2,0.0011275897889148226
RARRES2P10,0.001127468560438072
PRCD,0.0011271436208284864
HPN-AS1,0.0011270137099426178
RP11-427M20.1,0.0011268308797386436
MIR23B,0.0011267515304536674
RP11-392P7.7,0.0011264935692732738
RP11-394B2.7,0.001125145651825185
RP11-796E10.1,0.0011250602170304682
RP11-775J23.2,0.0011246977921881337
HSPA8P19,0.001124272425672013
RP11-831A10.1,0.0011242718463617006
RP11-436M15.1,0.0011242713448472445
DUSP2,0.0011235986971829914
RP11-361F15.5,0.0011235117584389512
RP11-216P6.2,0.0011234956998854861
OR2B3,0.0011232853933306087
AC138430.4,0.0011229438920564985
PPP1R26P1,0.0011217050864355941
HMGB1P25,0.0011217030933026709
RN7SL468P,0.0011201431777318907
FAM19A5,0.0011191419665650632
KB-1269D1.8,0.0011190081858885824
RP11-774D14.1,0.0011189577887900043
PCYT1B-AS1,0.0011179958548176842
LINC00624,0.0011178390766557304
AC016994.2,0.0011175739594700056
RP11-286N3.2,0.0011173259133806285
OR3A3,0.0011162896129799115
TOMM22P3,0.0011162363209360421
C5orf17,0.0011155421665114426
OR1A1,0.0011152109357744047
RNA5SP75,0.0011145253095297227
RP11-526N18.1,0.001113567164916429
BCRP5,0.0011130473597210228
RP11-283I3.1,0.0011127239543532125
LINC00205,0.0011121999834382348
PGA5,0.0011121716637944403
RP4-539M6.20,0.0011115798522867554
LINC01603,0.0011107947724733256
AC108868.3,0.00111038386531916
BNIP3P34,0.0011102973579020388
AC005237.2,0.00111007071589408
OR2AT1P,0.001109979675971947
CTD-2021H9.3,0.0011098121040050725
Y_RNA,0.001109687578795177
IFNG,0.0011094419078100412
RNU6-91P,0.0011093598430865375
RP11-622A1.1,0.0011073210249410558
TRBJ2-7,0.0011072168178502607
RHOF,0.0011069274137856053
RP11-885N19.6,0.0011068000263293023
RP5-1098D14.1,0.001105374555715125
MIR4744,0.001105161067452259
DSG2-AS1,0.0011041717470451971
RP11-168K9.1,0.001104061090835385
AC009158.1,0.0011033833842912194
RPS27AP17,0.0011033111595405173
NKX6-2,0.0011030926000936258
MRPL50P1,0.0011028565786159773
RP11-455O6.5,0.0011021415936019326
RP11-810O3.2,0.0011019743020496743
RP11-268G13.1,0.001101923892718092
RNU6-80P,0.0011016269523487492
SNORD116-10,0.0011009751788696395
XXbac-BPG248L24.10,0.0011009597065985218
IGLV5-37,0.0011009412076592496
MIR670HG,0.0011003896924826047
AC092687.3,0.001099815295276165
RP11-643G5.6,0.0010989798661195892
RP11-367N14.3,0.0010976351494369917
RP11-661A12.4,0.0010973575639340366
CFHR5,0.0010969633506397645
LINC00377,0.0010969631230794033
AC016734.1,0.001096870442786093
CTD-2530H12.1,0.0010957760035985077
RNU1-22P,0.0010956655369207338
ZNF804A,0.0010955973781572924
RP11-575L7.2,0.0010950787275101524
LINC00349,0.0010943358086713435
RP11-57G22.1,0.0010943322850813938
GJC2,0.0010935775715457032
AC104024.2,0.0010930157338488453
PPP1R26P3,0.001092847527025831
AC026471.6,0.001092804687271348
XXbac-BPG154L12.4,0.0010924883432026039
CTC-573M9.1,0.0010919662481250728
CAPN6,0.0010917098612360768
RP11-389C8.1,0.001091078998864206
OR13D2P,0.0010910035533702202
IL3,0.001090664591505728
MIR130A,0.0010904064822924932
RP11-655C2.3,0.001090186438011308
RP11-20J15.3,0.0010899460330539802
RP11-775B15.2,0.0010895798168242801
IGKV1-33,0.0010891783741208928
POU6F2-AS2,0.0010884048644349712
RP11-1113L8.2,0.0010876351024677268
LCE1B,0.0010875170938545163
RP5-1173A5.1,0.0010871381104435082
RP11-85G21.3,0.001087008671310391
RP11-90M2.5,0.0010869785808758784
LINC00378,0.0010866604894460316
RP11-264A11.1,0.0010865605812416697
RP4-660H19.1,0.001085807736323036
FAM161B,0.001085590724729991
PRC1-AS1,0.001085560254862898
RP11-150D5.2,0.0010849428718672268
RNA5SP137,0.0010839974986877718
Y_RNA,0.001083724386014802
CTB-147C22.6,0.0010834858150546556
RN7SL415P,0.0010833309512931482
RP11-685B14.3,0.0010827690925193348
RP11-15B24.3,0.0010822828474111878
SYT14P1,0.0010822516359601242
Y_RNA,0.0010815608788254012
RP11-479I16.2,0.0010814545664047787
RP11-574K11.27,0.0010809889841306112
TSPEAR-AS1,0.0010809060296308336
RP11-91I8.3,0.001080707056128089
RP1-81P11.1,0.0010804338529143852
RP11-254F19.4,0.0010803158492243092
GOLGA2P11,0.0010801014081548677
RP11-800A18.4,0.0010797310345957833
ACY3,0.0010797188818492257
RP11-522M21.3,0.0010789140527836456
RNU6ATAC12P,0.001078434775686328
RP11-356K23.2,0.0010783692863046304
RNA5SP294,0.0010779049314957095
RP11-165I9.10,0.0010777356720419707
MIR1915,0.0010773556942321736
PKMP3,0.0010773081134450569
RP11-116O18.3,0.0010772440500986151
RP11-98C1.2,0.0010768336199053121
RP11-266L9.6,0.001075745164363705
RP11-367J11.2,0.0010756571301176554
RP11-521D12.2,0.001074968906013021
MIR3659,0.0010749544543686416
AC108039.3,0.001074454273415732
IFNA6,0.0010743252859664349
RP11-538P18.2,0.0010738924687709933
RP11-349F21.5,0.0010737918873081824
AC007879.6,0.0010736618522502188
SNORA33,0.0010734634653568815
FA2H,0.0010732547804446842
RP11-983C2.3,0.0010718052470305058
RP11-155N3.4,0.0010709112645059685
ABCD1P4,0.0010708775257125085
RP11-856M7.1,0.0010702078532460392
RP11-535A5.1,0.0010691645225446573
CTD-3229J4.1,0.00106897933249043
RP11-681L4.2,0.001068170486602736
MRPL40P1,0.0010681479570403103
MIR181B2,0.0010681479465144996
ABCD1P5,0.0010678023847061873
AL157902.3,0.0010677574693202672
FAM90A12P,0.0010670404603036591
RP11-548K12.4,0.0010670296319831016
RN7SKP51,0.0010668709614267652
RNY1P5,0.0010668601691862015
RP11-25E2.1,0.001066544564971364
AC107399.2,0.0010660679982938473
IGF2BP1,0.0010660455136958168
RP11-370I10.2,0.0010659196533595455
RP11-150D20.5,0.0010654027883208528
MYBPC2,0.001064791582311813
PRKG1-AS1,0.0010644894741248198
RP11-143E21.3,0.0010635027724571462
CYP2T3P,0.0010627940335209902
CTB-4E7.1,0.0010626861325476835
OR1H1P,0.0010626581317116901
KCND3-AS1,0.0010618741466590486
RHEBP3,0.0010613779411170524
RP11-802O23.4,0.0010611489193291077
PEX5L-AS1,0.0010602684310253316
AC007390.4,0.0010601930499258968
Y_RNA,0.0010596156480083298
TRBV13,0.001059246586798808
PHGR1,0.0010588722025279438
C1orf132,0.0010588386140228034
OR52A5,0.0010583072244207232
LINC00676,0.0010581817759714673
HIGD1AP8,0.0010578483246073312
RP11-439H13.2,0.0010571276598596994
FLRT1,0.0010571166763359019
PANX3,0.001057115114046013
RP11-479F13.1,0.0010569484675304018
LINC01139,0.0010568433312609345
PIEZO1P2,0.0010560786150125476
IGKV2D-24,0.0010555651493322528
TMED11P,0.0010549470372218832
RP11-5O23.2,0.0010539218428278147
MPPE1P1,0.0010523673155953708
RP11-299P2.1,0.0010521234270197421
RP11-673F18.1,0.0010521131985070647
MIR3159,0.0010519509772467202
RP1-153P14.5,0.0010514700422325379
RP11-510M2.4,0.0010511117272343532
AC090018.1,0.0010510197083301407
LINC00930,0.0010502838949017397
RP11-706D8.3,0.0010498862582152626
RP11-252I13.2,0.0010498542281804218
RP11-30L3.2,0.0010493218719482863
RP11-391L3.4,0.0010490155227096557
RP11-1O2.1,0.0010490100382327635
RP11-179K3.2,0.0010483864830893512
SNORD11B,0.0010483104304313542
MIR181C,0.0010478348842003688
AC007312.3,0.0010475335772671594
MIR6127,0.0010462534955346468
RP11-73M7.1,0.00104622591704793
TMEM125,0.0010460442826303973
TRBV10-2,0.0010455160926652045
SNORA11C,0.0010449446672580243
SNORD27,0.0010440263140242736
RP11-568J23.4,0.0010439283541006277
GREM1,0.0010438749406833988
MTCO3P8,0.0010437071280788414
PRSS22,0.0010435546606900365
RP11-13N12.1,0.0010431290972330747
MIR2909,0.0010430850696080997
RP4-777L9.2,0.0010428506496440958
RP11-87C7.3,0.0010412920145921156
RN7SL309P,0.0010411581838588797
MIR215,0.001040768109165666
LINC01195,0.001039894370850826
KCCAT333,0.0010398822451857602
RN7SL708P,0.0010397347210851847
IL26,0.0010396825876370574
RP3-400B16.2,0.0010392452889464656
LINC01517,0.0010388572443773042
RAD23BLP,0.001038674932122618
RP11-91I20.4,0.0010377180708704653
AC005614.5,0.0010373567095499003
NPAP1P4,0.0010371181008313492
RP11-304F15.7,0.001037039523759633
RP11-66B24.5,0.001036781367878258
CTB-161J7.2,0.0010365449803015655
ST13P20,0.001036033746015175
TRBV29OR9-2,0.0010353687759894396
IGHV2-70,0.001034434420912764
GUSBP6,0.0010341012529772617
KCND3,0.0010339188922250313
RP11-310H4.3,0.0010329813955525136
CEBPA-AS1,0.0010323330468170794
Y_RNA,0.0010322416003409932
FGF12-AS1,0.0010320130267713727
CTA-398F10.2,0.0010319027915594362
RP11-357N13.2,0.0010312190659082972
AC009312.1,0.0010311044802805227
RP11-108K3.1,0.0010305774977657184
RP11-306K13.1,0.0010301899335033152
RP11-495K9.10,0.0010301578094366753
RP11-401F2.4,0.0010294587431409542
COX6B1P3,0.0010293279946321317
MTATP6P24,0.0010291001916772544
RP11-277J6.2,0.0010289482358344386
RP11-326I11.4,0.0010286878788873183
CTC-425O23.2,0.0010281549858720653
RP11-40B20.1,0.0010278535706477003
RNU6ATAC39P,0.001027756568256017
AC073409.1,0.0010275173481219303
RNA5-8SP6,0.001027182560785815
VDAC1P13,0.0010271027694922033
MIR4634,0.0010270665817390535
MIR8083,0.0010269987082689416
RP11-77K12.7,0.0010269750060013503
B4GALNT2,0.0010268190932982574
RP11-509E10.3,0.0010266222831589004
LINC00593,0.0010259631193521395
FAM220CP,0.0010258314663299415
CTD-2331D11.3,0.0010254756815099941
GPR176,0.00102504068835696
RP11-14I17.2,0.0010243907437894792
SLC25A39P1,0.0010242169996937216
AC018731.3,0.0010240962446927391
KATNBL1P2,0.0010239906677877706
KRT18P6,0.0010231541435815849
RP11-308B5.2,0.0010222196307732318
ANKRD31,0.0010215359451675337
RP11-147L13.7,0.0010211401237233337
SPINT4,0.0010204882493480897
EDDM3B,0.001020295090292801
AC005863.1,0.0010195050384707441
RP11-7F17.4,0.0010187410746788823
RP3-437I16.1,0.0010178339628430116
SNORD41,0.0010176668782496752
KRT18P9,0.0010167777798743385
PCDHA1,0.001015842316961247
RP11-181D18.4,0.0010153324404238457
LIN28B,0.0010152216800400795
VWC2L-IT1,0.0010150913529659669
TECRL,0.0010147765903413325
DNAJA1P6,0.0010147669137617178
AC011242.5,0.0010145480218421137
RP11-147L13.8,0.0010141364499852475
Metazoa_SRP,0.0010138169145049304
RNU6ATAC42P,0.0010130040638601358
RP11-475D12.2,0.0010129169490629083
RP11-327F22.5,0.0010127938353490641
RP4-537K23.4,0.0010125064106112542
RP5-1110E20.1,0.0010120522211973216
RP11-434H6.2,0.0010119853530118435
KRT18P23,0.0010107995048491934
AC019185.4,0.0010107028259228642
SNHG23,0.001010268677563218
RP11-310H4.2,0.001010265638175769
PENK,0.0010099408065997934
RP1-47A17.1,0.0010098341325848732
DAGLA,0.0010087680352677609
KCNH8,0.0010083737959205028
RP11-1166P10.6,0.0010083087254179747
AC092159.2,0.0010082795602414597
MIR8069-1,0.0010081500939897506
RP11-34P1.1,0.0010081037560204004
AL773572.7,0.0010078452852357194
RP11-482E14.2,0.0010076868924397142
AL135745.1,0.001007596355050569
RP5-907C10.3,0.001007419713837472
HAUS1P3,0.0010071235177661708
TTC9,0.0010068434941589396
EGFR-AS1,0.0010066515021229104
RP11-40F6.1,0.0010065602804916144
RPS27AP10,0.0010062668959705478
RP11-445O3.3,0.001006197571004229
RP11-1055B8.3,0.0010058986687496306
AC129492.6,0.0010057882424792455
RP11-717H13.1,0.0010056874840489323
AC008067.2,0.001004705533486641
SYNJ2-IT1,0.0010044363264961364
RPL7P39,0.0010043814027260946
SNORD105B,0.0010039343776931757
OR11H4,0.0010038091772669702
TEKT4,0.0010037672775373959
RN7SL459P,0.0010036453635957994
RP11-46O21.2,0.0010035081983341236
RP11-15F12.1,0.0010033272444756847
AC010970.2,0.0010032318546638645
RP4-672N11.1,0.001002732094130624
MIR598,0.0010027188821644779
RP11-519G16.2,0.0010024681781419865
AC015922.5,0.0010023942202636949
RP11-700F16.3,0.0010020169628735872
SLC17A4,0.0010019382301833088
KRT8P15,0.0010019230486072845
AWAT1,0.0010017832674269747
UBE2Q2P9,0.0010017578066063956
RP11-568A7.2,0.0010009404478586918
ANTXRL,0.0010006419179704761
TMEM150C,0.0010004884475802109
RP11-462P6.1,0.001000313503919064
CTD-2197I11.1,0.0009997947297481068
MCCD1,0.0009996404169212835
VN1R37P,0.0009992679155617602
RNA5SP288,0.000998638271101651
POU5F2,0.0009986337329462869
TXNDC8,0.0009984879070569009
MTMR9,0.0009964913174709473
IGHV3-52,0.0009953038086454682
MLLT11,0.0009951502594364022
GLP1R,0.0009947378370801629
RP11-666A8.12,0.0009946957384565944
MIR4290HG,0.0009945321696073158
RP3-414A15.11,0.0009940550983933891
SNORA70,0.0009936758622366433
ASS1P8,0.0009935046937186403
CCL11,0.0009933997615074752
RPEP1,0.0009922712198118153
TIMM9P2,0.0009922577724621174
RNA5SP364,0.0009916368634622552
RP4-555D20.2,0.000991458889430308
TDGF1,0.000990877346436684
AP000563.2,0.0009893123107009697
LLNLR-307A6.1,0.0009889305524291689
RPS6KA5,0.0009876101390176475
AC011524.2,0.0009873658048394369
RP11-425D10.1,0.0009862757697863328
RNU6-418P,0.0009858595161127675
IFNA17,0.000984041031527316
RN7SL715P,0.000983969091689217
CTB-118P15.3,0.0009822596192508764
PPP1R17,0.0009819360923581189
MIR602,0.0009818294461625722
RN7SKP246,0.000981563155836731
RP13-580F15.2,0.0009812167775743676
TRBV5-7,0.0009803915563964317
HTT-AS,0.0009799975108574623
GPR142,0.0009798295578468598
RP5-1086L22.1,0.0009791626478025959
WFDC11,0.0009785735622040927
TTLL7-IT1,0.0009785149668936233
RNU6-354P,0.0009781198558127763
MAGEL2,0.0009780525610552874
LINC00326,0.0009778438289467942
CCDC70,0.0009778311477928652
RP11-76C10.5,0.0009768801359128772
Metazoa_SRP,0.0009764460321530651
CTD-2533K21.3,0.000976230947961425
TRAV10,0.0009756559496639395
Y_RNA,0.0009747881904874437
AC016723.4,0.0009743941185508938
LRRTM2,0.0009739456254847318
ADGRB1,0.0009736533243300631
RP11-1079H9.1,0.0009732128681633151
RP5-951N9.1,0.0009729686487650971
RP11-752D24.2,0.0009727019679206238
TFAP2D,0.0009725779775191113
RP11-443O13.3,0.0009724669765817953
RP11-263G22.1,0.000972445128155801
CH507-513H4.4,0.0009723709292347742
OR2A7,0.0009721590041098782
SNORA50A,0.0009718439767747051
AC114814.2,0.0009717208103256712
RP11-298J20.3,0.0009716796010998531
RP11-116O11.1,0.0009711826670396939
RP11-556O15.1,0.0009710935082092962
ELFN1-AS1,0.0009708772716925648
CTD-2530H12.8,0.0009703331826785572
RP11-452K12.4,0.0009702471853149524
RP11-1260E13.3,0.0009700283798957528
TRAJ39,0.0009691204788491418
LINC00494,0.0009688681455154118
AC093732.1,0.0009676976536531331
LINC00626,0.0009675166526672698
CTD-3149D2.3,0.0009673484358209277
SFRP5,0.0009671160288531212
LINC00463,0.0009661748419481149
FOXQ1,0.0009661226858780016
KANTR,0.000965489827837273
RP11-66D17.5,0.0009649014624431338
RN7SL413P,0.0009646813634063409
LARGE-IT1,0.0009632671787335918
AC073091.2,0.0009627999720294492
RP11-495K9.9,0.0009619348251841743
SATB1-AS1,0.0009618582633342706
RP11-95G6.1,0.0009618364798537307
RPL23AP10,0.0009616793553310213
LL0XNC01-237H1.3,0.0009616622154096561
RN7SL652P,0.0009607602381449143
LINC00934,0.0009606207764618899
C12orf80,0.0009604500865248276
MTHFD2P4,0.0009602921532660194
BTBD16,0.0009596640801106911
CTD-2034I4.2,0.0009588846361832967
LINC00331,0.0009588213214675223
RPL17P49,0.0009587127503844102
KRTAP5-7,0.0009578954775953324
RP11-427L15.2,0.0009573637322924495
USP11,0.0009571873685960185
RP3-468O1.6,0.0009569142084321338
RP11-351I21.6,0.0009560710194981395
CTD-2529O21.1,0.0009559862252612734
RP11-586K12.11,0.0009551451970450111
RP11-379K22.2,0.0009549602189023723
CTD-2636A23.2,0.0009548890880933967
RP11-556I14.1,0.0009541483967416757
RNU6-1055P,0.0009539966950523362
SAMM50P1,0.0009534292505314695
RP11-405K6.1,0.0009533432347948089
ASTL,0.0009532339976701401
RP11-345K9.2,0.0009531895953800835
RP11-604N13.1,0.0009528608038869998
RP11-1C8.5,0.00095280904949163
RP11-459O16.9,0.0009524035700639731
RP11-177N22.2,0.00095183749756927
RNA5SP194,0.000951489895330653
AC005539.2,0.0009508215074207511
ARL2BPP7,0.0009506613899358511
OR5AK1P,0.0009505642359446222
NEUROG3,0.000950529883390624
CLDN10,0.0009503446294294091
LINC00314,0.0009503122065296483
NHEG1,0.0009501038190659058
LINC01010,0.0009498275224378703
RP11-355E10.1,0.0009491968187203065
SMIM6,0.0009488387687668638
KRT25,0.000948287266113426
CTB-120L21.1,0.0009481805570694303
CTD-2369P2.8,0.0009474827796523288
MIR1180,0.000947312526827028
RN7SKP244,0.0009464312314640396
MIR571,0.0009462670083808342
RP11-53B5.1,0.0009459990897041913
RP11-480D4.5,0.0009457507750633255
CARNS1,0.000945065413747268
RP11-446H18.5,0.000944817243274141
SPATA31E1,0.0009443476057968389
GUCA2B,0.0009439447220115521
MIR539,0.0009426787958695373
RP3-417O22.3,0.0009426014554472584
RP11-816J6.3,0.000942331316725875
TMEM30CP,0.0009415288213359516
RNU6-589P,0.0009411182790819388
OMG,0.0009405282139440696
BMI1P1,0.0009403882394014076
RN7SL385P,0.0009392563206035869
RP11-310E22.4,0.000939207172790084
RP11-281O15.2,0.0009391079789885558
RP11-16E23.3,0.000939037531984841
AL365202.1,0.0009388780902763253
LINC01320,0.0009388262605299388
RNY4P19,0.0009383636984984973
OTUB2,0.0009380981375464245
RN7SL417P,0.0009380801213029872
RP11-240M16.1,0.0009377933499393233
RP11-244F12.3,0.0009372755878314392
Y_RNA,0.00093706328012747
AP000432.2,0.0009367279552039173
MTCO1P47,0.0009365482101049272
CABP5,0.0009364249479572894
AC004603.4,0.0009363902159991616
GJB3,0.0009362379735942392
PHACTR2P1,0.0009352025168468241
RNU1-8P,0.0009349965507045394
CACNA1H,0.0009344191619601714
RP11-670N15.1,0.0009339411826580075
KCNMA1-AS2,0.0009335567039953016
RN7SL594P,0.0009334369505235549
RP3-466I7.1,0.0009334272156908634
RNA5SP245,0.0009333658937817765
KRT1,0.0009332855915294369
LINC01474,0.000932972934332318
AC004911.2,0.0009327900290995715
MIR1270,0.000932583077155943
RP11-16L21.7,0.0009325294742235483
TLK2P2,0.0009321227106221714
RP11-96D1.6,0.000931452225845058
TCL1A,0.0009313164812107453
MTND2P6,0.0009308317941729719
MIR1273A,0.000930606086402253
SNORD114-14,0.0009299809749764529
MIR6793,0.0009299274961094476
HMGB1P19,0.0009283639146888257
RP11-388P9.2,0.000927752588542808
RP11-54H7.4,0.0009277151427430633
RP11-829H16.3,0.0009277061315176908
INSL3,0.0009272636845890594
RP5-1039K5.16,0.0009261837712127221
RP5-842K16.2,0.0009257051876372181
OR7E106P,0.0009255897972256763
GM140,0.0009247384599929707
MIR548AY,0.0009247313816351292
RP11-122K13.15,0.0009246637121483307
FGF18,0.0009240579339794414
RP11-32B5.7,0.0009240294818713899
TCEA1P3,0.0009239892758127142
RP11-476H24.1,0.000923206076387279
AP005242.1,0.000922916808057354
RP11-114F10.3,0.000922721466147096
MT-TE,0.0009224755358728512
AC136289.1,0.0009222801750538906
RP11-429P3.8,0.0009213464525821001
AC016561.1,0.00092130488935575
TUBB8P7,0.0009212247030996736
ZNF346-IT1,0.0009208280323612882
RP11-5P22.3,0.0009207141044904417
RP3-428L16.1,0.0009207033102619814
AP000462.1,0.0009206569799901191
RP11-122L4.2,0.0009206040182172501
KCNMA1-AS3,0.0009201353047440718
RP11-531A24.7,0.0009199151847440879
RANBP3L,0.0009194365266606975
RP5-1101C3.1,0.00091867556422305
RP11-1299A16.3,0.0009179940343864354
RP11-139G7.1,0.0009166234019542483
ANKRD20A7P,0.0009165478918059345
LINGO1-AS2,0.0009161144376563336
AC116609.1,0.0009155021744495598
RP11-23E19.1,0.0009153404425392236
RNY4P13,0.0009148852437128807
U3,0.000914590904233064
GPR25,0.0009137941279243792
RNU6-851P,0.0009137045034542475
AC106874.1,0.0009134859457744506
FLG2,0.0009133347558487809
MIR6827,0.000912998783490811
RN7SL628P,0.0009129162783476551
RP3-522J7.7,0.000912905353529947
RP4-536B24.4,0.0009126749268860303
CNTN2,0.0009122816409113063
AP001172.3,0.0009121819079357553
OR4C6,0.0009116980445231773
AOX3P,0.0009105148340556547
MIR3192,0.0009100598027783925
RP11-460G11.2,0.0009098264868785614
SLC2A12,0.0009093997097589342
HMGB3P10,0.0009087123510684383
RP11-486O13.5,0.0009086386997453318
AGGF1P6,0.0009086114760487769
RP11-561N12.2,0.0009081955176948483
RP11-708L7.6,0.0009080052406215573
AC006000.5,0.0009076228181736666
RP11-22H5.2,0.0009071210815560362
RNY3P13,0.0009069099294318223
RP11-521D12.1,0.0009066916729663501
LINC00334,0.0009066171873277608
LINC01629,0.0009065422244565332
NDUFB4P10,0.0009064351160421119
LGI3,0.0009063019574124087
IGLVIV-66-1,0.0009057654712432066
AC098872.3,0.0009055889083582676
RP11-1078H9.5,0.0009054874156158067
RP11-542A14.1,0.0009052045138422907
RP11-431K24.2,0.0009047022345434365
SMLR1,0.0009040596835889494
RP11-732A19.1,0.0009040092902595807
AC009227.2,0.0009032443936956894
RARRES2P2,0.0009030090972442895
RNU6-1333P,0.000902770788088318
GLT6D1,0.0009025399042804176
CPSF1P1,0.0009024045868061948
RP11-94B19.1,0.0009023586147074824
CTC-558O2.1,0.0009020172493707151
RNU6-107P,0.0009020005651993157
LINC00423,0.0009019519207310579
AP002954.3,0.0009017285251686778
RP11-100G15.7,0.0009016648494020448
DUXAP1,0.0009014185505305166
EIF1AXP2,0.0009011716512404552
Y_RNA,0.0009009612731469794
RNU7-48P,0.0008999898138337938
AGGF1P8,0.0008997450193363459
RP11-430E17.1,0.0008980174705010869
RP11-598D14.1,0.0008979632338249053
RP11-16D22.2,0.0008979445688076482
RP11-344B5.3,0.0008973465682003793
RP11-272B17.1,0.0008973437137826206
RP11-588F10.1,0.0008972508205011087
RP11-344B5.4,0.0008970335010954642
CRABP1,0.0008966846186406693
RP3-365I19.2,0.0008962325761374525
AL121578.2,0.0008959178804694204
RP11-359D14.3,0.0008950676638215409
SNORD113-8,0.0008940779803808672
MTCYBP22,0.0008940134006838375
MTND4LP31,0.0008930999537488885
RP4-591B8.3,0.0008917363542960713
RP4-597N16.1,0.00089134039065269
RP11-547C13.1,0.0008911476349425002
MIR219A2,0.0008903662469708527
RP11-876F14.1,0.0008902786093408307
OR10AC1,0.0008884005883658356
ACTRT1,0.0008882560600373803
BSND,0.0008880667274991773
RP11-326L9.1,0.0008875356423782778
KIR3DL2,0.0008870849288456605
C2orf71,0.0008867152166782442
RP11-719N22.2,0.000886673688846225
GS1-306C12.1,0.0008864815983922347
ARHGAP26-AS1,0.0008857841394638286
KLHDC7A,0.0008848536350558625
RP11-66N11.6,0.0008845720309150765
TUSC5,0.0008842000424634989
RPL31P20,0.0008841270640813887
RNU6-831P,0.000884085400329047
RP11-263K4.3,0.0008835175363751801
RP11-321M21.4,0.0008833250142857989
Metazoa_SRP,0.0008831116329986048
CACYBPP3,0.0008830962873811676
NPM1P49,0.0008824146490162472
RP11-276M12.1,0.0008820157640375147
RFPL4AP3,0.0008815619151942531
RP1-45I4.2,0.0008815335295903444
CTD-2049O4.2,0.000881338287506761
HNRNPDLP4,0.0008810916016626198
RP11-397C12.1,0.0008810426644269091
RP11-1029J19.5,0.0008803852472167868
FAR2P1,0.0008802672914635097
DUX4L26,0.0008799149273496802
OR10AB1P,0.0008795811738430524
GSN-AS1,0.000879181798436834
KRT17P6,0.0008790522646428854
RP11-383C5.3,0.0008784910044591204
RNU6-1019P,0.000878167111324636
RNU6-1081P,0.0008781536482532822
RP11-58O9.2,0.0008779865958536973
FAM223A,0.0008779032083716072
RP11-377G16.2,0.0008777607488427604
ZNF877P,0.0008766950715944508
BET1P1,0.0008765256172318791
POU5F1P5,0.0008760916667832968
AC123900.2,0.000875885657145455
RP11-270M14.1,0.0008758083062278756
CTC-575I10.1,0.000875512996274046
RP11-200A13.3,0.0008736675898857845
SRGAP3-AS3,0.0008736197208653658
RP11-280H21.1,0.0008730870569390855
KB-1125A3.11,0.0008723595956701397
OMD,0.0008723167232215289
RP13-582L3.4,0.0008721838941654245
RP11-507M3.1,0.0008721018114660962
DLGAP2-AS1,0.0008714258638029217
MBD3L1,0.0008714188905447525
RP11-512C24.3,0.000870813353548636
RNA5SP394,0.0008707370832043453
EEF1A1P39,0.0008707360530945513
OR1M1,0.0008705602229501033
KC6,0.0008700773481718283
RP11-266L9.3,0.0008700033225442895
MAGEB6P1,0.0008700004096291508
BHMT2,0.0008692272636510556
RP11-328P23.2,0.0008691926809320706
RP11-1113L8.6,0.0008690595155331923
AK7,0.0008688524964947958
RP5-1042K10.12,0.0008680491492277867
RP11-120K18.3,0.0008679195049668202
RP11-340I6.8,0.0008675001176384871
CTD-2515H24.4,0.000867337306046337
RP11-196D18.1,0.0008671952475253001
RP5-1077I2.3,0.0008670581970244048
RP11-284J1.1,0.0008658681615729112
PRR18,0.000863791034906771
PTGER4P3,0.0008623682236456735
RP11-255A11.4,0.0008621929716022482
RP11-206L10.4,0.0008603151754471726
RP11-331G2.6,0.0008594969169812998
RP11-470L19.2,0.0008594492888204095
MTND1P34,0.0008592765360104117
P4HA2-AS1,0.0008592677627902691
AC007879.3,0.0008591595899747511
CTD-2007A10.1,0.0008577603086030315
RP11-486O13.2,0.0008576733997268751
ACP7,0.0008563327043596026
RP11-1026M7.3,0.0008553180416716363
LINC01532,0.0008551172047586837
RP11-397C18.2,0.0008543086923595803
RP11-10C8.2,0.0008542975731191213
RP11-322L17.1,0.0008538608714167492
RN7SL168P,0.0008531586142550352
RP11-44F21.5,0.0008531437361505744
RNU6-246P,0.0008528123437411231
SNRPCP13,0.0008519220557914228
VN1R51P,0.0008517872367432938
RP11-286E11.2,0.0008517675035990382
CTB-37A13.1,0.0008516117019616371
Metazoa_SRP,0.0008515395424502678
CTA-280A3.2,0.0008509532555013735
RP11-210K20.6,0.0008496545491112942
RP11-1036E20.9,0.0008495327153703481
RP11-424I19.1,0.0008483110234047762
RP11-90P5.1,0.0008480159278251841
RP4-753D4.2,0.000847450735819033
VTA1P1,0.000847404719099235
GDF7,0.0008466286800445909
RP11-14N9.2,0.0008460248890659415
CACNA1C-AS1,0.0008455877515717909
RP4-743O11.1,0.0008450852971048962
CTD-2216M2.1,0.0008447246473269071
RP5-897D18.1,0.0008441927935624868
RP11-515O17.3,0.0008439241154365118
AC060834.3,0.0008435530190482887
RP11-839D17.3,0.0008428376197446837
RP11-285F16.1,0.0008427428536202695
ALOX15P2,0.0008425460168303081
RP5-921G16.1,0.0008425319721008621
FEM1AP3,0.0008419482547673788
RP11-58A18.2,0.0008403418332471655
LINC01507,0.0008403250934179516
RP11-321E2.5,0.0008403203243397545
RN7SL713P,0.0008397553109969938
YPEL2,0.0008390477511509318
RP13-415G19.2,0.0008388502014864316
IGHG4,0.0008387173206688055
RP11-213G21.2,0.0008386710384218632
RP11-724N1.1,0.0008382966517799409
RN7SKP153,0.000837998870998284
SCARNA24,0.0008370156285324627
GS1-18A18.2,0.0008362704127241888
KRTAP3-2,0.0008349362495126529
IQCF3,0.0008329492765023074
CTD-2533K21.2,0.0008327375756573823
LINC00264,0.0008324919993057439
CTD-2576N18.1,0.0008324317392473729
CTD-2639E6.9,0.0008324255000583696
RP11-110H1.8,0.0008323305168773676
RP11-400F19.8,0.0008322392597598402
RP11-1057B6.1,0.0008320847912523431
AJ006995.3,0.0008316208581037952
AC006372.5,0.0008315198054122863
MIR4506,0.0008313786344794765
RP11-363G15.2,0.0008310984448488563
RP11-305P14.1,0.0008307124255983807
RP11-889D3.2,0.0008305441972716106
AC012123.1,0.0008302300879890009
RP11-35J10.7,0.0008300545793740147
RP11-269G24.2,0.0008298815688457328
PRDM12,0.0008294215229614762
AC113167.2,0.0008292251594208579
RP11-1H15.2,0.0008287311564132383
Y_RNA,0.0008286299789562222
RP11-377H23.1,0.0008284055790956102
AC007386.3,0.0008282941681161562
RP11-1105O14.1,0.0008280815772102199
RP11-182J1.13,0.00082679255013718
CTD-2527I21.15,0.0008257622607800663
RP5-1028K7.1,0.0008236109487385607
NAV2-AS3,0.0008232389457354872
GS1-124K5.7,0.0008225919305877146
RPL35AP26,0.0008224963390683359
ZSCAN4,0.0008224374170347441
MYH8,0.0008222344925312002
RP11-196H14.2,0.0008222241077713419
RP11-365H22.2,0.0008220016358158067
RNU4-28P,0.0008219239202089065
RP11-180M15.6,0.0008218257106114228
RP11-307L3.4,0.0008214873301539753
RPS26P41,0.0008199624919458806
RP11-864J10.2,0.0008198285363611829
CACNA1C-AS3,0.000819823832663255
CTD-2272D18.1,0.0008185228279662829
CYP24A1,0.0008184077960807073
RP11-96O20.2,0.0008174192322314351
ZFP57,0.0008172634565505918
BNIP3P36,0.0008171681928827056
AC007163.3,0.0008171393958392565
FRG2FP,0.0008169927771059482
RP11-69L16.6,0.0008168987184472276
CAPNS1P1,0.0008168134712561253
GULOP,0.0008165846229907802
MTND2P16,0.0008163299476469604
RP11-673E1.3,0.0008159865702044615
FBXO34,0.0008157924814668885
LINC00879,0.0008152848815765459
FAM138E,0.0008151838963942162
RP11-446E24.3,0.0008148162200845676
NCAPGP2,0.0008143026859375722
RNU6-562P,0.0008142653496171888
HLA-N,0.0008141307990739118
RNU7-47P,0.0008131779061151663
CTD-2184D3.3,0.0008124858145899411
AC093326.3,0.0008117452305556355
RP11-60H5.1,0.0008111216527571416
RGPD4-AS1,0.0008110744819965816
MIR561,0.0008108767527554431
RP1-267L14.3,0.000810672333076039
SLC36A2,0.0008105292289660384
RP11-473E2.2,0.0008104484775384693
CCDC92,0.0008089507879466201
COL10A1,0.000808881279905433
RN7SL833P,0.0008087594758010106
RP11-276H19.2,0.0008080639143173615
ERVH48-1,0.0008078470149887866
OR7E109P,0.0008076212957806763
FCRL4,0.0008072049748202987
RP11-736K20.4,0.0008069252342109333
MIRLET7A2,0.0008063798194961993
RP11-1081L13.3,0.0008061379744396639
Metazoa_SRP,0.0008060838689716772
RP11-119H12.3,0.0008060165632857026
RP11-145G20.1,0.0008058268807024552
RP11-31I22.3,0.00080554210392878
FAR1-IT1,0.000805233501696552
RP11-981P6.1,0.0008049844704703266
RP11-259P20.1,0.000804904086324933
PEX5L-AS2,0.0008039235543538498
RNU4-55P,0.0008038403566551679
RP11-667M19.9,0.0008033103052544386
RP11-53O19.2,0.0008032940271225124
USP9YP3,0.0008027910371016854
MTCYBP34,0.0008027419425367908
AC011343.1,0.0008027096293050864
RNU1-120P,0.0008026021765611776
SCN10A,0.0008015940481793264
MIR6856,0.0008013486650421879
RNU6-1316P,0.0007989457169116272
CTD-2058B24.3,0.0007989172354651869
FAM47DP,0.0007988514572850755
FZD9,0.0007985426121762804
RP11-107I14.4,0.0007979749412553005
RP11-402C9.1,0.0007977604884789358
PIWIL1,0.0007975661349124623
RP11-481C4.1,0.0007967977915833452
RP11-883G14.3,0.0007966999853937227
AP000867.14,0.0007962865711320859
LINC00864,0.0007962722978683642
ADPGK-AS1,0.0007956162311317767
FAHD2P1,0.0007955461218051198
DIO3OS,0.0007953368400441648
AC034228.4,0.0007945895330941379
RP11-680E19.1,0.0007941241758029537
SUPT20HL2,0.00079398802161971
RP11-426J5.1,0.0007938367430050821
SPATA8-AS1,0.0007931171375385237
MIR4294,0.0007926092445748571
RP11-219F10.1,0.0007926061004805032
MIR559,0.0007925154817060883
RP11-674I16.2,0.0007921977388439206
RP11-593F23.1,0.0007920811826717984
MIR483,0.0007915362503819375
RP11-329N22.1,0.000791494390677956
LINC01103,0.0007908826139711441
RP11-108K3.4,0.0007904589734213436
RP11-564D11.3,0.0007901441214853016
RP4-784A16.1,0.00079006971537402
RP11-416N2.3,0.0007886182767969032
TEX15,0.0007878790222012246
RP11-196B3.2,0.0007868794088460273
RP11-12K22.1,0.000785827598420828
RP11-736E3.3,0.0007853433401099123
RP11-94P11.4,0.0007847323933676408
RP11-154H23.4,0.0007846532264577414
RNU6-539P,0.0007844036367222277
PACRG-AS3,0.0007840864577212634
DYNLL2,0.0007837113342164635
TESMIN,0.0007834376670576717
SPACA1,0.0007815211334408069
SNORD113-4,0.0007808148307662586
RPL18AP2,0.0007801311174703833
CCNG2P1,0.0007800198447368413
LINC01597,0.0007798673291041699
RAI1-AS1,0.0007796169135105156
CLVS1,0.0007794130149269237
CTD-2126E3.4,0.0007791709919018092
uc_338,0.0007786881046229577
RP11-379F4.1,0.0007783202448029177
SLIT2-IT1,0.0007782409129625786
RNU6-430P,0.0007771405377323417
RP11-453N3.7,0.0007771243217280366
RP11-266L9.5,0.0007766208539734677
PCP4,0.00077656407425333
RNU6-438P,0.0007736080556905323
RPL26P3,0.0007732826209006878
KCNQ5-AS1,0.0007731987237037764
HHIP,0.0007714181149163384
RNU2-57P,0.0007710367724863442
RNU6-188P,0.0007709132241291543
BTBD8,0.0007705957447859287
MIR572,0.0007704946775951938
PPP6R2P1,0.0007702875579082542
RNY4P25,0.000770091337449657
AC092013.1,0.0007698032339117516
LINC00434,0.0007693354465641837
RP11-300J18.2,0.0007693066604733393
MTCO3P38,0.0007692905893749338
snoU13,0.0007686291639183996
KRTAP1-3,0.0007681991313730965
AC012506.2,0.0007678786076543739
RP11-438O11.1,0.0007677886035795271
RNU11-3P,0.0007674063472450765
RN7SKP250,0.0007673048223812802
CYP2A6,0.000766562868479621
LINC00866,0.0007665614813517119
RERGL,0.0007665409998998997
RP5-1067M6.3,0.0007661803905201595
KRT79,0.0007660269248717206
RP11-51M24.1,0.0007656838831464336
SLC25A51P1,0.0007656690212951643
MRPS6P2,0.0007655717453787979
LCA10,0.0007653600579650202
RP11-260M19.2,0.0007649809411723298
RP11-21A7A.2,0.0007647649535914273
RP11-168E17.1,0.0007635199907531779
Z82214.2,0.0007627844466040353
RPS26P49,0.0007623372029535672
RP11-338L22.2,0.0007623151281499254
ANKRD62P1,0.0007620859548425743
GUSBP5,0.0007611359978449252
RNU6ATAC40P,0.0007609943826207448
ZNF469,0.000760323708608427
RP3-331H24.4,0.0007603173442646084
RP1-4G17.2,0.0007598111442551858
AC068489.1,0.0007589853242275878
MIR4482,0.0007587082409644749
KRTAP21-1,0.0007578008323099824
RP11-384F7.1,0.0007574129134726347
RP11-401N18.1,0.0007573169842092679
AL117190.1,0.000757291020315663
RP13-580B18.4,0.0007571691041575689
RP11-332J15.2,0.000756805103207221
HSPE1P16,0.000755511494169675
RP11-6E9.4,0.0007553932630477374
GPX6,0.0007552747753596503
RP1-209A6.1,0.0007544778475572642
RP11-989F5.1,0.0007540905977652084
AC005758.1,0.0007540810390129821
RNU6-453P,0.0007539816757696772
RP11-120I21.3,0.0007536842853937019
RP11-474D1.4,0.0007517644240252056
AC131097.4,0.0007515691835291545
LINC00540,0.0007507751295312695
RP1-232N11.2,0.00075051057211142
RNU6-419P,0.0007504731439455789
RP11-49I11.3,0.000750148291768184
RP11-31I22.2,0.0007499472147943833
RP11-662I13.3,0.0007493516903941036
AC106869.2,0.0007492378191836625
RP11-278A23.2,0.0007491728436506626
RP11-530C5.2,0.0007480697006930202
CTSLP2,0.0007478022467763502
RP11-359D14.2,0.0007476721473828874
AC016683.5,0.0007476682768701087
CTD-2537O9.1,0.0007475484288669282
RP11-781A6.1,0.0007474746366580354
MIR3663,0.0007453555358009564
RNU7-87P,0.0007453446296086085
Y_RNA,0.0007451335898096121
FGF7P7,0.0007444555115993614
AL360294.1,0.0007441521705490779
RP11-691H4.3,0.0007439390281912504
SNX19P2,0.0007439041641967653
RP11-70O5.2,0.0007435464549201746
ANKRD34B,0.0007434940357768128
RP11-676J15.1,0.0007429473644460932
STAC2,0.0007426672251304477
RP11-336A10.2,0.0007425469719564761
CTA-150C2.13,0.0007422674702307242
RP11-168L22.2,0.0007418553705874713
SPRR1A,0.0007417789952897008
RP11-364C11.2,0.0007416761785988039
SNX29P2,0.0007412066479066833
RP11-223P11.3,0.0007405158168445401
CTA-14H9.5,0.0007404607402909964
AGTR2,0.0007393408907236012
RP11-64C12.7,0.0007392914022972926
SFTA3,0.0007383928079067484
EXOC3L4,0.0007368051523194566
OR1F2P,0.0007365556785720347
CTD-2345H1.1,0.0007359851705590394
PRAMEF8,0.0007349804770438448
AC005559.3,0.0007347103481979969
ELAVL3,0.0007345593497904327
BEX4,0.0007341048289797766
LINC01375,0.0007340564651159853
GCNT1P1,0.0007337313193067261
RP11-886D15.1,0.0007336667929656993
SPIRE2,0.000732627167458152
PTCD2P2,0.0007314010511172604
CARD18,0.0007313406597761344
RP11-78O7.2,0.0007311640465685754
RPL36P20,0.0007307421123777613
MIR125B1,0.0007307148960593863
IGFL1,0.0007300360664520083
RP11-55L4.2,0.0007292717748851632
GRAMD4P3,0.0007292598013317716
RP11-578F21.6,0.0007292304654425294
RP11-775H9.2,0.0007289076482615502
XIRP1,0.0007288786535466779
TUBB8P12,0.0007274059930308475
RP11-313J2.1,0.0007272071934903434
AC104777.2,0.0007270364154798283
RPL31P47,0.0007267548988415151
TXNP3,0.0007264200793761934
HBD,0.000726234723542672
CTD-2201E9.4,0.0007253336275281223
AC006129.3,0.0007252014507181111
RP11-402J7.2,0.0007243837540837777
CH507-216K13.2,0.0007239474021069493
CEACAMP3,0.0007239205425974665
RP11-560G2.2,0.0007236361549471523
SNRPCP19,0.0007234238015343244
RP11-109P14.2,0.0007228486941898447
AC068287.1,0.0007221703460147267
RP11-554D14.3,0.0007220238119477558
RP11-20G13.3,0.0007208346068149515
RP11-973H7.5,0.0007206454646930012
RP13-455A7.1,0.0007205314441124145
SDAD1P3,0.000720358443268676
ULK1,0.0007201590869802732
KB-1958F4.1,0.000719971915706552
Y_RNA,0.0007198602642889104
Y_RNA,0.0007192749707029799
CTC-457E21.9,0.0007191946150063945
CTD-2528L19.4,0.0007191835017144822
CCNB1IP1P2,0.0007176865156518057
RP11-401P9.1,0.000717621002388067
CTD-2275D10.2,0.000717593608381319
RP11-322L20.1,0.0007174068377397104
AC097495.3,0.0007165890946010072
PTGFR,0.0007162445068387276
RP5-926E3.1,0.0007159356896508739
RNA5SP435,0.0007157197140398937
PCDHA12,0.000715367802040292
RP11-789C17.1,0.0007152572993641457
RNU6-650P,0.0007150540840497916
RP11-14P20.1,0.0007145746985300345
FAM71E1,0.0007144833269613059
RP11-486F17.1,0.0007138547471886102
SEBOX,0.00071384872065521
ANKRD30BP2,0.0007135335296050267
RP11-348J12.2,0.0007133844981666324
SFTA3,0.0007130975570468698
RN7SKP179,0.0007118753697118161
ANXA8,0.0007116933660844527
LA16c-360A4.1,0.000711181975073601
RP11-538D16.3,0.0007111632250802432
EPYC,0.0007110785114939494
GRP,0.0007110128588188949
RP11-300A12.2,0.0007106887085871377
RNU6-1212P,0.0007102848305092264
UCMA,0.0007094266470766586
NOTO,0.0007092231665918274
GLTPD2,0.0007091477895366695
RNU6-520P,0.0007091307641085093
PRAMENP,0.0007089030152950936
ATP6V1G1P4,0.0007088369970945888
MAB21L3,0.0007087805372617816
RP11-327J17.2,0.0007083979345308531
CCL3,0.0007081415965911784
CHMP1B2P,0.0007079302848703058
FAM25G,0.000707749388914127
RP11-482L11.1,0.0007076128382301285
RP11-91H12.4,0.0007071516097648037
CTD-2252P21.1,0.0007058762927862844
RP11-132A1.3,0.0007056414963555326
RP11-96C23.12,0.0007056300953596118
KRTAP5-4,0.0007050794251770589
TNFRSF25,0.0007050263437250612
RP5-877J2.1,0.0007049433884451937
RP11-14C10.6,0.0007047744110034125
KARSP2,0.0007040793341112631
APOL5,0.0007040290477083834
RPS20P23,0.000703985174028782
MYHAS,0.0007039158584201137
RP11-614F17.2,0.0007031113084337591
GUCY2GP,0.0007022120264504545
RNU6-506P,0.0006999718622132503
KB-1572G7.4,0.0006999144027833379
LMBRD2,0.0006998324532635047
RP11-491F9.1,0.0006995727278364727
RP11-25C19.3,0.0006995172796789681
RP11-350E12.4,0.0006993146019677306
RN7SL402P,0.0006984196524987351
PCDHGA5,0.0006982867814692052
RP11-541F9.2,0.0006982252188729994
OR13C1P,0.0006980320666478216
CHCHD2P5,0.0006972681401482303
MIR361,0.0006961088947624426
RP11-1166P10.8,0.0006960043864236432
RP11-573D15.1,0.0006957116540606284
CTD-2022H16.1,0.0006955833310601891
KLHL11,0.0006953204475233696
RP11-124G5.3,0.0006952639976960207
RP11-565N2.1,0.0006952536041413129
SOCS7,0.0006948910906986505
RP3-399L15.2,0.0006945453625487572
OR2N1P,0.0006945438888974238
RP11-688I9.5,0.0006939637707947051
KRT18P34,0.0006939408433291215
RP11-734K21.3,0.0006937183430471844
AL162426.1,0.0006932766991135134
RNVU1-3,0.0006921980787654503
KRT14,0.0006921691539497096
CTB-1I21.1,0.0006921287174993122
HCG4,0.0006918319260008197
CNN2P6,0.0006915528677678843
NDUFB5P1,0.0006913521751963131
PPM1E,0.0006912217111908772
RP5-945F2.2,0.0006911449931832429
NPTX2,0.0006909910437867336
RP11-93B14.6,0.0006907543971750475
RP11-465B22.3,0.0006907013748541253
AC007679.4,0.0006906596059884399
RP11-93H12.3,0.0006901614856268028
MTND5P4,0.0006901292804136259
MTND4P16,0.00068994732057211
FOXN3-AS2,0.0006895037598386914
MIR4505,0.0006892200704653873
RP11-1151B14.2,0.000688786936697404
DBP,0.0006886855347709748
CTB-181F24.1,0.000687811166980542
BSNDP1,0.0006877133441972352
TMEM249,0.0006876346254230711
UBTFL10,0.000687485521509646
OR2M5,0.0006870156761146516
PAIP2B,0.0006867394062331644
MIR6779,0.000686645788654375
RP11-583F24.5,0.000686616519252121
WNT2,0.000686037012115872
MBL2,0.00068590576514665
RP11-133M8.3,0.0006852987520351527
RP11-167N24.3,0.0006849451627227164
FAM231B,0.0006845484347832306
RP11-677O4.2,0.0006844402542414912
SPX,0.0006843893013074847
RN7SL791P,0.0006833455859673144
Metazoa_SRP,0.0006830453097144765
RP11-136F16.2,0.0006828472168096544
SGCG,0.000682719410134314
RP11-325L12.5,0.0006826980696652174
RP11-293G6__B.8,0.0006819514354823214
IFNA2,0.0006811420263485633
RP1-215K18.4,0.0006806851939197202
RP11-302M6.5,0.0006803802485332963
ZMIZ1-AS1,0.0006803143956140861
RP11-210K20.2,0.0006801190102448125
MTCO3P4,0.0006800022873822759
RP11-327L9.1,0.0006798124222743892
CTD-2296D1.2,0.0006798050738037824
MIR7156,0.0006796057631515955
MRVI1-AS1,0.0006795554277041468
RP11-359E8.5,0.0006794031782777827
PLA2G2E,0.0006787510181644971
WFDC6,0.0006775009691961973
LINC00701,0.0006765447422119144
RP11-131H24.4,0.0006750830254823471
PCAT18,0.0006750659859563705
RP11-144G6.4,0.0006750442930893673
FGF19,0.0006748514119417286
CTD-2140G10.2,0.0006745248972437552
RP1-272L16.1,0.0006744880249395334
RP1-193H18.2,0.0006738339973514984
SIAH2-AS1,0.0006737531769748052
RP3-354N19.3,0.0006734656864384785
RP11-964E11.2,0.0006721048078610415
HMGB1P36,0.0006720710276870856
RP11-654C20.1,0.0006718886510922676
RP11-438D8.2,0.0006715718998184948
Y_RNA,0.0006711030744163177
RNA5SP146,0.0006682661731024767
IGHV3-35,0.0006682470258543709
ADARB2-AS1,0.0006682101706554456
CTC-412M14.6,0.000668105799745782
RP11-366H4.3,0.0006680387410417953
RP11-132M7.2,0.0006675845859472453
TREML5P,0.000667245363833887
AC073094.4,0.000667040506626749
CDH12P2,0.0006669350243342304
AC079305.11,0.0006668240070622498
PABPC5-AS1,0.0006664317865800895
ZDHHC11B,0.0006661149118135208
CROCCP1,0.000665921554873233
RP11-442P12.2,0.0006658933129108742
RP11-393I23.3,0.0006657287988428216
RP11-862G15.2,0.0006649244013811355
RP4-676L2.1,0.0006648812789603024
Y_RNA,0.0006637416515855317
RP11-4O1.2,0.000663566390265699
CTD-2373J6.1,0.0006632606418139615
RP11-609N14.1,0.000663084052817586
ATP5F1P2,0.0006630587871896915
RP11-404O13.5,0.0006611684483684929
LDOC1,0.0006607483431391572
DNAJA1P4,0.000660653600027999
MIR5092,0.0006604303107755364
RN7SL466P,0.000660418188688966
MIR1293,0.000660389918467515
OR1Q1,0.0006601581521702475
RP11-510C10.2,0.0006599755467394931
LRRC14B,0.0006598917394903727
AC002128.5,0.0006587872856326115
RBM22P13,0.0006586057296231751
NDUFA5P10,0.0006581545070797212
RNU6-610P,0.0006575203963733615
RNU6-969P,0.00065693657684089
CACNA1C-AS4,0.0006562958017369084
PRSS56,0.0006559925507498673
RP1-90G24.11,0.0006559234611929963
RP11-545E8.1,0.0006558172149854301
XXbac-B562F10.12,0.0006554165676616305
RNA5SP85,0.0006551783503346094
CTD-2589M5.4,0.0006516354466259754
MIR4736,0.0006512922529703263
SLC25A15P1,0.0006512431307409767
RP11-208N20.1,0.0006511930452260598
RP11-9G10.1,0.0006511534285898782
RP11-983C2.1,0.0006510304160742734
CTD-2526A2.4,0.000650686827033289
KPRP,0.0006502364731002652
FAM230B,0.0006501275953140306
AC063976.3,0.0006495968931363341
RP11-490B18.5,0.0006494269100322668
SNORA44,0.0006491551846712589
AC012593.1,0.0006486995486172412
RNU6-466P,0.0006486077726188772
RP11-1B20.1,0.0006484599980824334
CTB-23I7.1,0.0006484561520617461
AC011330.5,0.0006482003689371689
RP11-2L13.1,0.0006477789608732013
RPL7P29,0.0006475811439271673
CEACAMP11,0.0006473449326460919
SLC25A21-AS1,0.000646852594707764
GPR62,0.000646337085875831
RP11-654C22.2,0.000646031333665942
RN7SL344P,0.0006459965993768093
DIO3,0.0006450397761717444
MIR374A,0.0006448508541039261
AC067969.1,0.000644595320956373
RP3-522J7.5,0.0006443574969027693
RP11-388K12.2,0.0006439318639458922
AC079150.3,0.0006435695701894895
MIR5696,0.0006433113520833227
Z69666.2,0.0006421562731865239
HMGB3P14,0.0006420069528671676
CTD-2104P17.1,0.0006403547538894786
CTC-338M12.9,0.0006398269653180597
CTC-218H9.1,0.0006396441978768096
MAGI2-AS1,0.0006384078744554903
RNU1-47P,0.000638036655835485
RP4-781K5.5,0.0006371216906189686
RP11-120K19.3,0.0006366645004662819
RP11-805J14.3,0.0006362078699974353
RP11-383C5.5,0.000636199974664815
CTD-2313J17.7,0.0006361394169241613
MIR4297,0.0006353616493483583
RP11-731D1.1,0.0006347783219043272
RP11-45K10.2,0.0006345515409722926
AC087430.1,0.0006344849941866348
RP11-510C10.4,0.0006340504438304882
MIR4667,0.0006335344528466732
GLIS1,0.0006333403690142928
GP9,0.0006328351908833584
AC004692.4,0.0006326325269037019
RP11-473E2.4,0.0006323313868112763
RP11-459D22.1,0.0006321759228416728
RP11-809N8.6,0.000632103470534595
PNLIP,0.0006317922307794827
RP11-386G21.2,0.0006314530464884169
SLC25A24P2,0.0006307821620415154
RP11-263K4.1,0.0006307078598442065
RP11-63A1.2,0.0006306299618605306
CTB-105N12.2,0.0006304952934082222
ZCCHC13,0.0006303711271829649
MIR592,0.0006299446387835521
RP11-150O12.5,0.0006298289007048549
RPS17P13,0.0006292499781399578
DCSTAMP,0.0006291753978013116
RP11-378A12.1,0.0006286529096429848
RP11-281H11.2,0.0006285056227822496
RP11-375A5.1,0.0006283854780652862
IGLV1-62,0.0006278911521622598
RP13-492C18.2,0.0006278594673906443
AC005009.2,0.0006278546774139268
RP11-342H21.2,0.0006278472818875805
RP11-50D16.4,0.0006266950653073209
RP11-648K4.2,0.0006248111413547942
RNU6-548P,0.000624759730819249
ZNF833P,0.0006243506745874632
CEACAMP6,0.0006240028485264068
LHFPL4,0.0006224887560463551
RERG,0.0006223843601151043
RPL35AP15,0.0006220425172237925
NOX5,0.0006217739575582155
MIR450A1,0.000621439028990554
ARMC2-AS1,0.0006214258619266417
LINC01153,0.0006211862829184147
HMGA1P7,0.000620951517913544
DNM1P51,0.0006207916307943598
RP11-393I2.2,0.0006204154587097787
OR2AM1P,0.0006203825202623555
LINC00560,0.0006203672489137107
RP11-370K11.1,0.0006202266010682043
RP11-140A10.3,0.0006200074402273042
RP11-403P17.2,0.0006195610243878587
RP11-715L17.1,0.0006192580900385954
MIR597,0.0006188722815686353
HES3,0.0006188167724962366
CRAT8,0.0006186884591705132
RP11-690G19.4,0.000618361545347589
RP11-161M6.3,0.0006175737439144479
PPP1R3A,0.0006174015880806502
RNU6-1181P,0.000616676374705577
CLC,0.0006166202267052534
MRGPRD,0.0006163205631464007
BX322557.13,0.0006155122946311805
MTND4P34,0.0006149104992786038
RP5-823G15.5,0.0006147094507171507
CTC-518B2.8,0.0006146549906173131
RP11-150O12.4,0.0006141909922337915
CROCCP5,0.0006141897335678608
RP11-686D22.2,0.000614060525464113
AC005009.1,0.000613098493960569
ANKRD66,0.0006127156135858785
MIR4323,0.0006126045477744955
RP11-46I1.2,0.0006122693540218517
uc_338,0.0006121888273335131
RP3-471M13.2,0.0006117551755286521
LINC01583,0.0006110238796037598
KRTAP5-1,0.0006097147015112502
RP11-111F5.8,0.0006096815595488117
LA16c-380A1.2,0.000608472720846858
KIR3DL3,0.0006083053531979721
KRTAP19-8,0.0006080698717668925
AC018816.1,0.0006078714964528628
AC133633.1,0.0006076686756605027
GGT3P,0.0006076614669186864
SNORA18,0.0006073501292079924
RP11-179A10.2,0.0006071923211776602
NDUFS5P4,0.0006069323939273964
RP11-619A14.2,0.00060626231993287
RP11-541F9.1,0.0006058147729732792
RP5-890E16.5,0.0006053843088899525
RP11-318A15.7,0.0006051942911283418
TMEM26-AS1,0.0006038411421706425
ITCH-IT1,0.0006030705844635787
AGGF1P2,0.0006019068185694338
RP11-640N20.8,0.0006019007028125655
RP11-61K12.2,0.0006018363593924508
LINC01596,0.0006017058743936781
CTD-2319I12.9,0.0006015305136178184
RP11-139H14.5,0.0006014187643786292
Y_RNA,0.0006012665972664633
IDI2-AS1,0.000601223040221283
RP11-102D18.1,0.0006011728796720185
RN7SL272P,0.0006008384141978822
OR2C3,0.0006006472799760206
RP11-600L4.1,0.0006002805093931572
RP11-325D15.2,0.0006002558796390312
RNU6-258P,0.0005998003576259362
CTBP2P2,0.0005997950496847045
SNORD116-5,0.0005996209891238519
GCGR,0.0005995569261936608
CTD-2532D12.4,0.0005994107542001088
TH2LCRR,0.0005991546531436379
AC003973.4,0.000599144060200916
MIR1179,0.0005989985015327379
RN7SKP69,0.0005989221015298437
CTA-444M12.3,0.0005988432144872191
RP11-1338A24.1,0.0005985054114462695
VENTXP7,0.0005978164717304393
ADAMTS19,0.0005971017019586236
RNF150,0.0005968262283888621
GPR79,0.0005959907137034932
LINC01339,0.0005957965895957197
snoU13,0.0005956353132485634
NKAIN1P1,0.000595230239650559
MIR4769,0.0005946818995603848
RP11-712P20.2,0.0005944511707429148
RNASEH1P1,0.0005939557513290986
RP11-204E9.1,0.0005937643186595133
MTCYBP4,0.0005935835302851656
RP11-1100L3.8,0.0005935607445067579
RP11-844P9.4,0.0005930242942328301
OR7E89P,0.0005930017817078933
RP11-115D19.4,0.0005924983619022557
RN7SKP163,0.0005921791953807465
WNT9A,0.0005920146826002791
C20orf203,0.000591904955526322
TRAJ1,0.0005913327414378439
LYPD2,0.0005911303305951713
RP11-386M24.6,0.0005909366101011088
PGBD4P1,0.0005908923666030721
AC008271.1,0.0005908884223718261
RP5-1103B4.3,0.0005904042768123455
RP1-73A14.1,0.0005902831830808796
CXCL17,0.0005901420583458748
RNU6-318P,0.0005900561915883067
RP5-1136G2.1,0.0005895449222659097
RN7SKP197,0.0005883907583170542
LINC01299,0.0005879973501313714
RP11-146F11.3,0.0005879807257956823
RP11-474L11.5,0.0005876372664122339
MIR4714,0.0005873583653617023
RP11-109J4.1,0.0005866925629327529
RP1-249I4.2,0.0005861634668338816
KRT89P,0.0005857577766720409
AC063976.1,0.0005857138165952148
NKX1-2,0.0005855322418580833
MAL,0.0005831786939409432
AC091813.2,0.0005821661975179618
LINC01561,0.000581842284377656
RP11-321M21.3,0.000581532722838361
RP11-478C6.6,0.0005806639335983378
TM4SF4,0.0005800607472282257
MIR3147,0.0005798156200010152
RP11-216P16.5,0.0005794034105352505
AC005537.2,0.0005784680276776999
C18orf15,0.0005784259876208704
RNU1-38P,0.0005767817442540494
OR6B1,0.0005765623699740832
RP11-250H24.7,0.0005765217051883119
RP1-10C16.1,0.0005761917756610525
VN1R12P,0.0005755862401310121
CTSLP6,0.0005755034942406178
RP11-96C23.14,0.000575417603562582
RP11-461L13.4,0.0005752651504816998
OR3A2,0.0005748768521408061
Y_RNA,0.0005747764421353475
5S_rRNA,0.0005747533030900008
RPSAP38,0.0005747141305657227
SYNPR-AS1,0.0005745649610180791
RP11-347L18.1,0.0005743265368497442
CCL27,0.0005741236119244089
RP11-535A19.1,0.0005741232876621075
BNIP3P38,0.0005732524949134221
RP11-60C6.3,0.0005725442454986886
RP5-837M10.2,0.0005722902026480766
TRAPPC12-AS1,0.0005719372104536011
RP11-383B24.3,0.0005715329860664232
RP1-140C12.2,0.0005711823635101083
RP11-228G3.1,0.000570723427389013
RP11-509E10.1,0.0005704089320446014
AC005041.11,0.0005701985278693225
CEACAMP5,0.0005701222758646636
MIR7856,0.0005698888820347888
MYH1,0.0005691828897499319
ZBTB45P1,0.0005689496958176575
CTC-525D6.3,0.0005685204524686594
HRG,0.0005683905619822073
PRICKLE2-AS2,0.0005674313662204665
MIR7845,0.0005665274085175905
RP11-719L21.1,0.000566304175249682
CYCSP23,0.000565684540982785
RP11-80I3.1,0.0005654754698333017
RP11-1K3.1,0.0005642641015464923
RP4-791M13.4,0.0005639527564280122
AC010468.2,0.0005637200752000187
MTCO3P9,0.0005636688567823483
AC019048.1,0.0005635992594076761
AP002414.1,0.00056340369525026
AC007618.3,0.0005631944108531978
RP11-383J24.1,0.0005628568439068526
BOK-AS1,0.0005624556524913445
RP11-160N1.11,0.000561895132495513
MIR5687,0.0005614901347037695
RN7SKP25,0.0005613900121088734
MEP1AP4,0.0005609931512292086
RP11-81H3.2,0.0005608984793908164
RP4-555D20.1,0.0005607011513208591
CTD-2313N18.8,0.0005606234783447849
RP11-167P20.1,0.0005605383268217789
RPL35P6,0.0005601921712049144
RP13-578N3.3,0.0005596536309055294
RP11-396O20.2,0.0005594265219769828
MIR1262,0.0005593766795002662
RP11-399K21.5,0.0005589471103310613
RP11-501M7.1,0.0005587119874746643
AC010907.2,0.0005585867828762604
RP11-142I2.1,0.0005584484671924939
CTC-353G13.1,0.0005581795343342192
RP11-645C24.4,0.0005581563260829346
STH,0.0005574686472042613
CTD-2265D6.2,0.0005570203131441158
IL1RAPL1,0.0005565744498990526
LL22NC03-27C5.1,0.0005549443691465315
AC103563.9,0.0005545290387243665
RP11-759A9.2,0.0005539737588271226
RP11-342A23.2,0.0005538255139232706
ST6GAL2-IT1,0.0005536892449712647
SNORD74,0.0005534849207012066
ADAD1,0.0005524818916653941
MIR942,0.0005519858668744837
RP11-202K23.1,0.0005513395518550666
AC073133.2,0.0005507090745927439
SNORA70G,0.0005506459095224893
ADAMTSL5,0.0005505889195606973
RP11-364C11.3,0.0005503139814744637
IFNG-AS1,0.0005500883834419624
Y_RNA,0.0005497571522872926
LINC01230,0.0005492915284691859
LL0XNC01-73E8.1,0.0005492041476702011
PSG3,0.0005491716066036498
AP000290.7,0.0005481875742705805
RP11-64J4.2,0.0005479636360951773
DDX3P2,0.0005478008117625842
RP11-348N5.7,0.0005477246040330729
CTD-2324A24.2,0.0005475560723948599
GIP,0.0005474708350339675
FAM83H-AS1,0.0005470326700099533
CH25H,0.0005469857571969702
RP11-672F9.1,0.0005469607472017142
MIR3908,0.0005469463441870295
RP11-759A24.2,0.000546779225334491
RP11-973N13.3,0.0005466235489630018
MTND4P29,0.0005455104762671888
RP11-285E23.2,0.000545302384119031
HNRNPA1P31,0.0005451785707001459
AC006003.3,0.0005449308773212928
RP11-446J8.1,0.0005447937145628811
MTND4LP13,0.0005444115526453974
RP11-356C4.3,0.0005439548061394324
RP3-340N1.6,0.0005439161061626
RP11-798K3.3,0.0005438302902896509
RP11-201O14.1,0.0005436762654146772
RP11-141E13.1,0.0005431811381903179
CLPTM1LP1,0.0005422435413912094
AC008132.15,0.0005417993443458038
RP11-747H12.7,0.0005417857820775795
RP4-676J13.2,0.0005415858188545787
RP11-52J3.3,0.0005414810007873124
CTC-459F4.7,0.0005414013542273551
RP11-580P21.1,0.0005412260588821334
C17orf51,0.0005407826732056023
TMEM132B,0.0005403602312985926
IL22,0.0005400658834759747
MIR548AK,0.000539617027754026
RP4-717M23.2,0.000539541230059227
LINC01608,0.0005392115071006267
RP11-1023P17.2,0.0005390432678363162
GSC2,0.0005383256524058943
RPL17P35,0.0005381468742568116
CALR4P,0.000537730119855041
KRTAP8-1,0.0005370061003395439
RP11-230C9.4,0.0005367091432517554
RP1-95L4.2,0.0005366981290600419
RP11-552E4.3,0.0005360515769020425
RP5-837I24.4,0.0005358982179800694
STS,0.0005354784862996069
AC073257.1,0.0005352720022723472
KRT72,0.0005347265386340139
RP11-158C21.2,0.0005345706289807064
RNU6-871P,0.0005336771808553686
CLCA4,0.0005328716312182489
TRBV5-3,0.0005324889939837037
RP11-454P7.3,0.0005308404819344099
PRR15L,0.0005305725971871928
RNU6-346P,0.0005300077684357417
CTD-2089N3.3,0.0005298934541257755
HSD3BP2,0.000529491339774466
TRAJ45,0.000529303305894216
RNU6-1313P,0.0005288944515064562
RP11-504I13.2,0.0005288838263044543
RP11-637C24.5,0.000528881401866975
RP11-357K6.3,0.000528433801036822
SUDS3P1,0.0005283740794695988
RP11-28G8.1,0.0005279927061045289
HCN2,0.0005278299112301921
RP11-1114A5.6,0.0005269116449399911
RCVRN,0.0005268735036853732
RP11-206P5.1,0.0005267777995713225
RNA5SP159,0.0005259809064316498
MTRNR2L7,0.0005258494493433374
AHNAK2,0.000525080916114966
SMYD3-IT1,0.0005249180068817877
MIR5699,0.0005249086156672509
RP5-1055C14.6,0.0005246615106562576
RP13-93L13.1,0.0005243467494863605
RNY4P36,0.0005237244823673883
RP11-82L20.1,0.0005232347087003662
DNAJB8,0.0005232185927774583
CTC-367F4.1,0.0005228957623815036
RP11-862L9.3,0.0005228761590317858
EIF2B5-IT1,0.0005227780669333525
RP11-506O24.2,0.0005224120398198203
CTB-58E17.9,0.0005222930600994838
RP11-21A7A.3,0.0005217815017254656
CTD-2058B24.2,0.000521705831327316
PCAT5,0.0005209964921169266
RP11-703I16.2,0.0005208740031034418
GALP,0.0005207523007431008
RP4-576H24.4,0.0005206464075385434
RP11-87O11.1,0.0005202884232647503
RP11-567E21.3,0.0005202712897344335
RP11-583F2.5,0.0005202697553644153
SMAD1-AS1,0.0005192746092991336
RP11-70K10.2,0.000519044944883806
AC006989.2,0.0005186593513341956
AL022344.7,0.0005185561089642943
OR5M2P,0.0005184088131818489
KCNMA1-AS1,0.0005171728213476469
VSTM2A,0.000517095968470297
RP11-282I1.2,0.0005170552035557639
RP3-414A15.2,0.0005170333031140575
RP1-163G9.2,0.0005169526805895955
RNU6-618P,0.0005168832972368894
Y_RNA,0.0005165016724931096
RP11-953B20.1,0.0005161634697777459
RP11-467C18.1,0.0005156178488143524
TDGF1P3,0.0005149854370180347
YY1P1,0.000514759478942731
RNU6-918P,0.0005146333435260348
AC005042.1,0.0005143905314084756
RP11-163F15.1,0.0005139666572546315
MIR5191,0.0005136504626540462
RNU6-450P,0.000513407340983401
PUDPP2,0.0005125366890504303
RNU6-904P,0.0005124459236185685
RP13-653N12.2,0.0005115467187162263
RP11-301L8.2,0.0005114807631087614
NDUFB2P1,0.0005110205610727147
ZNF37BP,0.0005109539559771296
RP11-1085N6.3,0.0005108867038567877
RP11-439E19.10,0.0005108462341531283
RN7SL305P,0.0005107906028710059
THAP12P4,0.0005106526394650394
OR10J1,0.0005106494266808688
SNORA73,0.000510020278982836
NPPC,0.0005099985616497423
RP11-673E1.4,0.0005095466388024982
RP11-313P18.1,0.0005095057769496478
RP11-380B4.3,0.0005093497703147513
MTND5P6,0.0005085650023805069
MAGEA9B,0.0005082082194722443
RP11-109A6.2,0.0005074669669825585
AC091814.2,0.0005065920144494596
MTND3P5,0.0005065410348205221
OR13Z2P,0.0005063265211943975
RP4-541C22.5,0.0005059949136249534
uc_338,0.0005051744572607066
KCNK15-AS1,0.0005048507770298064
AC006145.4,0.0005047471838646092
MTCYBP7,0.0005047435345837249
RP4-714D9.2,0.0005043019221931609
RP11-568A7.3,0.0005041790683348228
TMEM257,0.0005031588522460337
RP11-343C2.11,0.0005024780145221511
MIR3679,0.0005024662864902346
KRT9,0.0005023967077702667
RP11-70F11.7,0.0005020350718177729
LL0XNC01-105G4.3,0.0005014452325369078
MIR6757,0.0005011007011803842
RNU6-714P,0.0005010674113331663
RP3-472M2.2,0.0005008360040990382
CCL4,0.0005004366851903422
CTD-2050E21.1,0.0004998834744101557
RP11-311F12.1,0.0004996936684164526
AC144450.1,0.00049955446885216
FNDC3CP,0.0004992092669365649
AP000479.1,0.0004990918281014036
GUCY2EP,0.0004988200180264072
SLC25A1P3,0.0004981193429729945
CTC-286N12.1,0.0004980158149558971
RP11-713C19.1,0.000497958189788549
AC009120.4,0.0004979175073306271
Y_RNA,0.0004978473148532114
RP11-410N8.4,0.0004976704789200706
ARHGEF7-AS2,0.000497516161128758
RNU6-892P,0.0004969986168234706
RP11-344A5.1,0.0004969668593388803
RP11-404G16.2,0.0004965891448010423
OR10A4,0.0004964546883760904
MIR6740,0.0004960076547696652
HMGB1P23,0.0004957126486078315
RP3-407E4.3,0.0004953112325696582
MIR656,0.0004952238854689223
OR7E13P,0.0004950446117439174
LINC01411,0.0004948864439453281
VN1R71P,0.0004935060033128985
PRDM9,0.0004933347552535802
GPR143P,0.0004931391517497615
RDH12,0.0004927449093939363
CCDC110,0.0004926621536759836
AC073133.1,0.0004901871190593854
RP11-494H4.3,0.000490031963102066
RP11-331K15.1,0.0004897141973050753
RP11-754N21.1,0.0004892134313370219
RCBTB2P1,0.0004883115010761671
RP11-143E21.6,0.0004881387964900556
RP11-58O3.1,0.00048785230839992055
RP11-317B17.3,0.0004878027851684851
RP11-508M8.1,0.0004877805328293259
OR13A1,0.00048768231271420503
RANP3,0.00048740014368077445
RP11-761I4.5,0.0004871116793003169
IGHJ3P,0.00048617694214162497
MIR6806,0.0004858342752550094
RNU11-2P,0.0004855733132117825
MIR548N,0.00048547539428030396
RP11-215P8.2,0.000485334800366802
RP1,0.00048518360788238406
RPSAP35,0.00048490710865264566
AL132709.1,0.0004847980959486308
KRT40,0.0004842908363189247
Y_RNA,0.00048378799967696876
RP11-301N24.3,0.00048299534628867374
ITPR1-AS1,0.0004829507660799144
RP11-1003J3.1,0.00048288500008735304
RP11-25I9.3,0.0004826813115485436
Y_RNA,0.00048253282161089426
SCML2P2,0.000482403229663497
CCDC92B,0.00048183901202669975
AC007395.3,0.00048168701791147
SPP2,0.00048113377034488485
DKFZp779M0652,0.00048104284800163424
RP11-142A23.1,0.0004799071736441389
Y_RNA,0.000479900111783759
RP11-302F12.3,0.00047976500595109573
AGAP11,0.0004795949058832724
RP11-510N19.5,0.0004793726708846451
RP11-395B20.2,0.00047871462619134073
RP11-402D21.3,0.0004785120094943194
MSC-AS1,0.000477992099138589
RP11-145O15.2,0.0004778431587289687
RP11-809C18.3,0.0004772820603806353
NHS-AS1,0.00047710305968594617
C18orf63,0.0004762668126779756
ACTL7A,0.00047616816419086155
SPATA31A7,0.00047607364684170626
RP11-875H7.5,0.0004759798356226912
CASC23,0.0004749975580607704
RNU6-1262P,0.00047471726056386
SNORA31,0.00047467369749344153
RP11-284F21.11,0.00047455873130436844
AC018641.7,0.0004743818569422859
AL138751.1,0.0004743199713400884
SCARNA9,0.0004741637383228978
RP11-564A8.8,0.00047402807273688865
SNORA31,0.00047320121690677967
AC144831.1,0.0004723256904568112
AC007271.3,0.00047182493775651754
ANKRD20A6P,0.0004717786525186483
MYPOP,0.0004715239476943004
HIST3H2BB,0.0004711945644703131
OR6S1,0.0004711033915973391
RP6-24A23.7,0.00047091573932014777
RP4-782L23.2,0.0004705938318044585
STRIP2,0.0004705465729537301
KB-67B5.17,0.0004704096298529105
LINC00352,0.00046996979477190756
MIR4734,0.00046919132042735407
KIAA1161,0.00046912901376837006
RP11-26M5.3,0.0004683897121828848
RP11-753A21.2,0.00046835642573437973
RP11-263E1.1,0.0004682689905805194
PATE3,0.00046745867716799764
AATK-AS1,0.00046704557370179015
SMIM21,0.0004669094952037174
RP11-731F5.1,0.0004668261207698693
COX6CP17,0.00046649160545361707
RP11-381O6.1,0.00046643027684952246
CTD-3064H18.4,0.0004662446765202812
RPL12P20,0.00046504554040709763
RN7SL12P,0.00046459753661624566
FAM106CP,0.00046355489683029305
RP5-983L19.2,0.000463293639900067
RP11-10E6.1,0.0004627368888541721
AL162759.1,0.0004626720954455758
PROSER2-AS1,0.00046222710625705806
TRY2P,0.00046172191127485945
TRAJ12,0.00046061315352709627
RP11-359H3.4,0.0004603583872615617
MIR199B,0.00046029042346240867
CECR7,0.00046021845532442533
RN7SL110P,0.0004602045097504263
CICP10,0.00046008867885097217
AKR1C8P,0.0004598867498943115
RP1-30E17.2,0.00045924186811440343
INMT-FAM188B,0.00045919075347126037
RNU2-69P,0.00045905950730017344
CENPVL1,0.00045896651292388446
PLCH1-AS2,0.0004585757762785993
DKK2,0.00045776993646883587
RP11-401N16.2,0.0004577183454936508
RP13-1039J1.3,0.00045676140584165816
KRT77,0.0004562699367389352
RP11-123J14.1,0.00045601753146078605
AP000350.5,0.0004559679391261426
RP1-90G24.6,0.00045592976904908255
NREP-AS1,0.00045588617413959594
RP11-107G24.3,0.00045584140251204785
RP11-342D14.1,0.0004557002868938934
RP11-1033H12.1,0.00045533764909564105
RP11-298D21.1,0.00045506793291784657
RAB40C,0.000454935710130855
RP11-398A8.5,0.0004547951702771165
CTD-2028E8.1,0.00045456767528572937
RP11-109D24.1,0.00045381970136955255
RP3-323N1.2,0.0004529936183875218
AC079117.1,0.0004528343007200874
RP11-23J9.3,0.00045205951815085544
GRHL2,0.00045147939174243056
RNU6-140P,0.0004512337041351115
RP11-295G12.1,0.000451231338724711
KRT18P8,0.0004507258896457839
GOT2P2,0.0004502458173217789
PRR35,0.0004487356123992019
GOLGA8K,0.0004487229900085591
AC005808.3,0.0004484075628648513
GS1-115G20.2,0.0004482858427031016
RNY4P14,0.00044787281491045876
LINC01395,0.00044785750400274505
C22orf29,0.00044784386120266426
MIR425,0.00044754567696260694
NMUR2,0.00044733599404123066
VN1R76P,0.00044708421739204365
RP11-77G23.2,0.0004465791791728349
SCARNA7,0.0004464171492933825
FAM150A,0.0004460305189766734
BNIP3P8,0.0004460213632248021
AC139099.7,0.00044586357467846325
RP11-1072C15.1,0.00044561527875913373
RNU6-106P,0.0004454440145452053
ENPP7P3,0.00044522271525198454
RP11-5N11.6,0.00044518408075702124
RP11-157D23.2,0.0004451806608653733
ETV3L,0.00044489674565816354
LINC01297,0.0004446267220323654
C10orf95,0.0004442475540628322
TRAV8-1,0.000443992005655751
CTC-370J7.1,0.0004439565642757375
AC012314.19,0.0004436418382070415
RP11-264B14.1,0.00044359781403060275
RNY4P6,0.00044354992789168857
DAW1,0.0004431851790792765
RN7SL666P,0.00044277112623041523
CCDC144NL-AS1,0.00044271544818225096
CLDN34,0.00044243178389670625
CDC42-IT1,0.0004421989186152324
RP11-128N14.4,0.00044175620565488463
KRTAP26-1,0.0004414684619412235
SNORD114-2,0.00044094020113256277
RP11-399K21.12,0.00044080310556526245
RP11-202G11.2,0.00043951108261891303
GNA14-AS1,0.00043941441124266037
RNY4P9,0.0004386499624721868
AVPI1,0.0004385902767990895
RP11-293E1.1,0.00043855368739240233
ZNF536,0.0004380120895752529
IL17REL,0.000437983916450744
NT5CP2,0.0004379359395518729
LINC00613,0.00043759638962494787
RP11-249C24.11,0.00043749436631782
HTR7P1,0.00043663027462764037
FAM224B,0.00043650035639197614
RP11-514F8.2,0.0004358622317099731
OR5B21,0.0004356449212443979
RP11-493L12.7,0.00043514770188870914
MBLAC2,0.0004349820776397345
CTC-484P3.3,0.00043419757579216833
HCG9P5,0.00043292882048541503
TAS2R40,0.00043282603143220144
SP9,0.0004312015631079742
RP11-507K2.6,0.00043088980946886824
MAGI1-AS1,0.0004305498751744032
PPP1R14C,0.00043044026723607087
CTD-2588J6.2,0.0004298700805012222
RP11-989F5.3,0.0004296207389195365
CTD-2292M14.1,0.00042874088937866326
RNA5-8SP5,0.000428380062018364
CTD-2583P5.1,0.00042814964264539974
RP11-74K11.2,0.00042760842364121
DDX39AP1,0.00042718202561882116
RP11-568J23.2,0.00042569212873380023
Metazoa_SRP,0.00042415290256024726
HCRT,0.00042364304005534215
HIST1H1A,0.00042295899719555543
RNU6-729P,0.00042276395906116413
IL12B,0.00042251593180789375
CTA-722E9.1,0.00042219532256608923
HMGB1P51,0.0004221605155296855
LRRC72,0.0004214406862131429
AC073551.1,0.0004213086194659205
RP11-114L10.2,0.0004208325668650066
RP11-242G20.1,0.00042048378612788824
Y_RNA,0.00041945053914658944
Z95704.3,0.000418687976200878
RP11-33N14.3,0.0004185024159691737
PSG10P,0.00041748341160447063
RP11-429G19.3,0.00041720532859443945
RN7SL49P,0.0004168388034601786
RP11-329A14.2,0.0004163878286890837
SRGAP3-AS1,0.00041599287261264947
RP11-977G19.14,0.00041573605143970806
RP11-366H4.1,0.00041532599942873706
OR7E85P,0.0004153139969999303
MIR580,0.00041508042494498796
RP11-615I2.3,0.0004127450612542371
LINC01471,0.0004123429816222113
RNU6-95P,0.00041210980568123594
ZPBP,0.0004111135334014985
HMGN1P14,0.0004096296192612151
RP11-119D18.1,0.00040950139942948487
U82695.5,0.0004093244386762107
RP3-422G23.4,0.0004088691491341194
RP11-26L20.3,0.00040884514243186623
RNU6-766P,0.0004088269512331267
VN1R35P,0.00040862261780497637
LINC00633,0.0004085246732939653
RP11-324P9.1,0.0004080579256228747
MIR496,0.0004071242631588461
RP11-514F3.4,0.00040697061225253647
SNORD113,0.0004066711185068154
RP1-134O19.3,0.0004065751772419169
RP3-431A14.4,0.00040560172256333773
RP11-83B20.9,0.00040531020776782685
RP11-127I20.5,0.0004052843402454307
RP11-145A3.2,0.0004051769780912502
RP5-881P19.7,0.0004049800170274478
RNU6-247P,0.0004047835189416397
RP11-573M3.6,0.0004047819299030364
AC005235.1,0.0004045801219013601
RN7SKP249,0.00040439348004321234
SNORA42,0.0004034087484395728
KB-1572G7.5,0.0004032411358996018
RN7SL716P,0.0004030243018981561
RP11-804F13.1,0.0004027090786673053
MIR1256,0.0004026544093981665
RP11-484L7.1,0.0004019606688837924
OR2B4P,0.00040192223380899883
RASA2-IT1,0.00040128695346433347
METTL21C,0.0004011562662938167
RP11-567N4.2,0.0004009426244624545
RP11-130N24.2,0.0003999422208400355
PRSS38,0.00039934847205008516
RP11-410N8.1,0.0003986397418222555
GS1-124K5.8,0.0003984884665591344
RP11-156K13.1,0.00039824284217227055
CTC-229L21.1,0.00039733748445223163
CTD-2008P7.6,0.00039726418892244
RP11-411B10.7,0.0003964326992335986
CTD-2213F21.4,0.0003961788054252486
AC108868.6,0.00039603836233987596
RN7SL496P,0.000395924421720626
BNIP3P18,0.0003958853575982124
AC103563.8,0.00039585121764659884
RP11-1079J22.1,0.000395791175386088
RP11-282M24.1,0.00039573735034099304
RP11-638L3.3,0.0003938493779971461
PIK3C2G,0.0003937518906242696
MT-ND4,0.00039330637370342525
CTD-2349P21.6,0.0003931747665482539
AC005256.1,0.00039211551864108733
RP11-155D18.13,0.0003915586570489131
RP5-1121H13.1,0.00039112238928303684
AC098826.4,0.00039088214728262593
AF121897.4,0.00039057097122051343
AC016710.1,0.00038986261748903944
RP1-45N11.1,0.0003895668553172367
IPMKP1,0.0003895599712185547
RP11-864I4.3,0.00038900176631707857
RP11-46D1.2,0.000388433122933616
TCEB1P20,0.0003884190164385663
RP11-327O17.2,0.00038823657202118853
DCAF13P2,0.00038766151247195997
MIR323B,0.0003865332205973728
uc_338,0.00038632365326127504
GOLGA2P9,0.0003861595839220555
RP11-225N10.1,0.00038606119583181576
RP11-2I17.4,0.0003835728430080588
AP000641.1,0.00038326980812401545
RP11-96G10.1,0.0003832042235022478
CTD-3126B10.5,0.00038298613175242487
RP11-567G11.1,0.000381479185431892
MAGEA8-AS1,0.0003813918384377666
CYP7B1,0.0003810305078743774
RNU6-876P,0.0003808733081808264
RP5-875H18.4,0.0003804907837535744
RNU6-321P,0.00038010835910969704
AC027124.2,0.00037985231818638183
RP11-168J19.2,0.00037964068100700653
SNORA36C,0.00037918110297246945
RNA5SP21,0.0003791340764305908
RP11-65B23.5,0.00037890918230809264
RP11-463J10.4,0.0003786602451962847
snoU13,0.0003786036361311251
DPP10-AS3,0.0003783097587788043
AC018902.1,0.0003781403691959725
LPCAT2BP,0.00037705754115699116
RP11-557L19.1,0.00037620823804459375
DBIL5P,0.00037541092638431606
AC103563.7,0.0003752555979680098
RN7SKP43,0.00037463963893102654
RP11-841C19.4,0.00037395568069046545
FKBP1AP2,0.00037393463872428497
Y_RNA,0.00037378101570115284
RN7SL356P,0.0003735281106695745
LINC01162,0.00037339446821171244
AF011889.2,0.0003732489443125997
UBTFL9,0.0003730886024861783
FAM166AP5,0.00037286777867343593
RP11-100G15.12,0.0003728453156717067
DBH-AS1,0.0003723340791332552
CCNL2P1,0.0003723283621068448
RP11-789F5.1,0.00037175543583516714
SUMO2P14,0.00037160650052573915
LINC00504,0.00037134862886519323
RP11-169K17.4,0.0003708139163585805
ZNF727,0.0003707606317129167
RP11-258O13.1,0.0003703168175916937
IL1A,0.000370302367807338
AP001271.3,0.0003702514369331793
RP11-617B3.2,0.000369862346175036
DOCK9-AS1,0.0003698113355340571
RP11-257O5.2,0.0003691432992549123
RP11-214K3.21,0.0003690444132909184
RN7SL804P,0.0003688760892896272
PCDHAC1,0.0003676015114958709
UGT1A10,0.00036690917773127084
CTD-2146O16.1,0.000366740751613552
MIR6081,0.0003652194880557896
EIF2B5-AS1,0.0003648699141142733
RP11-395N3.2,0.0003646308283847211
SLC2A13P1,0.00036361922911863696
RP11-272L13.2,0.0003634542132213521
RP11-343C2.7,0.0003634075547119703
TMEM88B,0.0003633700578567134
RP11-63G10.3,0.00036295503102377696
MIR663B,0.0003628550204529624
MTCO1P49,0.00036273340461649836
RP11-122L9.1,0.0003621630475086295
RPS8P6,0.00036211085769986156
RP11-483K5.3,0.00036166210763885953
RP11-95I19.2,0.0003613817195566021
NEFHP1,0.0003612943883454132
RN7SL163P,0.00036123426178926235
RP11-886H22.1,0.00036115315027997555
RNU6-621P,0.0003610798886829932
RNU7-123P,0.00035973324871533055
RP11-521P1.1,0.00035942746967205884
HMGB3P9,0.0003589397656213907
CTD-3253I12.1,0.00035846990318456906
FRG2HP,0.00035794862234907345
AC018693.6,0.0003577955148907222
RP11-795J1.1,0.0003577455297152541
CTD-2566J3.1,0.000357392199774868
CTC-453G23.4,0.00035717175598965763
RNU6-651P,0.0003570522752871528
RNU4-48P,0.00035684004556202467
LINC00440,0.00035662352892777325
SERP2,0.0003566186125667976
ATP6V0CP3,0.00035632017300086095
ZNRF2P3,0.00035581643788675166
RP11-441F2.4,0.00035563043419813584
FRG2,0.000354859802261427
TRGJP1,0.000354294336546973
RP11-142L16.2,0.0003538425360058145
GOLGA8IP,0.00035369450368785585
FUNDC2P3,0.00035295202278404247
AZU1,0.0003527341429248441
AC008069.2,0.00035268313454387226
RP11-838N2.3,0.0003521930292748356
CTD-2001J20.1,0.0003520386221846949
RP11-466A19.3,0.0003516179864147715
CTB-88F18.2,0.0003515088767163355
RP11-58A17.3,0.00035123492283602994
AC002400.1,0.0003510783116386291
OR7E33P,0.00035096224535056687
LINC00678,0.000350250345382521
RP13-494C23.1,0.0003501811658345405
DCAF12L1,0.0003501118384578941
RP11-35J10.4,0.0003496998676484662
BCYRN1,0.00034945468138135744
MIR1302-8,0.00034912717686769667
SEC13P1,0.0003491046898191734
ERI3-IT1,0.0003489807676605934
KRT43P,0.00034894753840662327
HRNR,0.0003488526744019108
ITM2BP1,0.0003481912956423132
RP1-91J24.3,0.00034765381205354893
RNU6-1251P,0.0003475928992029141
SMIM24,0.000346474669433918
RP11-769N19.2,0.0003459684516298422
RP11-338K13.1,0.0003453379580915031
CTD-2293H3.1,0.00034521429357082313
OR10V2P,0.00034514298163003756
RP11-359M6.1,0.0003450296606199377
RP11-144O23.22,0.00034393496845999243
CCDC172,0.0003435097828202083
PHBP13,0.00034329098542804656
VWC2,0.00034277836594312424
RNU6-696P,0.0003423977562568558
DEFB135,0.0003423424503143607
AC007906.1,0.0003419798453702714
RP11-440L14.3,0.00034150781773085315
RP11-241F15.7,0.00034068444504819123
MIR4448,0.0003404393805811014
MIR3181,0.00033999352732551986
MIR7-2,0.00033869574093527393
RP11-375B1.2,0.0003384182491146884
OC90,0.00033838054689601946
AC092570.2,0.0003383479762402633
MME-AS1,0.00033833271698261217
RP11-80H18.4,0.00033764638753917375
Y_RNA,0.00033739447590615935
RP11-125A15.3,0.00033664691139164213
MIR412,0.0003363157868647023
FLYWCH1P1,0.0003362416440910072
RP11-101E3.5,0.000336052664107184
RP11-115D19.2,0.0003359060818820125
WSPAR,0.0003356287808722867
RP11-744N12.3,0.0003354980554344995
RPL36P19,0.00033526926645581105
CTC-499B15.1,0.00033510792320487286
CTD-2183H9.7,0.0003350313353655428
RP11-322A17.1,0.00033473570786231717
CYP2G2P,0.00033456785501728177
AP001469.5,0.00033395565806991235
MTCO1P12,0.00033386110390904957
RP11-1021O19.2,0.00033351015050627625
RP11-246A10.1,0.0003334842919871778
AP001601.2,0.0003333700792514591
RP11-595O22.1,0.0003333186050756222
RP11-555H7.2,0.0003317559502687598
IFNA13,0.0003316653381543591
RP11-700H6.2,0.0003307820271669011
Y_RNA,0.00033070600692627195
AL121656.5,0.00033034224743150445
PLXNA2,0.00033033391729545713
GFRAL,0.0003302800854901223
RP13-60M5.2,0.00032979593945225386
DUXA,0.000329692293517298
RNY1P10,0.00032953071013223565
CTC-461F20.1,0.0003294850537660036
MIR4417,0.00032943787522007694
DPYD-AS2,0.0003293265658766077
RP11-890B15.2,0.00032899658220269856
RPL17P17,0.00032861901638268323
RNU6-436P,0.00032742383698634387
MTDHP2,0.00032672159946801335
XXbac-BPG258E24.10,0.00032629386270661455
LINC00881,0.0003262357283351641
AC097467.2,0.0003259113064485962
ROS1,0.0003258489843485545
RN7SKP292,0.00032558615788829575
RNA5SP175,0.00032553905994306214
RP11-386M24.3,0.0003245828478019018
RNU6-1147P,0.000324416430832388
RP11-63N8.3,0.0003243186135192527
RP11-255M2.1,0.0003234296688888481
RP5-930J4.5,0.00032235450418324134
HNF1B,0.000322248483574907
RP11-40A13.2,0.00032215448474387715
RP11-68L18.2,0.00032101477952699634
RP11-68E19.1,0.00031985459273067157
RP11-316A16.1,0.00031896317391869717
GAPDHP16,0.00031842905669239433
AC010894.5,0.00031827462886446436
RNU6-234P,0.0003172702793065523
SLC35G3,0.00031712439585559744
KIF2B,0.00031542953358824156
RP11-650J17.1,0.0003152110965391302
PRKX-AS1,0.00031498752986385497
MARK3P1,0.00031477659332505457
AC064834.1,0.00031438984123648205
OGN,0.00031436423488982664
RPL21P54,0.00031416437868882023
RP11-789C17.5,0.00031366594755032897
RP11-569A11.2,0.00031291335914391925
RN7SKP214,0.0003121224120027667
RP11-57H14.3,0.0003115989041302499
RN7SL394P,0.0003109812129284655
GRIFIN,0.00031084371306325795
MIR4689,0.0003104287779509627
RP11-15B24.5,0.0003077291876613417
CTD-2647L4.1,0.0003074919179018356
SLC6A18,0.0003069557985393976
MTND2P31,0.0003064992450309632
RP11-108K14.8,0.00030629689350851084
PCSK1,0.0003061794569601622
RP11-643A5.2,0.0003057508357352986
U3,0.0003057272320565751
RP11-263C24.1,0.00030538379206374483
GAPDHP74,0.00030374723715149293
RP11-597D13.7,0.0003036763655476897
RP11-1069G10.1,0.0003028988001743818
RP11-506M13.3,0.0003022734131940267
AC024619.2,0.00030183736411083274
RP11-330A16.1,0.00030183515351640876
RNU6-336P,0.00030165836044692047
RP11-787D18.1,0.000301205905370689
RP3-468K18.7,0.00030107587344963704
AVP,0.00030098458589190554
FAM215B,0.00030094146646268076
LINC01589,0.00030078415768150626
PCSK6-AS1,0.00030061407323283136
RP11-241G9.3,0.00030027751773460627
CTD-2170G1.2,0.00030021582788224865
RP11-616M22.3,0.0003001078035431641
RP1-130L23.1,0.0002998860274634929
RP11-321N4.5,0.00029946971463461734
RP11-123O10.3,0.00029787114759631886
AC008063.3,0.00029766526478087877
RP11-395E19.2,0.0002961069985758259
TMEM78,0.0002959537456606913
Y_RNA,0.00029480445037042673
XXbac-B135H6.15,0.0002941509907750815
RP11-132N15.1,0.0002941179872627018
AC009480.3,0.0002939831431551911
KCNJ18,0.0002936288847927254
GAPDHP48,0.0002933891847884636
RP1-168P16.1,0.0002933816919488255
KRT83,0.0002928719523870399
RP11-349J5.2,0.0002926710672721323
NAP1L6,0.00029172107518703704
NOV,0.0002907699035567116
RN7SKP266,0.000290751111302357
AC009229.6,0.0002905183795980347
PSG2,0.0002894301838474705
RP11-541M12.3,0.0002894197557953849
RP1-29C18.10,0.0002886114895263373
PTH2,0.000288512379543713
KRTAP5-3,0.00028821416269493794
JRKL-AS1,0.00028790038437315473
RP1-73A14.2,0.0002875648112495106
RP3-509I19.6,0.00028748330427130926
RP5-850E9.3,0.00028698231193171036
MIR4757,0.00028652606355993255
BIRC6-AS1,0.0002863792787857612
RP11-867G2.5,0.00028529886007710596
RP11-54P19.1,0.0002841810172623032
AC109486.1,0.0002839252895366679
RN7SL181P,0.00028326524485560237
CACNA2D3-AS1,0.0002832087422994126
RNA5SP33,0.0002831630889873497
RP1-310O13.13,0.00028307825633164794
RP11-413B19.2,0.00028283394035749263
MIR550A1,0.0002826373877580803
SSU72P8,0.00028163030993545756
RNU4-86P,0.00028131405897695625
AC007036.4,0.0002810305005252045
RNU7-96P,0.0002809667429321701
RP11-231P20.5,0.0002808433467387941
DYNC1H1,0.0002805725809995932
RP11-955H22.3,0.00028053485739632525
RP11-342L8.2,0.00028000937614253445
AP000998.2,0.00027870507426425476
OR1R1P,0.0002781915023964846
RP11-669E14.4,0.0002781403013570322
RP11-17J14.2,0.00027779561937493465
RP11-429J17.4,0.00027770428166354555
MTND1P23,0.0002776473564687988
DUSP27,0.0002774750277436215
AF038458.3,0.00027672878273147454
MIR5089,0.0002764636912319052
CTD-2353N24.1,0.0002764524092428771
RNU6-534P,0.0002758170966216285
RP11-461F11.3,0.0002753442735232817
IGLVIV-65,0.00027531315574904307
RP1-232L24.3,0.0002751985501892859
MIR33A,0.00027506494945780816
AP002962.1,0.0002740556045450685
RP11-278I4.2,0.00027377827718946964
VN1R40P,0.00027364310448674777
RNU6-1245P,0.000273613990764002
RP11-242P2.1,0.0002736137887098476
PPBPP2,0.0002727297030718659
NTSR1,0.0002710496032313149
CPO,0.00027100634697864277
TAS2R12,0.00026984809571331634
RP11-568K15.2,0.00026969445281879197
RP11-526I2.1,0.0002695626214348831
RNY4P24,0.00026850428856334735
CRYGC,0.00026818028184311495
RP11-66C24.1,0.0002678776688526557
RP5-874C20.7,0.00026761930352492007
GOLGA2P4,0.00026723206341418266
TNP2,0.0002671685225753127
U82670.9,0.0002666041705963049
RNU6-501P,0.0002665664306857717
RP11-277J24.1,0.0002662577928386499
MIR4639,0.00026555227431039136
RP5-1051H14.2,0.00026545130257643726
RNU6-638P,0.00026501338349314797
RP11-592N21.2,0.0002642213791099694
RP11-173A16.1,0.0002638545401557007
RARRES2P4,0.0002628023212487792
RP4-687K1.2,0.000262060973366388
AC068491.2,0.0002620537461662955
ZNF728,0.0002609908341905516
RP11-736N17.9,0.00025990636318245174
RP11-495P10.9,0.0002598734281533276
AC006050.2,0.00025947011269133823
AL357140.1,0.00025945377109789564
RP11-570L14.1,0.00025875761662993665
RP11-535M15.1,0.00025823689776133626
RP5-1063M23.2,0.00025820385597564695
AC019330.1,0.00025796246731398306
RP4-592A1.4,0.0002578612666118057
RNY4P17,0.0002576167639052323
CTD-3074O7.2,0.00025756245448362134
GRXCR1,0.00025741516329297977
CSH2,0.00025694399378374896
RP11-22A3.1,0.0002564927987237805
RP11-66B24.1,0.00025551198192916833
MIR6124,0.000255273486686582
RP11-385M4.1,0.00025486086127285803
LINC01099,0.00025455278162792364
OPALIN,0.00025448724191837386
LINC01584,0.0002540118988025529
KCNV2,0.0002538000702569047
CTB-147C22.8,0.0002536985012031451
STRA8,0.00025319726999425344
RP11-498M15.1,0.0002512817267525366
TMEM38A,0.0002508852365450918
RNA5SP40,0.0002504145793344118
RP11-351O1.3,0.0002499173899929257
MIR8078,0.00024977566999197795
AC013402.3,0.0002476474439822309
AGKP1,0.0002473769277199164
RP11-612A1.1,0.00024673332707871867
RP11-386I14.2,0.00024618369727817137
RP11-826N14.4,0.00024582126843106147
C20orf85,0.0002450472102821568
RP11-433A10.3,0.00024453598236339895
ZNF885P,0.00024353573044780003
MIR4730,0.00024318817927793527
USP9YP14,0.00024155054572906533
C15orf59,0.00024151593813530415
JAZF1-AS1,0.00024077486783808007
SPATA19,0.00024049738067478396
SLC25A39P2,0.00024010901196334222
LINC00616,0.00023846984275755384
RP11-35O15.1,0.00023846077742890157
RP5-1121H13.3,0.0002378527766069658
SUSD5,0.00023763866239953158
RP11-707E21.1,0.00023756382460282563
AC018878.3,0.0002374045782769583
PCDHGA6,0.0002363135922635498
RP11-475O23.2,0.00023617910425151724
RP5-908M14.5,0.00023606043975789602
RP11-338I21.1,0.0002358251871880784
RN7SL35P,0.00023574122001028254
MAP2K4P1,0.0002355213318067218
OR7E155P,0.00023523163484014367
OR2U2P,0.000233989645586283
LA16c-306E5.3,0.0002338651208331113
CTD-2381F24.1,0.00023373291630371252
RP11-402G3.3,0.00023307279848324412
AC006946.17,0.0002324404437437541
RP11-344P13.6,0.0002323481964835267
FOXI3,0.0002321828514772243
URAD,0.00023213267679692356
ASPHD2,0.0002319700770320246
GPR87,0.00023102123557411128
BAIAP2-AS1,0.00023080758763080974
RNA5SP441,0.00023073923083817845
RP11-268P4.5,0.00023045248649480678
LINC00473,0.00023036867453126627
RBM22P1,0.00023021132869248978
SNAP47-AS1,0.00023020018886141185
MKNK1-AS1,0.00023007998640977814
RP11-357K6.1,0.00022987067516260824
GKN1,0.00022975402832629482
FAM50B,0.00022939278080129257
AC007463.2,0.00022916436533569365
RP11-373J21.1,0.00022884580235010428
RP6-24A23.3,0.0002287593550442451
TBC1D3P7,0.00022829281436151404
RP11-277K23.1,0.00022718484263487207
AC092159.1,0.0002269953869951418
AC096669.3,0.00022654463874718046
AC009299.4,0.0002264279730606297
MTCYBP43,0.00022608703146793295
CTA-276F8.2,0.00022501550825031427
RP11-302F12.10,0.0002249738841522664
ANHX,0.00022472216000486643
Y_RNA,0.00022343891025402302
RP11-847H18.3,0.0002229773888586848
RP11-689P11.2,0.00022218089565990244
RNU6-503P,0.00022205139738138758
CTA-929C8.6,0.0002219973908372239
RNU6-574P,0.00022170985218745775
MTND1P36,0.00022163226197892153
RNU1-146P,0.00022072230557848555
PCDHGB4,0.0002204502191051348
TPRG1LP1,0.00021981624637334578
PCAT7,0.00021971222060747562
RP11-114G11.3,0.0002187527827168896
OR1D4,0.00021736555980498068
AC008984.6,0.00021729088855112406
SNORD112,0.0002171943192711532
MTND4P5,0.00021659534605322883
RP13-157F18.2,0.0002159290815353195
EFNB3,0.00021433777685450473
RPS29P14,0.00021427871627264453
RN7SL634P,0.0002138366094243158
RP11-459F6.1,0.00021372518619968266
RP11-610P16.1,0.00021349099097965624
ABHD17AP8,0.00021337501522078207
Y_RNA,0.00021329494105296967
RNU6-790P,0.00021313494191123848
TRBV21-1,0.00021291049900070856
COX7A1,0.00021280188193169573
RNA5SP65,0.00021274374851198549
RP11-884K10.6,0.00021251204645925356
RNU4-87P,0.0002118038756710785
VN1R10P,0.0002110978491420035
MIR4479,0.00020950412922542724
MIR4428,0.00020935309501596386
RP11-97N19.3,0.00020872760883534227
RBP3,0.000208262323898284
RP11-202D18.2,0.0002080880489959172
OR2H2,0.0002073404221904871
MIR3131,0.00020683250054694965
RP11-113E21.3,0.00020592283263526267
RP11-219J21.1,0.0002058543824090588
CTA-109P11.1,0.0002057349489274203
RP11-44D5.2,0.00020564907795802447
MIR421,0.00020415920730977707
RP11-778D12.2,0.00020400036914428954
RN7SKP4,0.00020364482916897882
RN7SKP285,0.00020363686541458628
GPC5-AS1,0.00020346008468959164
RP11-144F15.1,0.0002030594931742988
MSGN1,0.00020298741071908817
RP11-182J1.14,0.00020266134905227827
CH17-262O2.2,0.00020260863130908558
AC008079.10,0.00020249950828908934
RP11-1084J3.3,0.00020244847378714933
RP11-511H23.1,0.00020237736092306818
AC009134.1,0.0002006261941900796
RNU6-12P,0.00020050267404312435
MKX-AS1,0.00020016126473508823
RP11-47P18.1,0.00019991462750397398
APOC4,0.00019969829169094017
RP11-248B24.1,0.00019933689368623102
RP11-20I20.2,0.00019870687937640824
RP11-398J5.1,0.0001981555024179749
MIR4642,0.00019720010217332869
RP11-831F12.2,0.00019709217689567308
RP11-525G12.1,0.00019588478551622052
RP6-24A23.6,0.00019559476356861098
RP11-666F17.2,0.00019451086467293376
OTOGL,0.0001944246645304799
RNU6-577P,0.0001940636174748291
CYP4F23P,0.00019386015106829637
RP11-361H10.5,0.00019338748961252825
SPANXB1,0.00019315363303182913
SDR9C7,0.00019223995871576723
RNF219-AS1,0.00019107539452116966
RP11-321E8.8,0.00019095707490332642
RP13-895J2.9,0.0001909535821341689
RP5-856G1.1,0.00019091409577687548
RN7SL575P,0.00019064010010681263
RP11-709A23.1,0.00018980415140485162
KRTAP9-12P,0.00018923652558944508
bP-2171C21.3,0.00018833302850454164
AC006262.5,0.00018772911072840204
LINC00885,0.00018720403496598524
MIR212,0.00018720095873778713
CEACAMP2,0.00018717296468324463
AC144833.1,0.000187118635523745
AC007740.1,0.0001865003915125042
ARHGAP36,0.00018634291802807236
RP11-661C8.2,0.00018632890649956019
KIAA1024L,0.0001859751018994952
RP11-386M24.9,0.00018563380774088765
RP11-10O22.1,0.00018520023838651024
MIR1271,0.0001850167727425422
AC027119.1,0.0001849771641749198
RP3-388M5.8,0.00018420003855207305
RP11-136K14.1,0.00018409863759287213
RBM22P7,0.00018404927102595584
RP11-113D6.6,0.00018384012030855156
EVPLL,0.0001837964243464387
AC084121.17,0.0001836350797267787
RP11-5N11.3,0.0001829520878848974
PPP1R37,0.00018291169454122392
MIR181B1,0.00018166867433278336
OR8T1P,0.0001812428068187948
RP11-253I19.3,0.00018121558785338617
RP11-95P13.2,0.0001812137659831682
LRRC37A13P,0.00018112441859995652
DLX3,0.00018098773286906548
RASL11B,0.0001808097168295298
RP11-781M16.1,0.00018026066448705613
RP11-748H22.1,0.00017953696542297867
RNU6-770P,0.00017929520389690164
SLC30A10,0.0001787209274352498
RP11-85O21.5,0.00017855226798676647
RP11-717A5.1,0.00017832734411169486
RP11-365F18.3,0.00017831127396241906
RP11-12A16.3,0.0001781890662726354
RNU6ATAC11P,0.0001779618606644869
RP11-332J15.3,0.00017794110219470258
CYCSP40,0.0001778902460453741
MIR657,0.00017767763087569226
RP11-388K12.3,0.00017759836157131003
Metazoa_SRP,0.00017685398107849306
FTLP6,0.0001758701846288549
RP11-415I12.2,0.0001753630811384407
RP11-529A4.12,0.00017514775294759605
DBET,0.0001751418757374097
C5orf30,0.00017509850984478818
PRB4,0.00017439703022707444
RP11-314C9.1,0.00017434296116515752
RNU4-6P,0.00017413535196957467
MTCYBP32,0.0001736547945933511
RP11-295P9.3,0.00017349761058891008
RNU7-59P,0.00017303628296113624
MTCYBP28,0.0001727331785043791
AP006285.2,0.0001726809010306028
DLGAP1-AS3,0.0001722970791012737
RP11-815J4.6,0.00017206166307507701
snoZ6,0.0001716157267758792
RP11-925D8.3,0.00017119366741819692
GPHA2,0.00017093776094276704
RP11-22N12.2,0.00017081793767125835
CTD-2278I10.1,0.0001707253597962592
RP5-1184F4.7,0.00016962807469087237
RP11-99H20.1,0.00016846174172424543
AC004066.3,0.00016769048315541776
RP11-696F12.1,0.00016721462950697544
MSRB1P1,0.0001671382492328605
RP11-24I21.1,0.00016634644484220452
RP11-696F10.1,0.0001661141394348956
RP11-115H15.2,0.00016586587181611614
RP11-143H17.1,0.00016484198262777203
RNU1-33P,0.00016374282641587465
CTB-51E13.1,0.00016313883832857858
KRT8P19,0.00016191833036970017
CTD-2532K18.1,0.00016173435576285507
CTA-313A17.5,0.0001608175900620059
ENDOU,0.0001599766345851384
RP11-539L10.2,0.00015966449742037776
GGT4P,0.00015948002029322832
C10orf71-AS1,0.00015881568375326769
RP11-862L9.2,0.00015852222730615385
RP11-429A20.4,0.00015784598337172527
CPEB1-AS1,0.0001575024099602359
HS3ST5,0.0001573580408960326
RNU6ATAC25P,0.00015720863594934022
RN7SKP271,0.00015671510256895816
RP11-510J16.5,0.00015658410075475266
CTC-254B4.1,0.00015636107518587236
AP000889.2,0.0001562012714752611
RP11-114G11.5,0.00015508498427066025
U82671.8,0.00015428126457794151
RP11-1085N6.2,0.00015387796289692665
AC026167.1,0.00015348169970212506
AC114755.4,0.00015285892629448018
CTD-2380F24.1,0.0001522839399991298
AC011243.1,0.00015090906812192205
PDCD6IPP2,0.00015088892012234443
CYP2C19,0.00015084346076780938
NGF,0.00015077086275709002
SNORA76,0.0001506610081296758
FAM197Y9,0.00015005183136277122
RP11-214K3.23,0.00014997066961073337
CTA-392C11.1,0.00014995317227846876
LL22NC03-2H8.5,0.0001491047695766026
Y_RNA,0.0001490384667406903
RN7SL668P,0.00014874559310055853
RP11-659F24.1,0.00014801131476302335
RP11-272D12.1,0.00014779548928454576
RP11-401G5.1,0.0001474322097958866
LIPK,0.0001471416887291844
RP11-1277A3.2,0.0001468088896735999
YRDCP2,0.00014680737166726862
AC017006.3,0.00014624251403650332
RN7SL384P,0.00014592949459210392
RP11-797E24.3,0.00014482731066694238
MIR6776,0.00014362077999269683
CTD-2104P17.2,0.00014294004330174284
NTM-AS1,0.00014243480735046584
RP11-478P10.1,0.00014194690679423437
RP11-725D20.1,0.00014187131268951513
AC010492.4,0.00014182031754475483
RNU6-1331P,0.00014091721277556657
HIGD1AP13,0.0001399211168907854
Y_RNA,0.00013976800903523718
RP11-65B7.2,0.00013732009648233286
RP11-415D17.4,0.0001372696516649563
QRFPR,0.00013671554392791335
BCRP9,0.00013665601301454392
RP11-769N22.1,0.00013597143437985444
RP11-231N9.1,0.0001345729529493323
RNU6-1285P,0.0001339131240887004
MIR1305,0.0001337239833630794
RP11-501J20.5,0.00013344305024158408
RP11-109P14.8,0.00013246470493967542
FAM183DP,0.00013224822995881475
RP13-467H17.1,0.00013211614233286042
ENPP7P7,0.00013193378460605044
LGALS8-AS1,0.00013192178758870642
CTD-2224J9.8,0.00013118255096749773
RP5-963E22.5,0.0001310897055093917
COX6CP4,0.000130858824644527
RP11-165H23.1,0.0001304922630036807
FAM196B,0.00013028485092527183
RP11-67H2.1,0.00013027446096325449
MTCYBP29,0.00013006505020494305
KRT8P10,0.00012973676437123304
MIR3939,0.00012948279750014084
RP5-1047A19.4,0.00012901240666776973
TRIM43B,0.00012891787338114704
CTD-2026J24.1,0.00012791632883867818
MIR6774,0.0001276434768608862
RP5-930J4.2,0.0001273891314828232
LINC00703,0.00012711342282198764
RP11-780M14.1,0.00012644568581399217
OR7E1P,0.00012634353326704728
RPL17P19,0.00012543481089707088
Y_RNA,0.00012532233641559588
AC003988.1,0.00012502779129003712
TRIM10,0.00012430598840147626
PAQR9,0.00012429942176482304
MTND5P14,0.00012417514523451
CTD-2129N1.1,0.00012404245918372296
RP11-173E2.2,0.0001238718337204963
RP11-526K17.2,0.0001233326194962498
LINC01554,0.00012269039377667937
RP11-923I11.8,0.00012250793610951886
CYP4F34P,0.00012245848587036243
RP11-156K13.2,0.00012242938096510721
MICAL3,0.00012232508721673972
SMIM22,0.00012217841515222173
SLC22A14,0.000122140276042689
OR10A2,0.00012114586931947442
LRRN4,0.00012103724921816081
ARHGAP42P2,0.00011999493477714869
PAPOLB,0.00011907529758633732
RP1-53O8.2,0.00011860236460750775
AC087491.2,0.0001173155331688573
AP000223.42,0.00011695145943698122
MIR4525,0.00011641398454628789
AC007743.1,0.00011618855315296135
AC002429.4,0.00011604427163405523
LINC01218,0.00011596491066711367
RSU1P3,0.00011565618329910233
RN7SL789P,0.00011547563355740745
GPHB5,0.00011546523409578843
KRT18P20,0.00011542599177647636
RP11-822E23.4,0.00011462941364298056
RP11-766N7.4,0.0001139188046421063
RP11-702F3.1,0.00011377696796198763
RP11-354K4.2,0.00011359115725525877
RP11-3B12.3,0.0001133916120807558
RCC2P8,0.00011331487364343892
SPOCK3,0.00011322283748993566
RP11-521M14.1,0.00011211394660172562
SNORD113,0.00011170051469385526
CTD-2621I17.8,0.0001110129789641366
AC016757.3,0.0001107161571214954
SPRR2D,0.00011066887190062827
AC115522.3,0.0001105325683647617
SCGB1C2,0.00011050102505403466
RP11-326A13.2,0.00011046272510081804
SCARNA21,0.0001091095237594091
RN7SL806P,0.00010839168317043902
RP11-822E23.3,0.00010814052146692794
KCNG2,0.00010812817836724668
CTC-463A16.1,0.0001079959520606991
C2orf82,0.00010792381801996598
FFAR1,0.0001079190239720719
RP11-867G2.6,0.00010781663293599861
AC005392.13,0.00010769312967619226
RP11-236P24.3,0.00010712952553807818
RP11-274B18.4,0.00010654887486448069
Y_RNA,0.0001065479083068557
RP11-631M6.3,0.00010609925472513511
MIR339,0.00010605827303062219
RP11-565N2.2,0.00010602514367430665
PINK1,0.00010536972050189349
LINC01335,0.00010396575904510246
C2CD4D,0.00010386516420771102
RP11-264J4.10,0.00010365563425752031
RP11-136K14.2,0.00010338531141282925
NIP7P3,0.0001031450680152926
RP11-1029J19.2,0.00010247940195516256
RAB28P1,0.00010198784734262274
KB-1460A1.2,0.0001016136445507874
IGHV3OR16-9,0.00010130651722399825
MIR877,0.00010123499985357788
KCNA5,0.00010122613726833636
AC090587.5,0.00010064793602337864
NXF2B,0.0001001285565010861
RP11-529J17.3,9.991213262609227e-05
BAATP1,9.95207398298844e-05
RNU6-415P,9.928666394843245e-05
RP11-24J19.1,9.921720846557634e-05
RP11-138B9.1,9.8456709617968e-05
RP11-799B12.4,9.819780747053707e-05
RP11-136F16.1,9.70166653990504e-05
RP11-849N15.5,9.676239335189997e-05
RP3-523K23.2,9.669143108320589e-05
RP11-255M2.2,9.667984313852529e-05
RP11-280K24.4,9.638466664062315e-05
AMD1P4,9.542723179506217e-05
AC066692.3,9.453474495929584e-05
OR1D3P,9.408895448301133e-05
RP11-521C20.1,9.371671598919885e-05
RP1-81D8.3,9.299379309274153e-05
RP13-16H11.5,9.237916452418694e-05
NKAPL,9.159220614887763e-05
LINC00911,9.150112775537277e-05
BNIP3P19,9.107345849927221e-05
RP11-716H6.2,9.014025426732489e-05
RN7SL211P,9.000991632296671e-05
PRG3,8.97168071469686e-05
RP13-436F16.1,8.888533076457564e-05
RNU6-1061P,8.864102220954579e-05
RP11-956A19.1,8.752974885724909e-05
RP5-1066H13.4,8.746399266440335e-05
RP11-428L21.1,8.736194568753918e-05
RP11-688I9.4,8.728741844724831e-05
Metazoa_SRP,8.71786357694263e-05
DCLRE1CP1,8.715631214655465e-05
LETM1P2,8.699401292728419e-05
AC004009.2,8.65547661291113e-05
AC124997.1,8.632821274033848e-05
RP11-945A11.1,8.619793822208957e-05
AC073218.1,8.603345620552065e-05
RP11-881M11.1,8.543278098393447e-05
SP7,8.526103346998229e-05
RP11-218F4.1,8.390022049533634e-05
Metazoa_SRP,8.38489878721197e-05
SAMMSON,8.375869549218516e-05
RP5-1069C8.3,8.299378106496322e-05
AC078882.1,8.271535174495814e-05
CD177,8.264957301645061e-05
MEG8,8.17325177578508e-05
RP11-182L7.1,8.158635654682547e-05
LMLN-AS1,8.1501280422133e-05
KRT18P32,8.148538831499562e-05
SNORD13P1,7.919487534944001e-05
GLRA1,7.886347675186748e-05
NPY4R,7.78477493373039e-05
CNN2P2,7.670856180023305e-05
RN7SL338P,7.638021370762997e-05
RP11-626G3.1,7.632482325340892e-05
Y_RNA,7.576329805424055e-05
RP11-8P13.5,7.505047474588653e-05
RP11-402N8.1,7.504114946107542e-05
LINC00846,7.499225831568017e-05
Y_RNA,7.476536210560884e-05
RP11-355F22.1,7.43551373462914e-05
IFNWP2,7.389077997584956e-05
RP11-265N7.1,7.36619938986142e-05
RP11-416N4.1,7.334207714476286e-05
KRT84,7.323841228790571e-05
RP11-457D2.3,7.255739152982479e-05
BEND7P1,7.188563091373436e-05
OR6M1,7.175896541784391e-05
LINC01398,7.137698094088016e-05
TCERG1L-AS1,7.135750105188413e-05
RP11-467L19.16,7.084267419926748e-05
ABCB10P3,7.057409729749078e-05
BHLHE23,7.045193660359342e-05
LINC01428,6.859048678452796e-05
RNU6-15P,6.85027949035419e-05
IFNW1,6.843552937969063e-05
KRTAP10-6,6.756313937848895e-05
CRLF1,6.698564473965227e-05
RP4-806M20.5,6.697504720539942e-05
RP11-478K15.7,6.607219012161759e-05
RNU6-934P,6.590884066745587e-05
RP11-348J12.5,6.499447404565209e-05
SNORD8,6.498809537869291e-05
RP1-135L22.1,6.424985866235351e-05
TMEM5-AS1,6.363225053688618e-05
RP11-2H3.6,6.326293907766981e-05
RP11-217E22.5,6.324550108681196e-05
OR2A13P,6.285820524512028e-05
FAM83B,6.193752986531651e-05
RN7SL288P,6.174708717389267e-05
RP3-406A7.7,6.166198027450793e-05
MTCO2P16,6.152209822812631e-05
RP11-618M23.5,6.146063140321869e-05
DIRC3-AS1,6.14460104340212e-05
RP11-255E6.5,6.129117502501474e-05
CTB-105L4.2,6.125023983132135e-05
RP11-229P13.27,6.123096409838853e-05
MIR4480,6.109441932073262e-05
SNTN,6.0864865506793424e-05
NDST4,6.0755392432191124e-05
RP11-95J11.1,6.072446388736012e-05
CHP2,6.051872321753662e-05
RP11-140I16.3,6.0303022769562096e-05
CTC-436K13.1,5.9116974644706455e-05
RP11-706C16.7,5.896450444006673e-05
FAM95C,5.884832033963741e-05
KRT18P68,5.8847508742529604e-05
MIR576,5.865761712403794e-05
IBA57-AS1,5.8523819194561295e-05
RNA5SP390,5.7927954267180334e-05
BX322557.10,5.777348676048452e-05
RP11-45M22.3,5.7623521139784545e-05
AC007557.5,5.6958170889487354e-05
RP5-1023B21.1,5.676812780489108e-05
RP11-378A13.1,5.668266973528707e-05
Metazoa_SRP,5.648587309061882e-05
CTD-3018O17.6,5.5978329232922105e-05
LINC00320,5.585839656600425e-05
RP11-9N20.3,5.43214962002418e-05
LINC01050,5.4298546472726074e-05
ELDR,5.3568712344490374e-05
PLA1A,5.2913619912187135e-05
MTNR1B,5.083324557279856e-05
RP11-690I21.2,5.067350973431321e-05
MIR7158,5.025921778458214e-05
RP11-475E11.2,5.006789822019845e-05
RP11-357N13.6,4.945856270131418e-05
RP11-816B4.1,4.888075172446035e-05
LINC01165,4.64582667986624e-05
AC006041.1,4.642704931905342e-05
TRIM60P17,4.628378030385573e-05
RP11-128N14.5,4.613085117958531e-05
TRAJ24,4.572157848414474e-05
RP11-1223D19.1,4.373770402474628e-05
LINC01201,4.348352387757864e-05
RP11-392E22.11,4.2704578578126825e-05
RP11-231C14.5,4.251184850661265e-05
CNTFR-AS1,4.1629213881003e-05
NANOGP5,4.1400456083887084e-05
RN7SL517P,4.121357847941929e-05
RP11-109A6.3,4.117740169231543e-05
ADD3-AS1,4.07551138069154e-05
RP11-467I17.1,4.0143656212680296e-05
DEFB125,3.9972770487928446e-05
RP11-1018N14.2,3.9754485917501446e-05
RP11-92B11.3,3.964818700785267e-05
CTXN1,3.8707636686948064e-05
AP005901.1,3.869295692569263e-05
OR7E47P,3.861203761331513e-05
RP11-177F11.1,3.8362523555358535e-05
AC002472.11,3.81065023926956e-05
RP11-3M1.3,3.7770995506542454e-05
ACKR1,3.7695982461047376e-05
EEF1E1-BLOC1S5,3.692358054570164e-05
SHANK2-AS2,3.677306713629878e-05
RP11-354P17.15,3.637690271250788e-05
Y_RNA,3.5530160350177994e-05
AC093590.1,3.525929567759257e-05
RP11-520D19.1,3.49879413999804e-05
RP11-1145L24.1,3.493967996900408e-05
RP11-116N8.2,3.4174129878320055e-05
RP11-404P21.6,3.412740932353322e-05
RN7SL845P,3.3745226598592174e-05
ARF4P4,3.372191922115474e-05
CYP17A1-AS1,3.3558068370326876e-05
RN7SL303P,3.2865254283066064e-05
NDN,3.280388661236268e-05
RN7SL680P,3.276299543085937e-05
uc_338,3.1116646080100543e-05
U62631.5,3.030132401141888e-05
AC016999.2,2.985226531050489e-05
Y_RNA,2.9679497761336416e-05
DIO2-AS1,2.7811122627056626e-05
ALOX12P1,2.7461102362756052e-05
SLC25A31,2.7391326572662924e-05
LINC00602,2.7202313542400662e-05
LINC01234,2.7159234749831494e-05
TOPAZ1,2.6780627105631493e-05
RP11-12L8.2,2.628306122357717e-05
GALNT8,2.6257105201573523e-05
ASNSP6,2.622897838385686e-05
AF246928.1,2.568242799407538e-05
AC096921.2,2.5591702739026932e-05
LUZP4,2.4896515369795478e-05
SI,2.41304109116266e-05
RP11-218M22.2,2.3842307677485465e-05
RP11-386G11.5,2.383503876034521e-05
AC003973.3,2.3756063591572137e-05
MSC,2.3564714521495963e-05
YWHAZP6,2.3547840465096387e-05
RP11-417O18.1,2.343189474081171e-05
RP11-573G6.4,2.3387156651964568e-05
C8orf17,2.2762772582158686e-05
RP11-325K19.1,2.2492643340536735e-05
Metazoa_SRP,2.198385302541095e-05
RP11-812D23.1,2.1664614664040645e-05
MIR1251,2.164775472820009e-05
RNY1P2,2.09800885634798e-05
KRT8P20,2.0898934693465085e-05
RAB9B,2.0348808359270525e-05
RP11-433C9.2,1.947354787955128e-05
WWC3-AS1,1.9127704240498814e-05
MIR194-1,1.891997828476313e-05
RP3-368B9.2,1.8872979123336782e-05
RP11-424E7.3,1.8388619819105872e-05
OR10H5,1.8011915726624897e-05
AC093159.1,1.739698638055646e-05
XXbac-BPG116M5.17,1.652710322267271e-05
SNORD37,1.6324335695884615e-05
AC011298.2,1.6181198005025143e-05
CH17-333M13.1,1.5498985160382488e-05
AC011995.3,1.5356204153143345e-05
TCEAL4P1,1.379821313396125e-05
RP4-680D5.8,1.351343800848401e-05
CTC-465D4.1,1.318359544658506e-05
RNU6-786P,1.2463545864793224e-05
AL109761.5,1.1657863588167454e-05
CTD-2015C24.1,1.1544393864673194e-05
OR2H5P,1.1486761022691631e-05
HIGD1AP5,1.1420200970541525e-05
RP11-294O2.1,1.1312010622500757e-05
RP11-1058N17.1,9.638375824553363e-06
MIR569,9.59019588304206e-06
DPPA3P3,8.83460708040183e-06
RP11-58H15.3,7.963803876230305e-06
MIR8064,7.658979126630255e-06
AC007349.7,7.641327402673376e-06
AC123023.1,7.0160719496238536e-06
CTA-407F11.7,6.6652418741732346e-06
CH17-360D5.3,6.5741799077952815e-06
RP11-10J21.5,6.232076400367259e-06
NUS1P2,6.175332294872912e-06
RN7SL370P,5.2946069420535995e-06
RP11-458I4.2,4.983765554061006e-06
AC012363.4,4.9430409503974385e-06
RP11-269G24.6,4.403059067322218e-06
HIST1H1PS2,3.6527620828720754e-06
RP11-16L14.2,3.4027917621229526e-06
RP11-58K22.1,3.308978569097915e-06
RNA5SP317,2.9966407894536377e-06
RP3-365O12.2,2.7057290245848903e-06
RP5-998G20.1,2.4093786353721595e-06
RP11-59E19.4,2.358782546851869e-06
RP3-455H14.1,1.927208964242055e-06
AC067945.2,1.888709382954514e-06
RP11-200K12.3,1.7233788764587369e-06
DEFB1,1.626932494743499e-06
RP11-495P10.4,1.4664101959644466e-06
NPY6R,7.480374613963322e-07
LINC01203,1.2721954617682103e-07
